   0.0000000000000000e+00	   6.3243144100917836e-01	   3.4305123075458710e-01	   2.4865569053714309e-01	   2.7396147274911908e-01	   3.4748487114783244e-01	   4.1892967051450314e-01	   2.8995088970210919e-01	   2.9421835134066915e-01	   4.3789167413651697e-01	   3.3213518656747609e-01	   4.2831731234357473e-01	   2.3814656312429705e-01	   8.8388130146705240e-02	   9.9851622853298183e-02	   2.7727860286133377e-01	   6.0466435206700853e-01	   5.0926783954625521e-01	   5.1786944065893270e-01	   5.8747852075480500e-01	   2.5985363022399388e-01	  -1.1178277685708859e-01	   1.6834292320154115e-01	   1.1734063239455250e-01	   2.1833649299601432e-01	   4.0194934581165553e-01	   3.5524189049030630e-01	   2.3328363244912304e-01	  -8.9454577930616133e-02	  -1.3540616304653114e-01	   4.0252386559596211e-02	   1.8157901717106609e-01	   2.0247745300033815e-01	   2.3192634424410502e-01	   2.7524469669725349e-01	   9.9128732394857103e-02	   2.3796018019737594e-01	  -2.0381467277700429e-02	   2.4116208175724241e-01	   3.3041548912433893e-01	  -2.2273086997180308e-01	  -7.9491003438935795e-02	   1.7454571636278396e-01	   1.7895643619370405e-02	   2.8219737934180900e-01	   1.8913107225227671e-01	  -7.0481617654555521e-03	  -4.0865780195745417e-02	   1.2597830499922377e-01	  -5.0869483695120347e-03	   3.4271274375305666e-01	   1.7401699884195743e-01	   3.6626830527908366e-01	   3.5213116839096142e-01	   3.1135779464155366e-01	   3.1612318693943942e-01	   5.9329284578093300e-01	   5.1807167000266696e-01	   3.4192932346269178e-01	   2.3212581395066428e-01	   5.6567034082140399e-01	   4.2042564213038369e-01	   1.5279517900586564e-01	   1.0103697327213230e-01	   5.5226388574492380e-01	   5.2971893008165249e-01	   4.0574761546589116e-01	   2.9006460598019906e-01	   5.6187391634479722e-01	   4.5969592943094095e-01	   2.3083571629449406e-01	   3.1405575619275033e-01	  -1.7176978503211715e-01	  -1.0791610520295272e-01	  -2.5134928632238218e-01	   1.1433702511969561e-02	   6.4563727355798642e-02	   5.4057901573541317e-02	   3.7808681780380904e-01	   5.1459980500893843e-01	   5.0002728940165064e-01	   4.6021812838348564e-01	   5.4232478216379797e-02	   4.7234044558526278e-01	   4.6800478233925885e-01	   2.5067037133742026e-01	  -9.1786591371736722e-03	  -1.8760125317639553e-01	   4.2104408515027392e-01	   4.2736263620763770e-01	
   6.3243144100917836e-01	   0.0000000000000000e+00	   8.8626638111105591e-02	  -5.9227090458973619e-02	   3.5206773644860206e-01	   5.0668032268869921e-02	   1.0749363896213757e-01	  -1.0461398589632087e-01	   3.4130490431448074e-01	   6.9461567115443018e-02	   2.2383359421005805e-01	   2.9637275037722938e-01	   1.0014054595604509e-01	   3.1013500625354795e-02	   3.7894342972005302e-01	   1.9939251662135926e-01	   3.3557885711906854e-01	   3.5528502507836524e-01	   3.6071380801163289e-01	   4.1934738634250351e-01	   9.5898689909745635e-02	  -2.4036861893669815e-02	  -1.4106581681256872e-02	  -2.7040452786873569e-02	   5.1377404131458110e-02	   1.3893135962028078e-01	   3.5946319928344350e-01	   3.0662214121622250e-01	   4.2843161191144702e-02	  -4.2353764182680990e-02	  -1.6730467377171248e-02	   8.9919689009187204e-02	   6.5820511425787792e-02	   1.0184098503509970e-01	   4.5740901246077180e-02	  -7.0209130839510867e-03	   1.6899723708427547e-01	   7.1075828220325835e-02	   9.0842888610711658e-02	   2.8557969022852164e-01	  -1.5916718094839560e-01	  -7.7771012015968394e-02	  -1.4720181637045190e-01	  -2.2243646690796234e-01	   1.2659540166049327e-01	   3.9738216813207147e-02	  -1.1492249662584253e-01	  -1.7175125877658065e-01	  -6.1064125693952406e-02	  -1.3365624913913815e-01	  -6.2041834625151421e-02	  -1.2196188863767296e-01	   6.5618194028582461e-02	  -3.2234961421756803e-02	   7.3831546357222583e-02	   1.5941737175411763e-01	   6.2885508998894613e-01	   8.5636114128904861e-01	   3.5514322344203725e-01	   1.2904358570221927e-01	   3.9506905035835149e-01	   2.7545505088801248e-01	   2.4396054014239166e-01	   2.1243640492311106e-01	   2.9261189260836784e-01	   2.3841395143613520e-01	   2.5007575159801632e-01	  -7.7316115532901318e-03	   5.8684842106324120e-01	   3.5374617238653583e-01	  -3.7562763178421971e-02	   2.6805600465834922e-01	  -4.8917010621291487e-02	  -2.2431030736100522e-02	  -2.6340955613293687e-01	  -2.8223529818769605e-01	  -1.3032745700005799e-01	  -1.6750907687248429e-01	   1.8024883484812040e-01	   2.4607044512910831e-01	   2.6028386421543082e-01	   2.1148111236562203e-01	   2.7245807631329599e-01	   2.5637896392872567e-01	   3.7729384317448778e-01	   9.1558692832419158e-02	  -8.4549079819465651e-03	   5.8869527678052286e-02	   3.3070190409698352e-01	   4.9572590669015731e-02	
   3.4305123075458710e-01	   8.8626638111105591e-02	   0.0000000000000000e+00	   7.7473219960705397e-01	   2.2961468867185086e-01	   5.0187799285526269e-01	   7.9976440291996154e-01	   6.2458762115195787e-01	   2.8562400531916615e-01	   3.7932703955396246e-01	   2.0782601208901008e-01	   3.2181682676144002e-01	   3.4983988555820855e-01	   5.5802651492366961e-01	   1.5332150293013577e-01	   4.1226432641065347e-01	   5.5746129791531707e-02	   2.4908865327990409e-01	   5.9165202848163601e-01	   5.6162527259995476e-01	   7.2885357200385914e-02	   1.1191797043185261e-01	   8.9303363008602377e-01	   7.9503139785596044e-01	   5.7470031794537602e-01	   5.4159636961747470e-01	   1.2086947067992149e-01	  -2.8863793028276373e-02	  -5.3286333363076255e-02	   2.0586389771617042e-01	   3.5843672292013162e-01	   4.1646009327327493e-01	   6.2924881317047776e-01	   5.3052715600067168e-01	   6.8337899779546640e-01	   6.0997663227500842e-01	   3.7708205144449676e-02	  -3.1578900926747444e-01	   3.9698151690998718e-01	   3.7019734417365807e-01	   2.1071834860602398e-01	  -2.2657125510488384e-02	   6.2767664022061465e-01	   3.2438947859660372e-01	   1.0725523177127287e-01	   6.7426689407236451e-02	   4.7068101947353647e-01	   4.2381969380280260e-01	   4.0681369554199381e-01	   2.0851481239610292e-01	   5.6149959504348668e-01	   5.4301913421632775e-01	   6.6482795178516396e-01	   7.0804996248813401e-01	   5.6474081746764271e-01	   3.6064725424067146e-01	  -1.0681155881490496e-01	   2.9942812397469615e-02	  -3.0718757294266083e-02	  -8.7522945535013913e-02	   2.3770644840616867e-01	   1.4123082654037412e-03	   1.0385774021394550e-01	   7.2083853973649262e-02	   3.4618793351734223e-01	   3.8271923670529068e-01	   5.2600881709782965e-01	   5.5537933938460049e-01	   1.7460889628644610e-01	   4.5659362776948259e-01	   1.8737469365564469e-01	   3.1865932236613581e-01	   9.0756524768498922e-02	   2.3565528399691235e-01	   1.7465845276754211e-01	   2.8078816417648089e-01	   4.8871964480427504e-01	   5.2220381075718292e-01	  -5.6866305871197731e-02	   2.2082334829417051e-02	   2.8511124693644363e-01	   3.5336255126015792e-01	   2.2950560012019633e-01	   3.1874684221783833e-01	   4.9739379009430423e-01	   5.5489670796935298e-01	   1.7685382264454558e-01	   5.0129348213682610e-02	   5.4692352113341547e-01	   6.5023518174827433e-01	
   2.4865569053714309e-01	  -5.9227090458973619e-02	   7.7473219960705397e-01	   0.0000000000000000e+00	   2.0814569190260837e-01	   6.3832828198686264e-01	   7.1173200300415562e-01	   8.6706645663150383e-01	   1.9206605962624251e-01	   3.8131525829302715e-01	   3.6487460478154055e-01	   2.6044500935931514e-01	   3.0269535529108826e-01	   5.9818069826498443e-01	   2.1503410763285458e-01	   5.1425669039275124e-01	   6.0214447239310687e-02	   3.1321675576051439e-01	   5.8678558616258236e-01	   6.2663222240609406e-01	   2.6051427063813259e-01	   3.0376248386184312e-01	   8.6438109108180583e-01	   8.6716371060814901e-01	   3.6254707983074858e-01	   6.2027196109963123e-01	  -3.3894796179177872e-02	  -1.3628281848087803e-01	   9.8342471652638361e-02	   3.1978872276611492e-01	   4.8347037873398313e-01	   6.2422656568401447e-01	   6.9467143387540531e-01	   7.2466040027482259e-01	   4.8223133277156455e-01	   5.2592178434951997e-01	  -1.9045138070965803e-01	  -1.3486437985484637e-01	   1.5286093469681433e-01	   2.9273367779055037e-01	   8.2393246760787492e-02	   2.1540637790796648e-02	   6.6199046022102048e-01	   3.2590930580219823e-01	   1.6598958911878442e-01	   1.4064961573688609e-01	   5.4359555671478232e-01	   4.4313522318967991e-01	   3.2778770536779694e-01	   1.0274377121898581e-01	   4.5269457986028799e-01	   4.3268455638204550e-01	   5.6449023723646696e-01	   6.2660621351159917e-01	   4.8897682390175717e-01	   1.6399326224367475e-01	  -1.8700089753397078e-01	  -8.3399506350895963e-02	  -2.0739351117021401e-01	   4.5060886009651163e-02	   6.1763298847237309e-02	   2.3491709718479711e-01	   1.3828659614348793e-01	   3.5617219654808435e-01	   1.5607864321457648e-01	   4.2490654632347413e-01	   4.8010537353284832e-01	   7.3114458795482928e-01	   1.0265914673217760e-01	   4.9022027379423716e-01	   5.3258207229885168e-01	   4.3743519540069958e-01	   1.1090297652369947e-01	   4.5425626840808070e-01	   3.0182925231551322e-01	   3.4048363313870444e-01	   5.3429337526315268e-01	   5.7901835119542366e-01	   5.8278129326070592e-02	   3.4104190056198962e-02	   4.2426900036598625e-01	   3.8264826327700358e-01	   3.3423486217564113e-01	   3.2759040861176753e-01	   3.5618999357140502e-01	   4.3503932486942909e-01	   1.7510868472858607e-01	  -5.6249098856393419e-02	   4.4605876865882799e-01	   6.4276702304343358e-01	
   2.7396147274911908e-01	   3.5206773644860206e-01	   2.2961468867185086e-01	   2.0814569190260837e-01	   0.0000000000000000e+00	   5.1622378526078128e-01	   1.3656066334761538e-01	   1.5832718377896476e-01	   7.9459912060785254e-01	   5.1613009330357718e-01	   1.8978435637624169e-01	   1.3077038061021576e-01	   2.4989593403715926e-01	   1.7572077930561669e-01	   7.1110044792763505e-01	   6.0685088433454049e-01	   3.3512296082571454e-02	   1.4769748147852374e-01	   5.0029135310206252e-01	   5.3880766227681431e-01	   5.5512508100898816e-01	   3.5412429698517001e-01	   2.7897902238524758e-01	   3.8536002040319728e-01	   4.0710189788534329e-01	   4.8594923285533564e-01	   5.1254267102115403e-01	   6.0092967275588138e-01	  -6.6234870233383312e-03	  -1.1162598582304187e-02	   3.0371683496102864e-01	   3.7677255531245663e-01	   2.1957926820366799e-01	   2.2160791153639448e-01	   1.4023399932213318e-01	   1.9681215132226576e-01	   2.5561835061218846e-01	   1.2939019961484857e-01	   2.3144177028703622e-01	   2.1688931499038333e-01	   2.9262365703168347e-01	  -5.2433915225285052e-02	   1.3011496189605765e-01	   4.8279263398781302e-02	   5.2564244196080120e-02	  -1.0330086912221575e-01	   3.7077398527581837e-02	  -2.9681981292946968e-02	   1.2770100263659789e-01	   4.2473704941730431e-02	   1.9780765108472800e-01	   1.3420145322558188e-01	   2.7714910826221184e-01	   2.2868945920709710e-01	   3.0434557531129119e-01	   2.5006046785146546e-01	   2.3992692650397757e-01	   3.9662012839575689e-01	   3.3941105386134951e-01	   4.6673390254180380e-01	   2.5546429577367297e-01	   5.0347352856897010e-01	   2.6119208395532750e-01	   3.2385040759635603e-01	   3.1255792947570216e-01	   4.3940114671112740e-01	   4.7760603172603200e-01	   3.9602556898720576e-01	   5.6631389498562701e-01	   6.1549488786025863e-01	   3.3279121475394124e-01	   5.3731194779066505e-01	   8.5265058487573750e-02	   1.1936120111371429e-01	   1.7074987602085859e-01	   1.5431532165134421e-01	   1.6190492859186811e-01	   1.9636121397090225e-01	  -7.0905776181812680e-02	   1.7109647910889769e-01	   2.4139927704164627e-01	   2.1784780332672396e-01	   4.9192880959796043e-01	   3.8331686639999663e-01	   5.9698671169717910e-01	   4.5740706969992084e-01	   8.1515299549514739e-02	   2.8800323997074756e-01	   3.1611259809288261e-01	   2.2785241502328901e-01	
   3.4748487114783244e-01	   5.0668032268869921e-02	   5.0187799285526269e-01	   6.3832828198686264e-01	   5.1622378526078128e-01	   0.0000000000000000e+00	   5.8015789930191586e-01	   6.9531500341410402e-01	   5.7584954017300793e-01	   7.6614847324522550e-01	   2.4982163000450158e-01	   2.4749524676442020e-01	   4.4305073146410862e-01	   4.1079005844654737e-01	   4.8066175320983484e-01	   6.5776408060366776e-01	   8.4858357891045177e-02	   2.8375261250205658e-01	   4.7760117951508274e-01	   5.9921539134983337e-01	   3.4367585408558843e-01	   1.8259764478100987e-01	   4.6854007955383770e-01	   5.4678021231786034e-01	   3.3136129373152984e-01	   6.6419934142121007e-01	   2.5822048784678220e-01	   3.1454229809298062e-01	  -3.0769235812862589e-02	   1.3640056838178544e-01	   3.9739963579129711e-01	   5.4568976409347258e-01	   4.6249881244248370e-01	   5.6909869736516283e-01	   2.5214735557337487e-01	   2.5633555472072000e-01	   2.2667976370505266e-01	   7.5348462509703271e-02	   3.1352593119112149e-01	   2.6807943877948903e-01	   1.9353524927723689e-01	   2.1406981260353300e-02	   4.2676209546457405e-01	   2.4139722707369032e-01	   7.7706219646445834e-02	   6.8074051669935048e-02	   3.0041142559251172e-01	   1.6865519219696626e-01	   2.0777505957554857e-01	   4.3303534571241824e-04	   3.5729903157458165e-01	   2.5973212867372264e-01	   5.6934913183177216e-01	   3.6648389678519266e-01	   4.1920266991791144e-01	   2.1559018022835846e-01	   4.3446683847594009e-02	   5.8865588193975922e-02	   1.9964810024633489e-01	   3.6186739609481144e-01	   4.3283703972846044e-01	   5.3873944276730956e-01	   3.5468466647054375e-01	   3.5958537710309058e-01	   4.4061338543743622e-01	   6.4523589765456757e-01	   5.3661636126455070e-01	   6.4620842666304079e-01	   3.4656023112497697e-01	   6.7062570317733317e-01	   4.6789619368904184e-01	   5.8614103270925355e-01	   1.5343809004004497e-01	   2.8313391595073378e-01	   3.2949054272307082e-01	   4.6099746496222321e-01	   4.6320906127225009e-01	   5.3425713378801820e-01	   1.4936566457885708e-01	   1.9496848617625534e-01	   3.0900705082216018e-01	   3.4605063307825645e-01	   3.2124610867353526e-01	   5.3118856790203750e-01	   4.0132605680989147e-01	   3.3948171513327796e-01	   1.2020493585505405e-01	   2.1692411949740673e-02	   4.3803402556974153e-01	   5.2022991113746275e-01	
   4.1892967051450314e-01	   1.0749363896213757e-01	   7.9976440291996154e-01	   7.1173200300415562e-01	   1.3656066334761538e-01	   5.8015789930191586e-01	   0.0000000000000000e+00	   7.8620191854576749e-01	   3.1707582644888793e-01	   5.1798550949036737e-01	   4.3888444884774569e-01	   3.7811776883306736e-01	   6.8872170943778066e-01	   6.3638813162069507e-01	   1.8074288306180658e-01	   3.8735778427984502e-01	   1.9914472118302901e-01	   2.0889767311187091e-01	   4.2681963892554642e-01	   4.9137326657805264e-01	   7.8502614564426046e-02	  -1.2604638633306539e-01	   6.3598542914321399e-01	   5.6738990620830554e-01	   2.3673446526699904e-01	   3.6899898086268823e-01	   8.0108463003378226e-03	  -3.3494934804257845e-02	  -2.6258324500764126e-03	   9.7554077189799054e-02	   1.2850028400564578e-01	   2.6849584877497040e-01	   4.7865264583177902e-01	   5.4081537878699759e-01	   5.3482173770373564e-01	   4.2727011355748112e-01	   1.1757196414843687e-01	  -1.6032208639370726e-01	   3.2875878149526783e-01	   2.8311199767108330e-01	   7.5256432556603647e-03	   3.1582798426942442e-02	   5.6688072468884065e-01	   3.1583560869880312e-01	   1.1404237716880512e-01	   8.3367959919444054e-02	   3.4138186880034904e-01	   3.2602476562138227e-01	   1.9251639661195036e-01	  -2.9124811394366785e-03	   4.0722902125466853e-01	   3.3191841652781745e-01	   5.6967668184892672e-01	   5.1325107210467091e-01	   4.5845545991436981e-01	   2.2273876547424681e-01	  -2.8612467402215104e-02	  -4.2324556609403562e-02	  -2.3784069087236549e-02	  -1.2230105300541541e-01	   5.3142087574521002e-01	   2.1637829220483085e-01	   3.5671666468391772e-01	   2.1047851103148335e-01	   4.6940923145082847e-01	   5.7556982706597470e-01	   4.0649208592822361e-01	   4.9850932932608849e-01	   9.2527543346368868e-02	   3.6226096136512748e-01	   3.0742075662642571e-01	   3.9637442288675051e-01	  -1.1461941503975663e-02	   2.1050454127550164e-01	   1.4309562995640288e-01	   3.4721566829526018e-01	   5.4322435882345166e-01	   5.7666542550774258e-01	   1.5983874680789011e-02	   1.4594354619517746e-01	   2.6708909125166835e-01	   2.2778774323906914e-01	   1.0162611406975686e-01	   2.9113304141283769e-01	   3.6662834755209356e-01	   2.6921693396479274e-01	   2.4723048382292521e-02	  -2.2319161716683808e-01	   5.5285109014699718e-01	   6.5362754949309010e-01	
   2.8995088970210919e-01	  -1.0461398589632087e-01	   6.2458762115195787e-01	   8.6706645663150383e-01	   1.5832718377896476e-01	   6.9531500341410402e-01	   7.8620191854576749e-01	   0.0000000000000000e+00	   1.9629836968038597e-01	   5.1611482174422496e-01	   4.2737338354391141e-01	   2.9999665518416224e-01	   4.4240661329811348e-01	   6.5680601196135702e-01	   1.2990490950042674e-01	   5.0617376029135253e-01	   1.2558062028643066e-01	   3.1272782648172986e-01	   3.8495634688369335e-01	   4.6439562975980536e-01	   1.7043587900970622e-01	   5.4018617115987717e-02	   6.5728971567202321e-01	   6.5371900431771213e-01	   7.3341795764483547e-02	   4.3473149713967196e-01	  -9.1044105037427145e-02	  -1.6099548471055300e-01	   1.2075434295911527e-01	   2.7988807426930823e-01	   2.4045258459211338e-01	   4.1057558520962167e-01	   5.4698314097305056e-01	   6.9827678369049795e-01	   3.7158168021247051e-01	   3.8291754103357262e-01	  -5.2069972863619959e-02	   1.4708914737038234e-02	   1.3066541640555301e-01	   2.2172551353806888e-01	   1.5253633831529185e-02	   7.1959420301566601e-02	   7.0462885343282788e-01	   4.3968755424027206e-01	   2.3943362617991448e-01	   2.1931998810828668e-01	   5.2049607938483078e-01	   4.6128502503804647e-01	   3.3839650899628509e-01	   1.5043464464061398e-01	   5.1349734883206521e-01	   4.5819418190648242e-01	   5.9465684750249281e-01	   5.7255682714388911e-01	   5.1023764204745381e-01	   1.4394353184393593e-01	  -1.5707769269474448e-01	  -1.6101785494508677e-01	  -1.6878939348394129e-01	   1.7636360272364378e-02	   2.7684342905217424e-01	   4.1514261000105035e-01	   2.4818006418856914e-01	   4.5020706677158445e-01	   1.6802403482556660e-01	   5.0260544433220400e-01	   3.2983751774968861e-01	   6.2940546004361697e-01	   1.8669063342116321e-02	   3.1136372498735088e-01	   5.2084538617429821e-01	   4.1400658179312744e-01	  -4.3940533182987331e-02	   3.6838589920157894e-01	   2.0616312462016340e-01	   4.5507922451237826e-01	   5.9523468183853867e-01	   6.3754518746021760e-01	   7.0335375311468606e-02	   7.8099244186753836e-03	   3.3934671650969073e-01	   1.7400814455685443e-01	   1.7282886181296847e-01	   2.8414083355193909e-01	   2.4539509609034021e-01	   2.0275398862921296e-01	   7.6255646822484396e-02	  -2.0831539460219750e-01	   4.2314156609327624e-01	   6.3757525758784439e-01	
   2.9421835134066915e-01	   3.4130490431448074e-01	   2.8562400531916615e-01	   1.9206605962624251e-01	   7.9459912060785254e-01	   5.7584954017300793e-01	   3.1707582644888793e-01	   1.9629836968038597e-01	   0.0000000000000000e+00	   6.7731190226812155e-01	   1.9912011205762997e-02	   1.4656526981853191e-01	   4.0261176996389580e-01	   1.4945081443944161e-01	   6.4654259699234462e-01	   5.8326158395768857e-01	  -2.9652255345412526e-03	   2.8278490552407904e-02	   3.9476082649152272e-01	   5.1773139798125256e-01	   5.5842592348908993e-01	   2.2281809112503750e-01	   1.9648259593941420e-01	   3.0335336184226064e-01	   3.7169816242011022e-01	   4.5578843329543561e-01	   5.0453679394588957e-01	   6.0520062630290328e-01	  -8.6909566172762451e-02	  -1.2962904451141191e-01	   1.8611352845197840e-01	   2.8598249677369014e-01	   1.6491290117823984e-01	   1.9474018543734581e-01	   1.3840075659222445e-01	   1.6325311316863597e-01	   3.3014219417489010e-01	   8.2471607553899262e-02	   3.0947874583684654e-01	   2.7274172592612456e-01	   3.4907708501481594e-01	  -1.1051453698297591e-01	  -1.6235794775310509e-03	  -1.0233711979360982e-01	   4.9363195374411091e-02	  -5.0750031133229748e-02	  -3.6570532036425844e-02	  -1.1145007466463308e-01	  -1.4898116310323973e-03	  -5.6689675923451630e-02	   5.8317368513116169e-02	   2.0397790612603816e-03	   3.0045312137210217e-01	   1.2523168699047216e-01	   2.1520691369495989e-01	   2.9823746269155416e-01	   3.3979748632442008e-01	   3.1360117188453651e-01	   4.6000091291916345e-01	   5.2251521666196921e-01	   4.9116114666787403e-01	   5.7251480482729744e-01	   3.9080586923452337e-01	   3.0317893504391391e-01	   4.7188351366319553e-01	   5.7193341877209769e-01	   4.3639757973205601e-01	   4.0805275514588868e-01	   5.2575027964328824e-01	   6.6729603593500708e-01	   3.4095484563133027e-01	   5.8983146263508612e-01	   2.3486424186770991e-01	   1.2588402158409034e-01	   2.7308702092703185e-01	   2.5952802998284552e-01	   2.2017478203004925e-01	   2.8452005421976734e-01	  -3.9699014918182333e-02	   2.5670011850697050e-01	   2.1354933992775099e-01	   3.5910825445144490e-01	   3.2467707607941054e-01	   4.7955352625427350e-01	   5.2019499820658777e-01	   4.7270460358186839e-01	  -6.5305752860196020e-02	   2.3803522241509939e-01	   3.2304983241385399e-01	   3.3530453837559260e-01	
   4.3789167413651697e-01	   6.9461567115443018e-02	   3.7932703955396246e-01	   3.8131525829302715e-01	   5.1613009330357718e-01	   7.6614847324522550e-01	   5.1798550949036737e-01	   5.1611482174422496e-01	   6.7731190226812155e-01	   0.0000000000000000e+00	   1.5426877886835516e-01	   3.7871275226674472e-01	   5.2349361533186167e-01	   3.5100930925314067e-01	   3.9234625741222373e-01	   6.3066192890191397e-01	   9.2096742616610341e-02	   1.7873578585787114e-01	   3.6766808684706820e-01	   4.9810906646597292e-01	   4.8611685861995280e-01	   1.0583277525197113e-01	   2.6698544734487428e-01	   3.0953173800553258e-01	   3.5629744504366379e-01	   4.9554082021052276e-01	   3.2491189468966974e-01	   4.0826117734671463e-01	  -7.6560228892447568e-02	   7.0529421975931827e-03	   2.1264001415807859e-01	   3.2783630010725684e-01	   2.4867988900423238e-01	   3.5786790240016575e-01	   2.4563310638857169e-01	   2.0879336438741969e-01	   2.7433099095632496e-01	  -6.2905523715247755e-02	   2.9101729920221431e-01	   2.7693500041044472e-01	   3.7039297240550312e-01	   6.3236084102775716e-02	   3.1998953504863598e-01	   2.2468941310603102e-01	   1.6334737451379916e-01	   1.8703907927158672e-01	   1.7397303626121410e-01	   1.2969320349155389e-01	   2.2691467625392750e-01	   7.8167356650886616e-02	   3.6841520920119053e-01	   2.6293197445760513e-01	   4.8066681701822966e-01	   3.1482650149213692e-01	   3.6903767312285968e-01	   4.1916784845104049e-01	   3.0073321475178222e-01	   7.6415617600644761e-02	   4.4150336500362464e-01	   4.6110027455292568e-01	   6.2855994738852750e-01	   6.2178676315957804e-01	   3.9674754380054877e-01	   2.7140545449374892e-01	   5.2638120615158246e-01	   7.0641062241429697e-01	   4.7111405278906576e-01	   5.1327072719018518e-01	   3.8077006667079361e-01	   6.0188519552463937e-01	   4.2497661151004901e-01	   5.3367691763979663e-01	   2.2581818040682231e-01	   1.1184360342327446e-01	   4.1427987586162651e-01	   5.5977215081706466e-01	   3.9483069062929904e-01	   4.2740073742503715e-01	   8.2266690757579655e-02	   2.8613599455746602e-01	   2.5897296261877356e-01	   3.6859218341947086e-01	   1.9040763673107106e-01	   5.1963144457751342e-01	   3.5403393808202688e-01	   3.4872234075700659e-01	   8.5294227582249249e-02	   7.9640524436690119e-02	   3.8776051188729777e-01	   4.9805597464957813e-01	
   3.3213518656747609e-01	   2.2383359421005805e-01	   2.0782601208901008e-01	   3.6487460478154055e-01	   1.8978435637624169e-01	   2.4982163000450158e-01	   4.3888444884774569e-01	   4.2737338354391141e-01	   1.9912011205762997e-02	   1.5426877886835516e-01	   0.0000000000000000e+00	   3.3763334758919306e-01	   5.1881581757887174e-01	   4.1855966962443469e-01	   2.8093045681537399e-01	   2.1124216116970881e-01	   3.4136238604566871e-01	   2.0608883163142733e-01	   2.8963888625789791e-01	   2.3939530010643675e-01	   1.0280443847490345e-01	   2.3909867544358848e-02	   2.4958739785187822e-01	   3.0852943522057108e-01	   2.4432253278579119e-02	  -5.1905671770772314e-02	  -2.1292701455362245e-01	  -1.5688348809856323e-01	   4.3025831075187515e-01	   2.6041014313306371e-01	   9.1178126426466506e-03	   1.8604416889302144e-01	   2.7517806437192588e-01	   3.3887475438013726e-01	   3.3795551760112252e-01	   2.3560790052793074e-01	  -6.5788653230049052e-02	   3.4632405841615699e-02	   1.3955781338007553e-01	   1.5093489178110320e-01	  -3.9991071285048435e-01	   1.0057015568966082e-02	   2.2602629562538079e-01	   8.7895525706733715e-02	  -4.5381725467920547e-02	  -1.8190869730637962e-01	   1.0925323410274722e-01	   1.5376073475682595e-01	  -1.6683410514400926e-01	  -3.3431871541335367e-01	   6.4548419541900104e-02	  -2.3645024659299851e-02	   1.5009711929726496e-01	   9.0500921837029152e-02	   1.7214249251182065e-01	  -2.7252203113493501e-01	   3.3925068808920510e-02	   1.6383302652624335e-01	  -2.0488555415176840e-01	  -1.0245990640238041e-01	   3.1220251392031928e-01	   2.1668637009578634e-01	   2.5898824396938913e-01	   2.8870639719015440e-01	   2.9495694913034748e-01	   3.8387326721699244e-01	   2.6643276620141410e-01	   2.8990536909142406e-01	   1.6468981577027486e-01	   1.8363212493950284e-01	   3.1812813918606592e-01	   2.2098042787514932e-01	  -8.6900948491774863e-02	   3.6504634012872239e-02	  -9.2332021114352306e-02	  -5.1424406885446583e-02	   2.1370606356862099e-01	   1.2526714347785395e-01	   1.6753461875756739e-01	   3.1658326984735079e-02	   3.1126666367435041e-01	  -1.3021350686630412e-01	   1.3070712808995480e-01	  -1.0251004235099169e-01	   3.3664078238793738e-01	  -7.0586448221691148e-02	   3.0324086561629191e-02	  -1.7063542783491348e-01	   4.0760601073902736e-01	   1.6277632707209749e-01	
   4.2831731234357473e-01	   2.9637275037722938e-01	   3.2181682676144002e-01	   2.6044500935931514e-01	   1.3077038061021576e-01	   2.4749524676442020e-01	   3.7811776883306736e-01	   2.9999665518416224e-01	   1.4656526981853191e-01	   3.7871275226674472e-01	   3.3763334758919306e-01	   0.0000000000000000e+00	   4.3173397203642644e-01	   6.0000756128933341e-01	   2.1918089108909566e-01	   2.9857062266345857e-01	   7.2580445980531927e-02	   1.2641176393833831e-01	   4.0370634583034637e-01	   4.1360945086898354e-01	   2.3097689814845723e-01	   1.2580480416215820e-02	   2.3531219037474504e-01	   2.6740711184579097e-01	   3.5070690497658186e-01	   1.5344874156233818e-01	   1.9074041316749618e-01	   1.9589463014073422e-01	   4.7980217926871509e-02	   1.2293364874034464e-01	   1.9555384821415933e-01	   2.6087369909285568e-01	   2.4740608257512586e-01	   3.2518900793794320e-01	   3.6067134130574069e-01	   3.7379210683879549e-01	  -6.3593537915841450e-02	  -1.2053604466796719e-01	   1.8106906632305345e-01	   3.4073800752306299e-01	  -6.6294478781756636e-02	   3.0417672022514011e-02	   3.4314074397733541e-01	   2.9440618028407023e-01	   1.8444037054580209e-01	   3.4378779126570741e-01	   2.6965955678740838e-01	   2.7614938980109371e-01	   3.5998298484998176e-01	   1.4961786728449869e-01	   3.9031202679176580e-01	   3.3467684291671917e-01	   3.8168747404539205e-01	   2.3541153634223788e-01	   4.7679491331427543e-01	   4.1847286454921567e-01	   2.3601626140011531e-01	   3.2176713096131371e-01	   5.2208812190684917e-01	   3.5629643469885458e-01	   5.6041325803479203e-01	   4.4270443511497182e-01	   3.9238612203357837e-01	   4.1730903641084982e-01	   4.0180401717401060e-01	   5.1324140413665187e-01	   5.4375139676656759e-01	   4.5656704225463329e-01	   2.8258670165723376e-01	   3.4156573191447420e-01	   1.7844120469818092e-01	   3.0606701833492067e-01	   1.7408921710668920e-01	   1.0874948123326424e-01	   2.6894931410051626e-01	   2.5599310268361819e-01	   3.9259416434722583e-01	   3.2220323955115504e-01	  -3.9237044577747071e-02	  -2.3299241463177509e-02	   1.3305604482981323e-01	   1.5581237738411530e-01	   3.0638634842973367e-01	   2.3468454537887695e-01	   2.8063708950990973e-01	   2.3269004801608456e-01	   1.2848020805841953e-01	   1.4839403464267936e-01	   5.7449398477298919e-01	   3.5959879865199751e-01	
   2.3814656312429705e-01	   1.0014054595604509e-01	   3.4983988555820855e-01	   3.0269535529108826e-01	   2.4989593403715926e-01	   4.4305073146410862e-01	   6.8872170943778066e-01	   4.4240661329811348e-01	   4.0261176996389580e-01	   5.2349361533186167e-01	   5.1881581757887174e-01	   4.3173397203642644e-01	   0.0000000000000000e+00	   5.2849207150722188e-01	   3.8520722122056195e-01	   2.6441769123596426e-01	   1.4482707375474116e-01	  -1.4421607985940674e-01	   2.3804713367797037e-01	   3.0272801240760722e-01	   2.2058495703363437e-01	  -2.3953109518012022e-02	   2.4702895082208684e-01	   2.8039440161307738e-01	   1.4753882400225843e-01	   8.2508801489288963e-02	  -4.4965810414574273e-02	   1.8753395388722460e-01	   4.6947434246568283e-02	  -6.7817601491426210e-02	  -2.3207941717527901e-02	   1.4510894074456793e-01	   1.1841110408042073e-01	   2.0264239071108256e-01	   2.7926700556314749e-01	   1.5477506080977385e-01	   1.4057966472250258e-01	  -1.3027002856983519e-01	   2.8578116877440241e-01	   6.4056523206832583e-02	  -4.0002220088803470e-02	  -7.3828094493815690e-03	   3.1576691205101193e-01	   2.4313019718426127e-01	   1.2155953515425774e-01	   7.8352021409463860e-02	   1.4940219901860788e-01	   1.4390803781014649e-01	   1.7930195722910741e-02	  -1.1662617628380224e-01	   1.3356488641859512e-01	   6.5391404409469681e-02	   2.8593996157690504e-01	   1.2447338090940308e-01	   2.9157692813759079e-01	   1.2629679133174343e-01	   7.7656166133346721e-02	  -2.2612989510622843e-02	   1.3542712026102424e-01	   5.9124565664694928e-02	   6.5412548032077034e-01	   3.4436407369331978e-01	   5.3917926398717464e-01	   1.8341846688015229e-01	   4.6801224292536669e-01	   5.0049064560953027e-01	   2.9340491684608067e-01	   2.9581624739415974e-01	   7.6008138984794041e-02	   3.1680093792180153e-01	   3.1958554292295122e-01	   4.4314894629841151e-01	   1.0713808941804948e-01	   6.5153057980890730e-02	   3.3578183031636905e-01	   2.8582193522222299e-01	   3.9892221953036733e-01	   3.6601981450797860e-01	  -5.0706162485764844e-02	   1.5248028177002199e-01	   8.5159122536401080e-02	   3.5240507105538041e-02	   1.1765886345050902e-01	   1.6488858498286119e-01	   2.8909854513561628e-01	   6.5056737275273474e-02	  -6.8167773453120070e-02	  -1.0727403305266300e-01	   3.7198750776779788e-01	   2.8071213628188879e-01	
   8.8388130146705240e-02	   3.1013500625354795e-02	   5.5802651492366961e-01	   5.9818069826498443e-01	   1.7572077930561669e-01	   4.1079005844654737e-01	   6.3638813162069507e-01	   6.5680601196135702e-01	   1.4945081443944161e-01	   3.5100930925314067e-01	   4.1855966962443469e-01	   6.0000756128933341e-01	   5.2849207150722188e-01	   0.0000000000000000e+00	   3.0896097641485576e-01	   4.7002530204081877e-01	   3.3668362309990249e-02	   7.7678354533727567e-02	   3.0336659665105759e-01	   3.0719125955547366e-01	   1.0708174991789624e-01	   7.1408082855551128e-02	   6.3077546591497236e-01	   6.3731709716035589e-01	   2.4255899360035860e-01	   1.7917464514085774e-01	  -5.0550893631799482e-04	   7.3531315480993937e-03	   4.2556619908813056e-02	   2.2289846443425726e-01	   2.1802958806541775e-01	   3.4867817628718739e-01	   4.2431845940993834e-01	   5.4359701217515877e-01	   4.8383621561755075e-01	   5.6282315295824370e-01	  -2.2593086117848687e-01	  -1.2408212079387174e-01	   9.7286938897419920e-02	   1.7262400087394064e-01	   3.3500243622383592e-03	   3.3965506482434391e-02	   6.8030241373538713e-01	   5.3824318364628287e-01	   1.5508272312474114e-01	   1.8272659299414798e-01	   4.8905488953433218e-01	   4.5934852701505846e-01	   3.6727782955352739e-01	   1.4566881558846317e-01	   4.8094939812254445e-01	   4.8511567114906673e-01	   5.7604982953027228e-01	   4.5017046381467696e-01	   6.3897362162656968e-01	   2.8301553703508397e-01	  -2.0219225931434526e-01	  -1.4290325528870069e-02	   4.9267608543565489e-02	   1.2337672410945702e-02	   3.6349561702412736e-01	   2.5768934696801327e-01	   4.9683563762256888e-01	   4.5328506643940980e-01	   2.1810514894747923e-01	   4.9738956137457924e-01	   4.9360206601688156e-01	   5.5495615138500998e-01	   4.4873823668730814e-02	   1.7612841001805779e-01	   2.8843417219802236e-01	   2.9211051835207635e-01	  -6.0210667129173334e-02	   3.0012640650514499e-01	   2.7704852225212290e-01	   3.6105440858013871e-01	   4.9795741393440168e-01	   4.9043958229986434e-01	  -1.4916748782059180e-01	  -1.5090194846205729e-01	   1.4903795993349461e-01	   2.4793182756143423e-02	   3.5850625985850182e-01	   5.4732555914248193e-02	   3.5536472667890734e-01	   3.1176746900956426e-01	   1.2790746278720116e-01	   1.2462049696222652e-02	   5.2119563064885044e-01	   4.9586699647550142e-01	
   9.9851622853298183e-02	   3.7894342972005302e-01	   1.5332150293013577e-01	   2.1503410763285458e-01	   7.1110044792763505e-01	   4.8066175320983484e-01	   1.8074288306180658e-01	   1.2990490950042674e-01	   6.4654259699234462e-01	   3.9234625741222373e-01	   2.8093045681537399e-01	   2.1918089108909566e-01	   3.8520722122056195e-01	   3.0896097641485576e-01	   0.0000000000000000e+00	   5.8457642383324571e-01	  -1.1724602020786401e-01	   1.6899064655757912e-02	   5.2908547462879441e-01	   5.1468668602143630e-01	   4.3638323337957702e-01	   3.7049493301534375e-01	   2.0527711176467359e-01	   3.3586587122460027e-01	   3.5522010736178383e-01	   3.4145775735254891e-01	   3.3983161710990262e-01	   4.3618522134655391e-01	   6.7324588407105007e-02	   1.0044485988925499e-01	   3.7923387695221433e-01	   4.4485420129294939e-01	   3.7111342550926973e-01	   3.4860977862719700e-01	   2.2416325775156540e-01	   1.7037434708041055e-01	   1.8454708765764077e-01	   1.0250341950548075e-01	   1.5833900736702378e-01	   2.0852475323893638e-01	   3.0650900856406871e-01	   2.8072259560413572e-02	   4.6664529170456961e-03	  -1.3310843257040328e-01	  -1.3759006304215893e-01	  -2.1403024922137104e-01	   3.0562224389778365e-02	  -6.1372986974970942e-02	  -8.5004490547574724e-02	  -2.1536189205859962e-01	   4.9019367420960164e-02	  -7.1792049036244919e-03	   2.0960635401747926e-01	  -3.5048855168800666e-03	   1.4443023160871898e-01	   1.5329932909330690e-01	   1.7380231087051712e-01	   4.1739075025522177e-01	   3.3671039231589728e-01	   4.1864654302030357e-01	   3.1168400273197350e-01	   4.5367723391227233e-01	   4.5030761454263929e-01	   4.1671082287642586e-01	   3.8147089394114131e-01	   4.8307230766286013e-01	   5.3467505772423118e-01	   4.0114901552971716e-01	   5.3799716203461156e-01	   5.9056256009358843e-01	   3.9200842961906801e-01	   6.1112835233496510e-01	   3.4343990413866077e-01	   2.8642481704997036e-01	   3.6336161850265003e-01	   1.3085501051879087e-01	   2.0585981137578346e-01	   1.8642159267623731e-01	  -1.4669347502716712e-01	   8.3459847630814335e-02	   2.0370039594163566e-01	   2.0701582100066057e-01	   6.7596399783319394e-01	   3.1000577201449486e-01	   5.6182733783338235e-01	   3.4679033321257291e-01	   9.4184822259016449e-02	   3.1647006628121815e-01	   2.7095409331996778e-01	   1.2713377942077253e-01	
   2.7727860286133377e-01	   1.9939251662135926e-01	   4.1226432641065347e-01	   5.1425669039275124e-01	   6.0685088433454049e-01	   6.5776408060366776e-01	   3.8735778427984502e-01	   5.0617376029135253e-01	   5.8326158395768857e-01	   6.3066192890191397e-01	   2.1124216116970881e-01	   2.9857062266345857e-01	   2.6441769123596426e-01	   4.7002530204081877e-01	   5.8457642383324571e-01	   0.0000000000000000e+00	   1.4725653190073948e-01	   2.3073227051225043e-01	   5.3282085415865643e-01	   6.2205433160461854e-01	   4.9800743707533301e-01	   3.7388880726871676e-01	   4.6746868478645848e-01	   5.8344825711744008e-01	   3.1097700902059050e-01	   4.8722309883847770e-01	   2.7769520207550002e-01	   1.9911853170131624e-01	   1.8237279660983391e-01	   3.6574851355049526e-01	   4.9727947245661958e-01	   5.4014924466402170e-01	   5.7328826287113366e-01	   6.9472061165468468e-01	   2.4989464217379773e-01	   4.3196658020151002e-01	   2.2872324059103835e-01	   1.2131984765357806e-01	   9.2059407344438904e-02	   4.7773836954011195e-01	   3.6140878710309110e-01	   7.0212316748298267e-02	   4.3879083055045287e-01	   2.4816554445873484e-01	   1.7010571118495532e-01	   1.7557453689500385e-01	   4.1921322311932741e-01	   3.8986670741195301e-01	   2.9719409793076046e-01	   1.6353982620762891e-01	   3.4100054101523736e-01	   3.2927211907539961e-01	   4.7672975630968667e-01	   4.2117642703094460e-01	   4.7145519909309730e-01	   4.8669391152966190e-01	   1.8197852700611628e-01	   1.2398306475476764e-01	   2.3683117487960814e-01	   3.7987812312003388e-01	   3.0380740014640423e-01	   6.2288886217318573e-01	   4.8859581047126560e-01	   5.6417794333576532e-01	   2.7137642222326586e-01	   4.7726427822217954e-01	   5.1356331949819400e-01	   5.8955566013850924e-01	   4.2267747886212703e-01	   5.9484492251370336e-01	   4.6426789173933353e-01	   6.1136072607936354e-01	   2.6470188957686769e-01	   4.7179989520800614e-01	   2.8260946088482147e-01	   3.9238576687174631e-01	   4.1786273996420809e-01	   4.9013686649942545e-01	   1.0056856430004385e-01	   5.5334374612883170e-03	   4.0295508680852204e-01	   3.1087601901196943e-01	   6.2575875714800266e-01	   6.1609796177736553e-01	   4.4486682276938594e-01	   3.8062530613513290e-01	   3.1229114411886061e-01	   3.2649299934080056e-01	   3.1128142032599149e-01	   5.1358731123161383e-01	
   6.0466435206700853e-01	   3.3557885711906854e-01	   5.5746129791531707e-02	   6.0214447239310687e-02	   3.3512296082571454e-02	   8.4858357891045177e-02	   1.9914472118302901e-01	   1.2558062028643066e-01	  -2.9652255345412526e-03	   9.2096742616610341e-02	   3.4136238604566871e-01	   7.2580445980531927e-02	   1.4482707375474116e-01	   3.3668362309990249e-02	  -1.1724602020786401e-01	   1.4725653190073948e-01	   0.0000000000000000e+00	   4.3908804448575423e-01	   3.6774941391767700e-02	   1.8343990363075718e-01	   1.1469418101767619e-01	  -1.2750827963955993e-01	  -1.0679279467916088e-02	  -5.3906758831025151e-02	   1.5628738547474610e-03	   1.7489250614924881e-01	   1.6075562544213575e-02	  -4.5077156339943310e-02	   2.2777243118397494e-01	   8.3160128831031743e-02	   1.2071545164742861e-01	   1.7628603876616467e-01	   1.1964964849242643e-01	   2.2612562628027744e-01	   8.9947723119546633e-03	  -1.9436445248520260e-02	   2.8672255964453114e-01	   1.7142814529356248e-01	   1.2703597552184337e-01	   1.4819976534557378e-01	  -3.6513620444282585e-01	   1.1514972511660507e-01	   1.1097490021394704e-01	   1.0626384431739476e-01	   1.8956230922960343e-01	   1.3697324526760915e-01	  -1.9172869147023812e-02	   7.2260484723967677e-02	  -5.6399723874676976e-02	  -3.9508180317477784e-02	   7.9168778286239486e-02	   5.9981652494878468e-03	   1.1957033932053862e-01	   1.6574219232239001e-01	   1.9043852137045458e-01	   8.3890513268749439e-02	   4.0204474385150413e-01	   1.1849589269026702e-01	  -2.9148377254788742e-02	  -9.3684906302504589e-02	   1.6896177808362214e-01	   1.0878116363234519e-01	   5.1691320744196551e-02	  -2.2691928312839973e-02	   1.6665010480726028e-01	   8.8250133818164073e-02	   8.6543266164299637e-02	   4.6114043726676879e-02	   2.1230392580266955e-01	   5.7308936747154343e-02	   1.6773730346390603e-01	   9.3371966137487286e-02	  -3.1317919463349181e-01	   8.6200957973617667e-02	  -4.3159387950227446e-01	  -2.3599443971286527e-01	  -1.8519058780241220e-02	  -3.7830075682167563e-02	   7.5183572238411245e-01	   4.5025823801492060e-01	   6.4221882274244191e-01	   2.7511936479257459e-01	  -1.1535581889859994e-03	   3.4483589897370276e-01	   9.2506281629317913e-02	  -5.6882593046779791e-02	   4.7568440420812555e-02	  -2.4232593602603386e-01	   5.2377234882200738e-02	   1.3785074289953891e-01	
