   0.0000000000000000e+00	   3.1871793969448120e-01	  -3.0349509181479734e-01	   3.3564674555240853e-01	  -2.2973151288299420e-01	   3.5891505313177541e-01	   3.5485081653836115e-01	   3.2694752170002916e-01	  -1.2637505075041217e-01	   3.6658747557095478e-01	   7.6802606527826423e-01	   7.1784740718913231e-01	   3.8913211796427399e-01	   1.3199321351185633e-01	   6.5656367603840526e-02	   2.3653156997392777e-01	   2.7905909523424699e-01	  -1.0598604571334010e-01	   4.9941694135801917e-01	   3.8942956908492743e-01	  -2.7927417695566305e-02	  -4.0952704885553290e-02	  -5.1860253259225308e-01	  -4.2014683250464224e-01	  -3.6563509812836864e-01	  -4.0146821248525932e-01	  -1.3561064301377293e-01	   3.0137448443822712e-01	   2.7120377165131393e-01	  -1.6654559320778892e-02	  -4.1779500722283908e-01	  -4.4526550362408068e-01	  -2.1007325695880757e-01	  -2.7515937308477934e-01	  -2.6735129422298964e-01	  -2.2385031145242814e-02	  -3.3739369382702250e-02	  -1.9060630423852185e-01	  -1.9664608393247612e-01	  -1.7437438958124194e-02	   1.3766599151201273e-01	  -1.3972978612122861e-01	   1.5105665092060194e-01	   1.6571495597184605e-01	  -2.7631508239814395e-01	   7.6346683077151534e-02	   9.9727065476872254e-02	   1.2135220468708446e-01	  -1.3705091929631813e-01	   2.8666314328125031e-01	   2.4756424487057549e-01	   2.4160614633942845e-01	   9.5412119390045208e-02	  -1.0008878235833576e-01	  -9.3290792935376912e-02	   3.0948773399292961e-01	   7.5114234072143615e-01	   1.5461801544738052e-01	   8.1068735869854647e-01	   6.5020048486567106e-01	   7.9954212462422436e-01	   5.6445448393277342e-01	   1.2045103380875538e-01	  -4.7661928214144986e-02	  -3.2956859074189027e-01	   3.7438257400490366e-02	   1.5994679958599353e-01	   1.6144492246658443e-01	   6.7167730074169607e-01	   4.0081653321499916e-01	  -2.0964498824276384e-01	  -3.8130552794450432e-03	   2.6612803258938778e-01	   3.1392980466080467e-01	   3.1324654901264171e-01	   3.4276707865338663e-01	   1.3762980869139674e-01	   2.9132273795469155e-01	   2.9745793368699241e-02	  -2.2119457844175036e-01	  -3.4332363714480063e-02	   6.3068357214129001e-03	   1.8645342401765957e-01	   1.1694781520380640e-01	  -2.0303390214654821e-01	   2.0617233278400687e-02	  -6.6543312151748801e-02	   4.1241958968664942e-02	   8.4279046940659158e-02	   5.6586055955673342e-01	
   3.1871793969448120e-01	   0.0000000000000000e+00	  -3.9693328570999314e-01	   3.1093007782703136e-01	  -1.3922644039645538e-02	   2.2817254340706482e-02	  -2.2099661947750965e-01	   4.1394590923433550e-01	  -3.2680945473193022e-02	  -2.0187084861729643e-01	   2.1383144899036369e-01	   2.9033606721419231e-01	   1.5556299918354510e-01	   1.1355185638273352e-01	   9.1785981359896310e-02	  -1.7896857262332672e-02	   3.6929206129419295e-01	   4.8032873888502825e-01	   2.3895597058533591e-01	   6.0486453870945356e-01	   4.4300906913770116e-02	   6.5447709624594508e-02	  -3.0668263480139202e-01	  -2.0535944671131012e-01	  -2.1664420189279623e-01	  -2.0963935905962527e-01	   7.7420621638126366e-02	   8.0791092907825116e-02	   1.6225737441446142e-01	   2.1198092644609220e-01	  -1.1029426100703964e-01	  -1.0779292679939564e-01	   1.2570046311749900e-01	   9.8509572240051552e-02	  -2.8993025291931129e-01	  -1.8722341486394356e-01	  -7.9844044541312803e-02	   1.9427851114359879e-01	  -1.9825662306705089e-02	   2.2177623110248235e-02	   2.5115198215593598e-01	   3.0695854599154643e-01	   1.7289394034339711e-01	   1.7990260168873382e-01	  -1.4734586949917969e-01	   4.2895878551713479e-03	   2.1719394771497080e-01	   4.8103900994842547e-02	   9.5724951468680652e-02	   2.7793629642607459e-01	   2.7968743778123922e-01	   3.8049328701241514e-01	   5.2458884217654056e-01	   3.4187552125851353e-02	   1.3055039760264359e-01	  -7.3302306560274227e-02	   3.0959955019905472e-01	   7.7678994438535476e-01	   2.8012141212487718e-01	   4.5916871345430543e-01	   4.0751545228332520e-01	   2.5629151717434234e-01	   5.0726059777802424e-01	   4.7726240560370492e-01	  -8.9482857200749610e-02	  -1.5247499855581018e-01	   3.1906247819070387e-02	   6.4392247168908845e-02	   3.6952438645878483e-01	   2.3858949469950555e-01	   2.1604663568833693e-01	  -1.3170255236289150e-01	   5.1161793297430269e-01	   5.4379327221041995e-01	   5.8520329165130180e-01	   2.5830830461062590e-02	   2.6675021832762436e-01	   2.1175175098877158e-01	   1.3942576089580874e-01	   5.2162454004540060e-02	   5.8826364315988711e-01	   3.5658488788056913e-01	   2.2536936494399090e-01	   1.6487433495324949e-01	   3.8555303154736553e-01	   9.7069167264138445e-02	  -3.0152542159735472e-02	  -1.5371787862965061e-01	   4.6260615435687114e-01	   9.0662545856830742e-02	
  -3.0349509181479734e-01	  -3.9693328570999314e-01	   0.0000000000000000e+00	  -5.0036985690389564e-02	   3.4531268128855153e-01	  -1.6857998141117136e-01	   2.5091196971611673e-01	  -1.5548675555751018e-01	   2.1520358821608948e-01	   5.5243204046305318e-02	  -4.2857468279334548e-01	  -5.2371533252019109e-01	  -1.8944198424364256e-01	  -2.8766814546651887e-01	   2.7734735986229042e-01	   2.3279922021632782e-01	  -4.5530291771047426e-01	  -2.1887756944459291e-01	   2.0879452244417868e-01	  -1.5915086292711392e-01	   7.8896065809406529e-02	   8.2360304578517243e-02	   9.0861520769515147e-01	   8.3671710954461476e-01	   7.6113930664312779e-01	   7.2152564477055625e-01	   3.1235255321456146e-01	   8.5740126795694135e-02	  -3.7557397726205916e-01	  -2.9871094407977916e-01	   5.3797873616720948e-01	   5.0151047478389776e-01	   1.9272876579960857e-01	   2.8963208125226825e-01	   7.4234070600474389e-01	   4.8377970794493469e-01	   1.3946068804977949e-01	  -1.2016108689880882e-01	   1.5620676236853143e-01	  -6.3143632465740188e-02	  -2.4531167548128169e-01	  -4.3888125040595374e-02	   1.6678266471207359e-01	  -1.3644349889400723e-01	   4.0145984847679800e-01	   7.4298149758989657e-02	   2.0422867010248730e-01	   1.3798747639770059e-01	  -1.2406712498707476e-01	  -3.2589513590304831e-01	  -2.0830099408158750e-01	  -1.3990457635946768e-01	   4.0046249668360720e-02	   4.1553622217948977e-02	   3.4631119020161211e-01	   3.4642639225784692e-02	  -3.8647753862275036e-01	  -4.2444059281648855e-01	  -4.8967824114498049e-01	  -6.2265037692440395e-01	  -5.4602779574991589e-01	  -4.4324700653682181e-01	  -2.7131867991936492e-01	  -2.5226370543566223e-01	   6.0311425340910163e-01	   3.2368410355704152e-01	   1.7850372518387059e-01	   4.3765686735273153e-02	   1.1148272022944186e-01	  -9.0585718860348441e-02	   1.4828802308548024e-02	   2.8141783060533954e-01	  -1.8394875221486734e-01	  -3.4294215014606677e-01	  -2.2957407859608961e-01	  -1.5199560149556623e-01	   1.7890024163798185e-01	   1.6255070720861332e-02	  -1.9872753912611202e-01	  -6.5983904531784862e-02	  -3.1323048529689368e-01	  -3.5218663463096311e-01	  -6.0963250668793857e-02	  -4.5782967998036453e-02	   2.0247166676556630e-01	   8.9280235311311365e-02	   1.3752588799195886e-01	   2.4638880503334254e-01	   1.4750050423490280e-01	   1.2051788211873021e-03	
   3.3564674555240853e-01	   3.1093007782703136e-01	  -5.0036985690389564e-02	   0.0000000000000000e+00	   3.1515011618885014e-01	   5.2505894083848370e-01	   4.2530581056118449e-01	   9.1538631975876872e-01	   3.7594146759918856e-01	   4.3819328026009841e-01	   3.3348742414928945e-01	   5.4956627317826345e-01	   2.9945544921014478e-01	   4.1175071896955351e-01	   3.9223147361122451e-01	   1.7821988528894300e-01	  -1.1344663421853680e-02	  -1.6755806633074349e-01	   4.2236327597155437e-01	   5.6840134415323829e-01	  -1.5976764198450710e-01	  -1.6760524875001503e-01	  -1.0104481945035297e-01	   7.8151898833648828e-02	   1.1217139069845819e-01	  -6.7583080265930184e-02	   3.5763584191843972e-01	   3.4663438779049738e-01	  -2.4291786438477014e-02	   2.2574301063204721e-01	  -1.9273885039354180e-01	  -2.7166929978974880e-01	  -6.9532997755045470e-02	   2.2555006329706317e-02	   5.3857385296660499e-03	   2.1612680206863935e-01	  -1.5920611156938344e-01	  -1.4901763513130473e-01	  -2.4412006657401158e-01	  -3.7043427424113082e-02	  -1.8433388325645700e-01	  -1.8850810913073873e-01	   3.8278164761296479e-01	   1.1402375823316237e-01	   1.3360662095567338e-01	   3.3725141994720631e-01	   1.8579914183121543e-01	   1.5535900292550103e-01	  -1.1634064614435213e-01	   4.4157785762871371e-01	   3.4895604037124772e-01	   2.7032728616009427e-01	   3.7269195116587706e-01	  -8.6618654455844102e-02	   1.8221447181225736e-01	  -7.5498929432422840e-02	   1.3751665243203259e-01	   3.2375873477264350e-01	   3.9354947042571120e-01	   5.8266568967166288e-01	   5.7747197555735441e-01	   6.4619912027794135e-01	   1.1188282004481032e-01	   1.5677710162597966e-01	   1.1229025279254642e-01	   4.8377451912958414e-01	   2.9558617273464938e-01	   3.5781510255985366e-01	   3.9986839832629295e-01	   4.2517330620654137e-01	   2.2612537195563195e-01	   1.1005451234575378e-01	   2.4041322135635201e-02	   3.1656147993530326e-01	   2.5762074342869401e-01	   3.4141575495776122e-01	   4.3533952160476175e-01	   2.5979399741766718e-01	  -3.0842010439117575e-02	  -3.0268062254304151e-01	   6.7914225843988367e-03	  -1.1114333077212964e-01	   1.5380198821981644e-01	   1.3092227730084946e-01	   6.7910681364306599e-02	  -8.9737912490259655e-02	  -9.3937367083916354e-02	  -2.9093262444709916e-01	   4.8026559171764605e-01	   3.5036363070802073e-01	
  -2.2973151288299420e-01	  -1.3922644039645538e-02	   3.4531268128855153e-01	   3.1515011618885014e-01	   0.0000000000000000e+00	   4.6064911213653226e-01	   2.6417820715119955e-01	   4.1936727023128800e-01	   7.2819098334239385e-01	   4.2135913710009748e-01	  -3.2545816967381630e-01	  -1.0698138023403711e-01	  -2.3377404223385134e-01	   1.6827386366882569e-01	   1.2920973426010701e-01	  -3.8033452262572535e-02	  -3.4697302562314575e-01	  -1.6512837885510961e-01	  -1.8099666641961783e-02	   7.2377320693437178e-02	   8.0048041710974543e-02	   1.2795020397889645e-01	   3.6136740219678060e-01	   4.4552540077870262e-01	   2.3711521742040931e-01	   2.2189038756147361e-01	   3.4534672019566320e-01	   1.3457357415030138e-01	  -3.0249195100198895e-01	  -1.3078223748134921e-01	   2.8402512258009871e-01	   1.7368036289729238e-01	   1.7575643251714368e-01	   2.5794404329898324e-01	   2.4836560236751659e-01	   1.4728298286107183e-01	  -2.2799131761579824e-01	   7.7440031714512171e-03	  -9.7162485208706476e-02	  -1.9325764972647173e-02	  -3.8984339205330021e-01	  -3.5389890517726674e-02	   2.3925258795321480e-01	  -1.5560108149137291e-02	   4.7412276627854055e-01	   3.3687085088710061e-01	   2.6523165455426800e-01	   2.3681987690386935e-01	   2.2814107890413998e-01	   2.9142469213942374e-01	   1.2651720816340757e-02	   1.4457097311744563e-01	   1.9134007363497671e-01	   1.6639865579356522e-01	   2.5316421910479964e-01	  -1.3705975313497931e-01	  -3.6916002197294973e-01	  -5.9352471006414373e-02	  -1.3758103517382533e-01	  -3.1961743823781474e-02	  -1.0288454459662877e-01	   7.9639059993033237e-02	   4.8743191492216405e-03	   1.4411424597831751e-01	   2.7404586605144587e-01	   2.2847798355330096e-01	   2.2085544491771505e-01	   2.1522471179621933e-01	   1.2577961741577404e-01	   1.1431846637876958e-01	   2.2824496487669041e-01	   1.2184752355100081e-01	  -2.3822115872426643e-02	  -6.3049376090402134e-02	  -1.0109366349095882e-02	  -6.4661172875759010e-02	   2.1841870527582946e-01	   9.0064865779864875e-02	  -2.1776998026480904e-01	  -1.1625433111830308e-01	  -6.5212224386861806e-02	  -1.5634744371274040e-01	  -1.0666447282743563e-01	   1.3621672271795136e-02	   1.5464245366072918e-01	   7.0349848515073074e-02	   9.5164404185398510e-02	   7.5544510322690911e-02	   3.4679813095729012e-01	   6.8147971278784414e-02	
   3.5891505313177541e-01	   2.2817254340706482e-02	  -1.6857998141117136e-01	   5.2505894083848370e-01	   4.6064911213653226e-01	   0.0000000000000000e+00	   4.8875627244142761e-01	   6.1273986749880038e-01	   3.6879879377972047e-01	   7.7999816737842753e-01	   2.4519552215030058e-01	   4.7720139609807549e-01	   1.9326455837548370e-02	   2.2527358957558713e-01	   4.9580001683868266e-02	   1.2633094201686307e-01	  -5.1684738267132505e-02	  -2.9385407955324006e-01	   1.6049812446250644e-01	   2.9969069044347463e-01	   1.5966294582607493e-01	   1.2447722293767466e-01	  -2.4107624049084239e-01	  -3.3355687871827827e-02	  -1.7581614404885351e-01	  -1.9929940717383154e-01	   2.1063431512631167e-01	   4.4240896761681681e-01	  -6.1801654875632758e-02	  -1.3622877869471117e-01	  -2.4335888034501743e-01	  -2.9782977935884763e-01	  -8.1445260011946269e-02	  -6.8554331956525542e-03	  -3.6024498603967128e-02	   1.5881061729187324e-01	  -1.7460183309564681e-01	  -1.4460929807312645e-01	  -1.5933576257829232e-01	  -1.2289567692538125e-01	  -2.3193860037119685e-01	  -1.4612679156152938e-01	   2.9901813544937794e-01	   1.8754284840857552e-01	   3.4074717154382883e-01	   4.5149177732071211e-01	   1.8445136395061809e-01	   3.4069188326783018e-01	   2.0111940147273166e-01	   6.4415105370140635e-01	   3.5816806284306169e-01	   3.1842493908175440e-01	   2.4601035451559111e-01	   1.5476907221701316e-01	   6.2758931286617331e-02	   1.4999618133223441e-01	   1.8482754889531958e-01	   3.0981029068474473e-02	   5.3594294939687570e-01	   5.2816483595382158e-01	   4.2110546151859729e-01	   5.1844956471567538e-01	  -1.6152917357486630e-02	   8.3983632598194939e-04	  -4.5432487969642270e-02	   3.2431738850442782e-01	   3.7091269190035908e-01	   4.7819883699088328e-01	   2.8596424367435375e-01	   3.9422833277309244e-01	   1.3992448688166992e-01	   3.8043881609076471e-02	   1.3847035326085380e-01	   2.4460709914876205e-01	   1.9936093743685601e-01	   2.0198350851658076e-01	   2.1227815789301047e-01	   3.1673373771721913e-01	  -1.5701738241192689e-01	  -1.5323382729955345e-01	  -9.5191542930262454e-02	  -7.9060373115864946e-02	  -3.0249978661529557e-02	   1.0051667356666633e-01	  -1.5213249037587628e-01	   8.6318927415142743e-02	  -1.1469420460515302e-01	   2.5713821289962423e-02	   1.2180125389338861e-01	   5.3526480043609448e-01	
   3.5485081653836115e-01	  -2.2099661947750965e-01	   2.5091196971611673e-01	   4.2530581056118449e-01	   2.6417820715119955e-01	   4.8875627244142761e-01	   0.0000000000000000e+00	   4.2688054610721293e-01	   2.1215442943188650e-01	   7.0650231925390006e-01	   3.4284107277347098e-02	   1.9888007873297434e-01	   2.0016527250745283e-01	   7.5598232209521304e-02	   1.7290899381488242e-01	   3.5774343380394785e-01	  -3.2335583007251090e-01	  -4.5451795530901690e-01	   1.8571725262459754e-01	   6.1576016205443514e-02	   1.6283364969507741e-01	  -2.8988386145797594e-03	   1.1074240037593321e-01	   2.9166403386577727e-01	   1.4763335758755189e-01	   2.6759806618146792e-01	   2.6069605615953872e-01	   4.4229696509846916e-01	  -6.3268248628423368e-02	  -2.3327692369097319e-01	   1.3622328444252918e-01	   1.7697209940070630e-01	   1.4968674482344863e-01	   2.4543366395137323e-01	   3.8729809571019236e-01	   5.3688856437121735e-01	  -2.2718050726123037e-02	  -2.9761824029386430e-01	   4.6520260941368005e-02	  -1.3000872370471867e-01	  -3.1260824339641785e-01	  -2.7901508648816242e-01	   4.5819930201009279e-01	   1.3730482455592824e-01	   3.8993150870485754e-01	   4.2780340984730919e-01	   3.9377677316175497e-01	   4.0582216278026562e-01	  -4.3837276908558750e-02	   2.3688379077880725e-01	   2.5418124084830035e-01	   3.5303150661943589e-01	   1.6821327250871126e-01	   1.6838017248991982e-01	   4.3475922893021113e-01	   4.4806731972863512e-01	   2.7353631770406811e-01	  -1.4525531565888170e-01	   4.7666066891180825e-01	   2.8452772267120097e-01	   3.1603367855098796e-01	   4.0375277047761621e-01	  -2.6017520605465708e-02	   1.3063336885911563e-02	   4.1041383283460736e-01	   5.6860129378661628e-01	   6.6887249943066263e-01	   5.7900939633013793e-01	   3.3568168423789357e-01	   5.0134019855145762e-01	  -4.0684672252004866e-02	   3.0089902825980630e-01	  -2.2609265565295369e-01	  -6.0451012738793150e-02	  -1.1210862678063035e-01	   1.6478057724678574e-01	   2.1021937987650599e-01	   2.6693514908393923e-01	  -2.7018119029603888e-01	  -2.5892320082985903e-01	  -2.5861640780145129e-01	  -1.8005155683476406e-01	   6.9826178309718087e-02	   1.9646095706685179e-01	  -1.8958580024328553e-01	   2.3306336836331765e-01	   1.1649833547517353e-01	   2.8530656567230678e-01	   1.3271330424958760e-01	   6.6190315884845097e-01	
   3.2694752170002916e-01	   4.1394590923433550e-01	  -1.5548675555751018e-01	   9.1538631975876872e-01	   4.1936727023128800e-01	   6.1273986749880038e-01	   4.2688054610721293e-01	   0.0000000000000000e+00	   4.4931992249477959e-01	   5.0141309606670093e-01	   2.5348804234396616e-01	   5.7622497394847971e-01	   2.1603049163981081e-01	   4.1191504537083318e-01	   3.4000274082426024e-01	   1.4822968598250708e-01	  -5.4645369177023950e-02	  -1.2041400513840630e-01	   3.6085049463845464e-01	   5.6863388039095653e-01	   3.3922830604212013e-03	  -3.4078752847567576e-02	  -1.7612032222127458e-01	   8.3401969453450776e-03	   2.6354986376209567e-02	  -1.2477896240953648e-01	   3.4301501896717246e-01	   3.2535063420105709e-01	  -2.6364097288294974e-02	   2.0900575402377675e-01	  -1.7861538217756268e-01	  -2.5752018263166554e-01	  -4.0460143708784861e-02	   6.1885909523388724e-02	  -8.3352279953018291e-02	   1.2648865188066680e-01	  -1.9100124310478109e-01	  -1.4471020265348425e-01	  -1.9772530201150373e-01	  -5.4215407227487335e-02	  -2.1353053545973100e-01	  -5.8168196435655614e-02	   3.7526653147318095e-01	   1.2867062013244682e-01	   1.7845922338171244e-01	   4.1137695718887035e-01	   3.0361138273307992e-01	   1.9229992767895696e-01	  -2.5228023956699017e-02	   4.7663839907688016e-01	   3.6262635898961237e-01	   3.1794644068132644e-01	   3.8823888762235220e-01	  -1.4497632146596206e-02	   1.9190023267477324e-01	  -8.8093851178197138e-02	   1.2631121024619885e-01	   3.6754126758554817e-01	   4.5617046555275970e-01	   6.4948785358206118e-01	   6.1055106679530535e-01	   6.9883895653913053e-01	   1.9768366189242315e-01	   2.4527133944715768e-01	   9.7035759290625911e-02	   4.1567782325047287e-01	   3.1278287097403412e-01	   3.9902918393974918e-01	   3.7136854866733005e-01	   3.5962354489273340e-01	   2.5204747077830614e-01	   6.6472844806502535e-02	   8.7957082365737946e-02	   3.6288362253115203e-01	   3.3137531013876875e-01	   2.6635694144505623e-01	   3.9533898860090733e-01	   2.2183424037515173e-01	  -9.9157028763742300e-02	  -2.4757226043307828e-01	   9.0482964538707022e-02	  -6.9893550294463355e-02	   1.4204053751561410e-01	   1.9098363956364761e-01	   1.2325638296498492e-01	  -5.8920377692826195e-02	  -3.4738351864869253e-02	  -1.7680581640516696e-01	   5.3194178441437656e-01	   3.9604155004057517e-01	
  -1.2637505075041217e-01	  -3.2680945473193022e-02	   2.1520358821608948e-01	   3.7594146759918856e-01	   7.2819098334239385e-01	   3.6879879377972047e-01	   2.1215442943188650e-01	   4.4931992249477959e-01	   0.0000000000000000e+00	   4.5339840626018202e-01	  -1.3380956019435691e-01	   9.0221934853156910e-02	  -8.2094919634478750e-02	   3.0045916339705170e-01	   3.4438033654512396e-02	  -1.7361429336600553e-01	  -3.8568691132252586e-01	  -1.5968790138644293e-01	   3.3230251364064586e-02	   7.1905246289692221e-02	  -2.2543048034225553e-02	  -1.6008268172639686e-02	   1.5894116611293158e-01	   2.0091736371742241e-01	   4.3163397304797048e-02	   3.6536566919656968e-02	   1.4313853288460227e-01	   5.7354177219759252e-02	  -3.9092654335425292e-01	  -6.3613795341646420e-02	   2.5896084864108765e-01	  -5.5205601437989180e-03	   3.3067944081399542e-02	   6.7935728122545530e-02	  -1.8813050145587533e-02	  -1.1339996474297348e-01	  -2.5833885775867382e-02	   1.7751887994477349e-02	   1.1583279853930969e-01	   9.2560383542877822e-02	  -3.6103824485782543e-01	  -6.1820748777994844e-04	   2.2997448649711166e-01	  -4.8346820583575791e-02	   2.6473582045042787e-01	   2.8156216164345965e-01	   9.8660993045174589e-02	   1.9555583144413691e-01	   9.3153739202183394e-02	   2.8375835962790896e-01	  -6.5409174971556763e-03	  -1.2533023895660838e-02	  -1.1424435871453370e-02	  -1.8966453749841891e-02	   5.7161895081509692e-02	  -2.3008993821950799e-01	  -3.2709798392446543e-01	  -2.9899644830379105e-02	  -4.8264335390773357e-02	   1.0265110646310947e-01	   6.7312892245095568e-02	   2.3715204882510413e-01	  -7.7887501372699104e-03	   1.2876381536110224e-01	   7.1493731475909303e-02	   1.5230410295532748e-01	   1.0545088932007771e-01	   1.1674582576289567e-01	   1.7913263521187106e-01	   3.4964521510529034e-02	   3.5148293862144014e-01	   2.4775484697003636e-01	  -4.1067735720792843e-02	   8.9910444325727132e-02	  -1.0366490625142290e-01	  -5.1531494447447986e-02	   2.7224957862228016e-01	   2.1726532159045553e-01	  -2.7494104086891252e-01	  -3.0627624698534639e-01	  -2.3755329939843045e-01	  -2.7936224349021754e-01	  -3.3001719465364543e-01	  -2.4200119901882747e-01	  -7.3788639363371730e-03	   1.0851033266001172e-03	  -1.3223963920452542e-01	  -1.1159711830605851e-01	   1.6536395577055155e-01	   7.8235027302853505e-02	
   3.6658747557095478e-01	  -2.0187084861729643e-01	   5.5243204046305318e-02	   4.3819328026009841e-01	   4.2135913710009748e-01	   7.7999816737842753e-01	   7.0650231925390006e-01	   5.0141309606670093e-01	   4.5339840626018202e-01	   0.0000000000000000e+00	   1.0305580184710056e-01	   3.5757538380546972e-01	   5.0383286367684001e-02	   1.4369927828462678e-01	   2.7996268300875975e-02	   2.9510993135605085e-01	  -2.3671662518833589e-01	  -3.1928333711435108e-01	   1.6511451942725119e-01	   1.7137531233662895e-01	   1.2479052962417890e-01	   2.7954554690231101e-02	  -8.5287630995821345e-02	   1.2472573409943361e-01	  -9.0285028712776147e-02	   1.9012871383804843e-02	   1.1010876769594860e-01	   3.9365458796071379e-01	  -1.9920355792273098e-01	  -2.8813065144249461e-01	  -1.5499015829079157e-02	  -5.4815403995144889e-02	  -1.3465731021416443e-02	   7.1982161566551461e-02	   1.0493059340156508e-01	   1.9251249598902406e-01	  -4.6984537837855373e-03	  -1.2692470306978959e-01	  -9.5893648751131697e-02	  -1.1715608195330547e-02	  -2.4135512104310342e-01	  -1.8652222730308651e-01	   2.5359662148149742e-01	   6.4590604447463118e-02	   2.8742052066514939e-01	   4.2455992159972100e-01	   2.1474357733370286e-01	   3.4362177109300956e-01	   6.2165026839356818e-02	   3.9060000059129185e-01	   2.6326582696785444e-01	   2.6170753709002037e-01	   6.7103234140109186e-02	   1.1329868539308827e-01	   1.3907344371408062e-01	   2.9072360242758760e-01	   2.5623415040412911e-01	  -1.5711796313160328e-01	   5.0787750258138598e-01	   3.8815276980390179e-01	   3.6411269703794036e-01	   4.9647230944210186e-01	  -6.8638280947492136e-02	  -6.2923059459183556e-02	   1.1958803513157937e-01	   4.6071069265588294e-01	   4.5117766970104967e-01	   4.7516907907388867e-01	   3.2655816962741913e-01	   3.7082216580386335e-01	   1.0851496905794407e-02	   2.0470568452589588e-01	  -8.3288778361679208e-02	   2.7149868307833662e-02	   7.4170081860221199e-02	   1.8052309867418925e-01	   1.1473637809964254e-01	   2.6717206181715364e-01	  -2.6150329355072272e-01	  -2.5743090120820766e-01	  -3.3401557800684478e-01	  -1.9943190610141970e-01	  -1.5791845658588782e-01	  -3.3060580189288175e-02	  -2.5535704738861098e-01	   1.0403422809235108e-01	  -3.4860612121205559e-02	   1.9349173535527173e-01	   7.0689271266645232e-02	   5.9350798342657130e-01	
   7.6802606527826423e-01	   2.1383144899036369e-01	  -4.2857468279334548e-01	   3.3348742414928945e-01	  -3.2545816967381630e-01	   2.4519552215030058e-01	   3.4284107277347098e-02	   2.5348804234396616e-01	  -1.3380956019435691e-01	   1.0305580184710056e-01	   0.0000000000000000e+00	   7.5152925443745389e-01	   6.5468986657454065e-01	   3.8813432912053186e-01	   2.6121777305659277e-01	   1.7314620264400818e-01	   4.9971359539008475e-01	  -5.3780213644801345e-02	   4.6701953221415282e-01	   3.7565561097645578e-01	  -2.1707317556402611e-01	  -1.2329822456437722e-01	  -5.7043723010578296e-01	  -5.5511826509937712e-01	  -3.6665143180509846e-01	  -5.9742064111770987e-01	  -1.3876289349482837e-01	   1.2184137184437653e-01	   4.1909339919228195e-01	   2.7723306343698650e-01	  -6.8072664325492926e-01	  -7.1667531990252731e-01	  -3.3686129680147647e-01	  -4.7909571498114278e-01	  -4.9035757746048875e-01	  -2.1928293203533086e-01	   5.7461832485694316e-02	  -7.0685555648213369e-02	  -2.0142471171671328e-01	   4.1283075849255696e-02	   1.5325564853445683e-01	  -1.5752452564396999e-01	   3.0560034262297031e-02	   1.5573876410008719e-01	  -4.5191811428522344e-01	  -6.6942158284850214e-02	  -6.1719629105744925e-02	  -1.9403511859902228e-02	  -1.0701447543388287e-01	   2.7029226515729787e-01	   1.6262839526945466e-01	   7.9596890592757569e-02	   4.1689925236151275e-02	  -1.3869530607472530e-01	  -3.0367779158311076e-01	   7.2141674032172226e-02	   5.2216133339989945e-01	   1.0700468640900562e-01	   5.8424561787195406e-01	   5.1987643885772095e-01	   7.3484107038890911e-01	   4.4076353059733137e-01	   1.4115762938383331e-01	  -4.7296518324039395e-02	  -5.2133834706794890e-01	  -1.3521430150102820e-01	  -1.8703323621626550e-01	  -1.5632104132988073e-01	   3.9248069910249428e-01	   2.7112826319578698e-01	  -2.0273486924531581e-01	  -1.0516870997678721e-01	   2.5803304310663921e-01	   3.4250514768501616e-01	   2.1005076337172171e-01	   4.6057468874070423e-01	   9.0800867805484617e-02	   9.8269601382156874e-02	   1.7411940062447884e-01	  -1.0540713602138832e-01	   1.6077135457598535e-02	   4.2962540643782909e-02	   3.1479826703427105e-01	   1.8331490495667430e-01	  -1.6020993266854433e-01	  -8.7025853378316989e-02	  -1.3189540441794059e-01	  -1.9790052816043735e-01	  -5.7676550982759298e-02	   1.9567751014472998e-01	
   7.1784740718913231e-01	   2.9033606721419231e-01	  -5.2371533252019109e-01	   5.4956627317826345e-01	  -1.0698138023403711e-01	   4.7720139609807549e-01	   1.9888007873297434e-01	   5.7622497394847971e-01	   9.0221934853156910e-02	   3.5757538380546972e-01	   7.5152925443745389e-01	   0.0000000000000000e+00	   4.2608394190038379e-01	   5.9423276705419847e-01	   1.0487963666261001e-01	   4.3778662181128546e-02	   3.2570571866239978e-01	  -7.7135431757482484e-02	   3.9143517642437858e-01	   4.0239529732217116e-01	  -3.2244472371189561e-02	  -3.2995961205063588e-02	  -6.3577626124929121e-01	  -5.6210535122076677e-01	  -4.0552408037454613e-01	  -5.2480241425190177e-01	  -5.5069222766234494e-02	   2.1762573848137051e-01	   3.6420127123967494e-01	   3.7160492966320002e-01	  -5.2900191322340229e-01	  -6.3083550331098182e-01	  -1.8584244648477655e-01	  -2.2042782176794115e-01	  -4.7716594447039784e-01	  -1.4180368341253721e-01	  -9.0468532224238229e-02	  -1.9819899646534100e-01	  -2.0416987898093869e-01	  -4.8379805630445943e-02	   6.2919228189252190e-04	  -1.4337477411901350e-01	   2.3230780678397771e-02	   9.4575769503047608e-02	  -2.5585887490211123e-01	   1.8485243480289254e-01	  -9.7209230764431411e-03	   7.2716007588828468e-03	  -6.6856678902010608e-02	   4.1828287026437772e-01	   2.8646633017988993e-01	   8.6710822799787396e-02	  -5.4748970772514768e-02	  -1.1448166364224660e-01	  -1.5172154012547848e-01	   3.9019227185981248e-02	   4.7846494036973286e-01	   2.9586871133913450e-01	   6.7247132014526567e-01	   8.3996549909195739e-01	   8.4466313807952209e-01	   8.2788730130984589e-01	   1.6410038282226513e-01	   1.8283982758262826e-01	  -4.3296712417261024e-01	   9.9229953889138453e-02	  -4.1066651740479260e-03	   1.3379747840505782e-01	   3.3343926658584827e-01	   2.4149585475641761e-01	  -3.0543886749962265e-02	  -2.9386398517865269e-02	   1.0857304025827355e-01	   4.3076261810243072e-01	   2.3435979519734390e-01	   4.9681814107259437e-01	   1.1094776390362027e-01	   1.8668874216197895e-01	   1.2627644100757943e-01	  -1.3064742206574795e-01	   2.0443593865887032e-02	   7.5961060687172094e-02	   1.7416211463053929e-01	   2.0246521433827042e-01	  -1.9840561599208872e-01	  -9.2557521290233175e-02	  -1.1902904288040353e-01	  -1.0941847814607285e-01	   6.9605299475698268e-02	   3.7131752593130180e-01	
   3.8913211796427399e-01	   1.5556299918354510e-01	  -1.8944198424364256e-01	   2.9945544921014478e-01	  -2.3377404223385134e-01	   1.9326455837548370e-02	   2.0016527250745283e-01	   2.1603049163981081e-01	  -8.2094919634478750e-02	   5.0383286367684001e-02	   6.5468986657454065e-01	   4.2608394190038379e-01	   0.0000000000000000e+00	   5.9275118163319118e-01	   4.7466684886359167e-01	   4.2415019048340996e-01	   3.8726677691397526e-01	   7.5037745817882168e-02	   3.8801984394408473e-01	   4.0333258725187993e-01	  -9.9495028038652136e-02	  -1.2663764696285226e-01	  -1.8509443757015165e-01	  -1.5421240543043399e-01	  -1.6663033654647114e-01	  -2.1838561982808147e-01	  -4.6709903237393907e-02	  -6.6695576568677299e-03	   3.3027298859529258e-01	   3.1304448945618479e-01	  -3.2902697145991111e-01	  -2.7934997402792633e-01	   1.0316600901962152e-01	  -3.2547698970827282e-03	  -2.0873511735680234e-01	  -4.5181798781918685e-02	   2.8172360461458434e-01	   1.3850087728045518e-01	   3.5685235836320189e-02	   7.1073697148598805e-02	   1.7047336624445930e-01	  -5.1193754723654457e-02	   2.1018697779628659e-01	   1.4918848336594992e-01	  -1.7073826070007009e-01	   7.3151915957240132e-02	   2.4182745566946326e-01	   1.2599247343055936e-01	   7.8283790581676144e-02	   1.4964999214222799e-01	   2.1856188307065216e-01	   2.5063112434487100e-01	   2.1252370040582980e-01	   1.1525189961323015e-01	   1.0983380238015712e-01	   2.3258424976959682e-01	   3.4741426285353649e-01	   2.2098440369609865e-01	   3.4085814076993026e-01	   2.8424333729470008e-01	   5.0065952006239223e-01	   2.1738138841186644e-01	   4.2875620555095351e-01	   3.5639051284027878e-01	  -6.3040277896243085e-02	  -4.5431882665484067e-03	   2.7457655619754974e-02	  -6.6758099246875952e-02	   1.8898740120894048e-01	   3.9970493349962594e-01	  -1.6864809746181103e-01	  -4.7642410144351201e-02	   8.1679441723870511e-02	   2.9335575869408897e-01	   9.9821018525586336e-02	   5.1816667271720329e-01	   1.2857241399625302e-01	   4.1892707278699745e-02	   1.2050766322099335e-01	   3.7616937195994030e-02	   2.0780072348369566e-01	   2.1388913325093170e-01	   4.8445951504244389e-01	   3.6114575359078627e-01	   2.0095794869597156e-01	   2.3113275153176926e-01	   1.6502812705421643e-01	   7.8136890609083229e-02	   5.0778110005487397e-02	   1.9241649517308895e-01	
   1.3199321351185633e-01	   1.1355185638273352e-01	  -2.8766814546651887e-01	   4.1175071896955351e-01	   1.6827386366882569e-01	   2.2527358957558713e-01	   7.5598232209521304e-02	   4.1191504537083318e-01	   3.0045916339705170e-01	   1.4369927828462678e-01	   3.8813432912053186e-01	   5.9423276705419847e-01	   5.9275118163319118e-01	   0.0000000000000000e+00	   2.2767985912810584e-01	   1.0607626052239527e-01	   2.5693183278752485e-01	   6.3950678652357637e-02	   1.6419856786944498e-01	   2.9158542823885952e-01	  -9.4847025607188690e-02	  -1.0888990590213571e-01	  -2.0565741085531347e-01	  -2.1572842831168021e-01	  -2.0000026288170858e-01	  -2.7544169301282062e-01	  -5.6365181479926800e-02	  -1.8909848161104855e-02	   3.0455026819268083e-01	   5.2863028009341007e-01	  -1.8260904029070266e-01	  -2.9350625018581844e-01	   2.4127711137022786e-01	   1.4801970743636284e-01	  -3.1589900649333008e-01	  -1.9875642462032977e-01	  -7.7546768335496931e-03	   1.1967107358029003e-01	  -8.8500747145770067e-02	   4.2055779883095629e-03	  -1.1867212072549324e-01	  -7.2650496789066543e-02	   3.0453925682138162e-02	   4.6466941113579165e-02	  -8.7258503825868222e-02	   2.0471480606832432e-01	   4.9007342944645767e-02	   1.9878358665088233e-02	   2.2083633674401915e-01	   3.2401515575785184e-01	   1.4366627398996126e-01	   6.1030677261921469e-02	  -1.0513278475374613e-01	   9.1995608443888668e-02	   4.8324754086872382e-02	  -3.3831181654882969e-02	   8.1925416539925702e-02	   3.2363636078185148e-01	   1.5848342604776477e-01	   4.4492022269574955e-01	   4.3119240386668645e-01	   5.1498905008064999e-01	   3.6443840050191567e-01	   5.6332078650641493e-01	  -1.2930073811073936e-01	   7.3952283218200909e-02	  -4.8174702853309354e-02	  -1.5078019847221069e-02	  -5.0313325523613311e-02	   1.6908725828355289e-01	   7.8874344849190967e-02	   2.6780058364742117e-03	  -1.5637926198881241e-01	   2.6184778252639551e-01	  -7.5473613306858173e-02	   4.6599032457363876e-01	   8.0872658731297814e-02	   3.9593950389958679e-02	   2.1798021703931347e-01	   8.5714521909429547e-02	   1.3265168323218704e-01	   2.5666609615409619e-01	   3.0514059892107009e-01	   3.6751410855443017e-01	   7.7716396359933243e-02	   1.2701603318656648e-01	   1.9948923600660179e-01	   8.0593299740858215e-02	   6.1391568104557925e-02	   7.4679921966083876e-02	
   6.5656367603840526e-02	   9.1785981359896310e-02	   2.7734735986229042e-01	   3.9223147361122451e-01	   1.2920973426010701e-01	   4.9580001683868266e-02	   1.7290899381488242e-01	   3.4000274082426024e-01	   3.4438033654512396e-02	   2.7996268300875975e-02	   2.6121777305659277e-01	   1.0487963666261001e-01	   4.7466684886359167e-01	   2.2767985912810584e-01	   0.0000000000000000e+00	   5.7615553025003230e-01	   2.4280654735863150e-01	   2.5610703528490569e-02	   2.9762417674327285e-01	   2.4044688882505200e-01	  -3.4537839759431893e-02	   5.7855948778222810e-02	   2.5979676050321049e-01	   2.8585616446740514e-01	   4.7014801999311773e-01	   1.6430047084995381e-01	   4.2598728047550771e-01	   1.9640410023930432e-01	   2.6814105484303280e-01	   2.4732628058967154e-01	  -2.0808750170636958e-01	  -1.4090364038748290e-01	  -1.6820787110327032e-02	  -5.1553077077521541e-02	   1.3937731941334772e-01	   1.5806742681711003e-01	   2.0434028823071365e-01	  -3.0325603842175641e-02	   5.2119890331588037e-02	   9.0179618905715464e-02	  -5.0101184250830405e-02	   1.0463560308780321e-02	   2.2319744579210588e-01	   9.4173820985806539e-02	   9.5277270487669194e-02	   1.7779119192000015e-01	   3.0342974172803622e-01	   1.4374265179009574e-01	  -2.1534315599779079e-02	   1.1806718798284924e-01	   2.2730967728631951e-01	   2.8042047542790133e-01	   2.6566854146971630e-01	   1.3979450307377581e-01	   2.5333718528187621e-01	  -3.7932531463547539e-02	  -1.1686390679707115e-01	  -9.3088866844067662e-03	  -2.0663212845736714e-03	   3.7316153755336492e-02	   1.2685172244415843e-01	   5.5250481222204065e-02	   9.4907113084201022e-02	   1.1000079488648204e-01	   3.2982785935746894e-01	   3.6804859735393769e-01	   9.4425521022387382e-02	   1.4638715433108233e-02	   1.7951182237135838e-01	   2.7257974823246883e-01	  -2.5017469334607129e-01	  -6.9141823625319218e-02	   3.8571730736881707e-02	   1.5206817539767492e-01	   1.9018254745719512e-01	   2.9190587628244807e-01	   2.0666300288429068e-01	  -1.3507084773225891e-01	   1.2751586932805828e-01	   2.3673950141809044e-01	   2.3721743743616891e-01	   1.9302376015819819e-01	   5.5133632617950379e-01	   3.4347225148874838e-01	   4.7709936865601776e-01	   1.9227397240183203e-01	   2.7230663662802651e-01	  -7.0763200866412451e-03	   4.1541934645965428e-01	   9.7131282171406874e-02	
   2.3653156997392777e-01	  -1.7896857262332672e-02	   2.3279922021632782e-01	   1.7821988528894300e-01	  -3.8033452262572535e-02	   1.2633094201686307e-01	   3.5774343380394785e-01	   1.4822968598250708e-01	  -1.7361429336600553e-01	   2.9510993135605085e-01	   1.7314620264400818e-01	   4.3778662181128546e-02	   4.2415019048340996e-01	   1.0607626052239527e-01	   5.7615553025003230e-01	   0.0000000000000000e+00	   2.0760152392021947e-01	   7.2092866770545216e-02	   3.6139241651705334e-01	   2.7503507294307578e-01	   1.3339948688973691e-01	   1.2146336596672089e-01	   2.2130659607469666e-01	   3.1509474127250475e-01	   2.4323101618362752e-01	   1.8348084081921259e-01	   2.9325257985110720e-01	   2.1652685557177948e-01	   2.2945087928430841e-01	   4.2945012792970395e-03	  -2.5756943933727877e-02	   1.4750168240105682e-01	   1.8587622848814789e-01	   1.3016774690534264e-01	   2.2709660892904368e-01	   1.2968176633041503e-01	   1.6359714693975891e-01	   8.4691288923896740e-02	   1.3439475111251141e-03	  -2.9497064596017405e-02	  -9.1052876934786722e-03	  -1.5710286056409162e-01	   1.1948220370408666e-01	   8.8378291064531624e-03	   1.6629241305422232e-02	   3.3287759704045253e-02	   2.5076203548085790e-01	   9.4588061913516291e-02	  -8.7629032016689229e-02	  -2.1050770332181841e-02	   1.3885164982606840e-01	   3.1083415926651653e-01	   2.0443121722802327e-01	   2.1763986727569917e-01	   3.6874287662314364e-01	   3.6516122987122734e-01	   2.4077510930434010e-01	  -6.7740938240964318e-02	   1.8841354779307046e-01	   1.2832398531594274e-02	   9.1132189653913842e-02	   2.7246426112872417e-02	   1.6490712012986841e-01	   9.4984006010928462e-02	   2.5733732813235866e-01	   2.9387832203359854e-01	   2.4514201629158516e-01	   8.4383588388029090e-02	   1.8688826868138886e-01	   3.2083225197884102e-01	  -3.3749348892478720e-01	  -4.6894481483667580e-02	   1.0398165462088101e-02	   7.9308536527870357e-02	   1.2678685438910081e-01	   3.4150161688943026e-01	  -1.3406164866364322e-02	   3.4220139535005037e-02	   5.7209291545251617e-02	   1.9465464210519035e-01	   1.1353222457113016e-01	   1.7467358833513436e-01	   5.0686199811888955e-01	   4.7460221539411479e-01	   2.3032654669116179e-01	   2.4393125720042330e-01	   3.8685460935203553e-01	   3.4175524012858227e-01	   1.7949740438888978e-01	   3.3302722641405269e-01	
   2.7905909523424699e-01	   3.6929206129419295e-01	  -4.5530291771047426e-01	  -1.1344663421853680e-02	  -3.4697302562314575e-01	  -5.1684738267132505e-02	  -3.2335583007251090e-01	  -5.4645369177023950e-02	  -3.8568691132252586e-01	  -2.3671662518833589e-01	   4.9971359539008475e-01	   3.2570571866239978e-01	   3.8726677691397526e-01	   2.5693183278752485e-01	   2.4280654735863150e-01	   2.0760152392021947e-01	   0.0000000000000000e+00	   5.8002528851479596e-01	   9.0283600540769809e-02	   3.3985721840501182e-01	  -1.4571669605719645e-01	  -7.4212004779123666e-02	  -3.4197142530753227e-01	  -3.1856826532770521e-01	  -2.1665336130276894e-01	  -3.0459280961761348e-01	  -1.1528433412118733e-02	   9.3700420325944819e-02	   7.2525138681554213e-01	   5.1579005209672468e-01	  -4.4909265924237496e-01	  -2.7996680861455436e-01	   8.8912099992169924e-02	  -9.0208583452190239e-02	  -2.7449140902943636e-01	  -2.5859550918568242e-01	   4.2176331401187116e-02	   1.4101315111551699e-01	  -1.7872504303338521e-01	   1.4211382767092004e-01	   3.3948320193499043e-01	   2.9197707195886713e-02	   3.0439973889425244e-02	   2.5356723845422363e-01	  -3.0593184839613080e-01	  -5.9113930840433121e-02	   4.3496557112673037e-03	  -6.2046529366671058e-02	   2.6559851607638629e-01	   2.8043223774425635e-01	   2.4445601305609843e-01	   2.5545452218960463e-01	   2.4533997240502514e-01	   1.9995142576154057e-01	  -3.6379937549613162e-02	   1.3430883546254702e-01	   4.4642947831668867e-01	   3.7133504200015671e-01	   1.7683989085639751e-01	   2.4192606807256689e-01	   2.3393641539457793e-01	   7.1831957010581468e-02	   4.2316515567982654e-01	   3.0488615236539007e-01	  -2.7638103599560360e-01	  -1.0109375189448901e-01	  -1.6652478385466052e-01	  -1.8289986920378251e-01	   1.0259683513992125e-02	   1.6394452785803543e-01	  -6.2247935465899913e-02	   3.0582215734340629e-02	   3.6290372186045267e-01	   4.0917620964103557e-01	   3.4961003724777412e-01	   3.5987235364719722e-01	  -3.2925621396947893e-02	  -1.0182579738096438e-01	   5.1296657004676804e-01	   3.6503226625014701e-01	   4.3416069106910371e-01	   5.5775347571654643e-01	   4.3252871336035026e-01	   3.0832964278498315e-01	   1.0540511859591564e-01	   6.8085713519506125e-02	   1.1652577790328814e-01	  -1.7545285674017780e-01	  -9.1221925478387367e-02	  -1.0849270813309886e-01	
