   0.0000000000000000e+00	   9.4776567668615835e-02	   4.4099117840751906e-01	   1.1267999733605686e-02	  -1.6158865049023247e-01	   4.6155337014444209e-01	   6.5661946856021192e-01	  -2.0794122239999968e-01	  -6.2153417247540269e-02	   5.8602093068034988e-01	   6.6703354630308109e-01	   5.2167624553370984e-02	   6.8759112376453113e-01	   1.6465347241854883e-01	   2.8144388817305604e-01	   5.8263699638787603e-01	   5.7481182244767881e-01	   8.7218212343048176e-02	   5.8086136857379567e-01	   6.0493729785119899e-01	   2.6017495136626635e-02	  -2.2457727286295981e-01	   3.5413854246161162e-02	   1.7648083180748873e-02	  -1.4948712205751366e-01	   1.5980921087561750e-01	   6.6612867384359634e-02	   4.6946806121115670e-01	   5.3425256621854988e-01	  -2.4277139012866572e-01	   7.2887151983277901e-02	   6.3893027969950458e-02	   4.1401855741222060e-01	   1.7323358469281658e-01	   7.6803611573526012e-02	   8.9493067121830472e-02	   3.6098481214560735e-01	  -1.8813036138131667e-01	   2.5667636987824011e-01	  -1.4262539882838947e-02	   1.7991882867918929e-01	  -8.9472132761209688e-02	   3.9948929605426736e-01	   1.8141366364268158e-01	   1.9742324165033562e-01	   2.4384107679868322e-01	   3.0160183408213803e-01	   4.5037104684016188e-01	   4.1803769419246445e-01	   5.2722959441885198e-01	   3.2515716960949748e-01	   5.1621420340528390e-01	   1.5692790636093806e-01	   4.6014827608832509e-01	  -2.2819278011662231e-01	   6.2243106936709347e-01	   8.5804676350474263e-01	   7.5611653243253668e-02	   6.4205953365841295e-01	   2.2228448427963751e-01	   5.3549224373255377e-01	  -8.3886629419607853e-03	   4.4930493324422860e-01	   4.1833364767793518e-01	   2.8865793278831209e-01	   2.4883263285912253e-03	   4.4150934041180212e-01	   3.0802931996871008e-01	   7.9237951965345843e-01	   7.0168707515155959e-01	  -3.9309242950655504e-01	   3.7696619412008503e-01	   3.4151975666041257e-01	   3.9245441866368058e-01	   1.3283455607602412e-01	   5.4866881304713955e-01	   4.0759818774921974e-01	   5.5070144536197319e-01	   1.9817392482733326e-01	   6.2165857542846793e-02	   5.3121655275345236e-01	   6.5535087756584964e-01	   5.0624192986609606e-01	   4.6520030071230856e-01	  -4.8251506234354572e-03	   6.6680746387467948e-01	   2.6047033904925665e-01	   5.9409790302559273e-01	  -4.9129536391187134e-01	   7.7418736923901932e-01	
   9.4776567668615835e-02	   0.0000000000000000e+00	  -2.0646934769733194e-01	   2.4516464533030791e-01	   3.4380477834904763e-02	  -1.0816264404732967e-01	  -1.9365636193524727e-01	   4.3472842230067965e-01	   1.6840844287057576e-02	  -2.9630468463525395e-01	   2.2115504842796693e-01	   5.9396701215733094e-01	   2.6240574606366501e-01	   5.3860709275977681e-01	   1.3106798004126546e-01	  -2.3948018389936890e-02	   3.6544645843352069e-01	   4.2806515703943349e-01	   2.5957526777685969e-01	   4.1122772680560821e-01	   5.0936076070732797e-03	  -7.7116747974976974e-02	  -2.3371953438639029e-01	  -2.3370423244415767e-01	  -8.4100386514400938e-02	  -1.8824191364067916e-01	   3.0770562407888388e-02	   1.8001999376241748e-01	   1.3608697675347359e-01	   5.1698172324096026e-01	   4.7292292719797416e-02	  -5.9075866748501037e-02	   2.2384128298242109e-01	   3.6559346857296193e-01	  -2.8593734254653759e-02	   5.4817679251643291e-02	  -1.1010970558891671e-01	   1.7418458244260163e-01	  -1.4420854824168261e-01	   1.3571417530916645e-02	  -1.7692258308176806e-01	   2.3027790811837684e-01	   2.8223058139177502e-02	   1.2522400765355229e-01	   9.9445616701287591e-03	  -1.4824215832062801e-02	   1.0101964862511936e-01	   3.0735008742382185e-02	   1.0578710175064017e-01	   1.6913044050058046e-01	   1.3055191182617809e-01	   8.2627482999703628e-02	   3.9418440665295190e-01	  -2.9119619616979304e-02	   2.7306175687616613e-01	  -1.4848687209698144e-01	  -3.2402976760060063e-02	   8.7303470603442401e-01	   2.4487779212930599e-01	   5.7161608769310268e-01	   2.6929347015568250e-01	   4.1167974290422482e-01	   2.2069276742110597e-01	   4.7481713079480947e-01	  -8.6779030219370501e-02	  -1.3399893409754688e-02	   1.5565078927432113e-01	   1.5822924019125273e-01	   1.2467359922074715e-01	   9.5716799975117034e-02	   2.3684028945696450e-01	  -5.1402118615196515e-02	   3.6964565233206753e-01	   2.6654542862395325e-01	   3.8730681266269518e-01	   1.8008095888896081e-01	   4.6944869409976792e-01	   1.5939144748005724e-01	   9.2875208555756705e-02	   3.1100588318278083e-01	   2.8310895115912443e-01	   1.7664391445477953e-01	   3.9279637374682930e-01	   1.1756071905171697e-01	   5.2111624722808880e-01	  -9.6045344160644086e-02	   1.1310295183502111e-01	  -1.7054238994056814e-01	   4.5344865785054289e-01	  -2.0403876131172466e-01	
   4.4099117840751906e-01	  -2.0646934769733194e-01	   0.0000000000000000e+00	   3.5529753684800375e-01	  -2.7512302953767592e-01	   3.4193447640772068e-01	   5.1541098892791681e-01	  -1.5672900041586234e-02	  -3.6095008358716307e-01	   4.3640007925157820e-01	   4.8308821332144880e-01	  -1.5117139634567467e-01	   4.0760697188557071e-01	   4.5850095171828864e-02	   2.2288979569535577e-01	   5.6025659788594884e-01	   2.1011888396566653e-01	  -1.3779492327979168e-01	   6.5003420962319258e-01	   3.7493422158092971e-01	  -3.9561594532461976e-02	   2.3159031247252632e-02	   7.5778743163211115e-01	   5.7553816475458230e-01	   3.9032167902106152e-01	   4.9252939937770296e-01	   2.2384492904068909e-01	   3.0473405719619018e-01	   7.6462953262941988e-02	  -4.4978948093174742e-01	   3.0138035548835940e-01	   3.2776220466591560e-01	   1.4875153461756316e-01	   1.1540871130260064e-01	   4.4775731953454834e-01	   3.1167371205882610e-01	   1.2318723563958507e-02	  -1.7724752932156335e-01	   2.0233975334386547e-02	  -1.6367851290906354e-01	   2.2331269815337618e-02	  -1.1912956441167998e-01	   3.0726267848330746e-01	   7.0060216294725780e-02	   2.5537221735917759e-01	   7.8459618153901289e-02	   1.9315493044627918e-01	   2.5226753219151105e-01	   7.0755551432104463e-02	   1.2106429644208008e-01	   2.5057456865098499e-01	   1.7457552182460268e-01	   4.6065809583823836e-02	   2.2668991465022689e-01	   8.3439895044496084e-03	   4.0807130135247782e-01	   4.1916480003055023e-01	  -2.6220721849468664e-01	  -1.0660583818802542e-01	  -3.3639262876696363e-01	  -6.0804903874275708e-02	  -1.7456152766947119e-01	  -1.7746681024172470e-01	  -2.3892973434867187e-01	   3.3425496066252980e-01	   3.6079228188256374e-01	   1.9632043628302293e-01	   1.6401478374576703e-01	   4.3000651228336279e-01	   3.6850305985282877e-01	  -8.6767509328796247e-02	   4.2114825814057433e-01	   3.1118531554792983e-01	   2.5968616987276200e-01	   2.2940115517403348e-01	   3.2590036649792808e-01	   3.3014109809114989e-01	   3.1896974345808277e-01	   1.3203096199572129e-02	  -5.5465667810954432e-02	   3.9620866227889504e-02	   1.6506629409126217e-01	   1.6861774582474195e-01	   1.8742087496088933e-01	   4.6010825006624493e-03	   3.1197569834649791e-01	  -2.0493939278783454e-03	   4.1139237193139722e-01	  -1.8711424321731701e-02	   5.0084124132116925e-01	
   1.1267999733605686e-02	   2.4516464533030791e-01	   3.5529753684800375e-01	   0.0000000000000000e+00	   3.4883664470463227e-01	   5.1172845319823224e-01	   2.8982041591703195e-01	   7.3541635549352846e-01	   2.0607567967602985e-01	   2.3154143875796993e-01	  -8.5746713716167128e-02	   2.9429112291422160e-01	   2.3801895503677485e-02	   2.8958109549267802e-01	   2.4185811976220650e-01	   9.0640129319448745e-02	  -1.5314411956215332e-01	  -1.2143437883823437e-01	   2.9766141881116825e-01	   4.4817679593985138e-01	  -9.3243129320592505e-02	   4.3266660762421610e-02	   3.8259343314538385e-01	   5.6615356683809981e-01	   4.0454224250666015e-01	   5.2508771541938581e-01	   2.8819241586543026e-01	   3.4583505075395204e-01	  -2.1830129002890952e-01	  -1.5686608869755751e-02	   2.5775368712925045e-01	   3.1719903989162446e-01	   2.7345497971100008e-01	   5.8890048187155652e-01	   6.8360292528998023e-01	   5.5113417382296526e-01	  -2.2114584081300315e-01	   3.4474157523076177e-01	  -1.5158855194006718e-01	   1.2621237739350330e-01	  -3.4035645021664362e-01	   2.6520236752676224e-01	   4.1064347988922367e-01	   3.9441666776334183e-01	   5.3394883640928892e-01	   4.6115228641526607e-01	   4.0377176502118323e-01	   3.6046475489697027e-01	   2.0658591383913796e-01	   4.0034579348115445e-01	   5.7511183966962121e-01	   3.7016003212331122e-01	   3.3362690575695148e-01	   1.4822858659851232e-01	   4.4106989110608719e-01	   1.7694277950110854e-01	  -1.3685459561303806e-01	   2.5232997528262824e-01	   1.3918039422836148e-01	   3.2691928452283969e-01	   1.4007596521993773e-01	   5.4823937474697981e-01	  -4.3279385840878586e-02	  -1.0401015427240316e-02	   4.8346904344953390e-01	   6.8138295490460665e-01	   6.0559172444227294e-01	   6.0902878088274537e-01	   3.0972982356820367e-01	   4.1776319375564414e-01	   2.2881409519053569e-01	   2.4711443084868814e-01	   3.2826711200986944e-02	   2.3274500232354713e-03	   1.8884975397864517e-01	   9.3853144554773837e-02	   3.7558931298560316e-01	   3.1294691425162247e-01	  -5.1464106508629773e-02	   8.4351796790699762e-02	   4.8441265521933702e-02	   2.3906710807923670e-02	  -3.8542324049230400e-02	   9.1677846138172051e-02	   3.7302180362843207e-01	   1.5088960149781144e-01	   5.9551796765800122e-02	  -3.4840699182035959e-02	   4.4279226247205361e-01	   2.0585336414773328e-01	
  -1.6158865049023247e-01	   3.4380477834904763e-02	  -2.7512302953767592e-01	   3.4883664470463227e-01	   0.0000000000000000e+00	   4.2387538356301008e-01	   7.9116811346906540e-02	   5.0351544484802901e-01	   9.0316999011071264e-01	   3.1844198794886874e-01	  -5.4983465217519367e-01	   1.3892942247044179e-01	  -2.5824052676182008e-01	   1.0496477765810718e-01	   4.0161590699023308e-01	  -1.7997929023797057e-01	  -2.8445231373895485e-01	   1.4437273054869072e-02	  -2.2484002960851177e-01	   7.7532237299208800e-02	  -2.2050753645167728e-02	  -4.3093217495046708e-02	  -1.6332406332321078e-01	   1.7713560315169966e-01	   1.2813344251443946e-02	   1.0040954169438826e-01	   1.4782092429013921e-01	   1.2624343225063367e-01	  -2.1288154119788211e-01	   3.1432334320859406e-01	   1.0012227680216473e-01	   1.1088777393799731e-01	   1.7834282930678594e-01	   3.4194353894301105e-01	   2.4142418850115072e-01	   2.6370282304259063e-01	   4.8026452467145549e-02	   3.5121684121369712e-01	   5.2869518364693391e-02	   2.9055243038908452e-01	  -1.9212746652682039e-01	   2.3768460428312962e-01	   2.4662403607986408e-01	   1.4678062213858839e-01	   2.5417473510285438e-01	   2.1936571567505594e-01	   2.6667356729418012e-01	   1.7907650516216622e-01	   2.3718533407942416e-01	   2.4122599274298920e-01	   2.6454188245523214e-01	   1.8552009376366838e-01	   6.2596663336776340e-02	   7.2817062313323730e-02	   2.8456343647003424e-01	  -4.1585351441745605e-02	  -2.9706169459595072e-01	   2.0197148601595499e-01	   3.5181988595012825e-01	   4.2936925280800153e-01	   3.2732272018887387e-01	   5.6771764672113312e-01	   2.5397869648980259e-01	   1.8924712675184782e-01	   3.4509834180232418e-01	   2.1551574032317788e-01	   4.5575606763391990e-01	   3.5737958729210062e-01	   8.5240492799345841e-02	   1.1994805553831356e-01	  -1.3546019144556345e-01	  -1.8922021232559935e-01	  -3.2573507120879097e-01	  -6.9757767615179642e-02	  -1.7533730360913041e-01	  -9.4618573483628010e-02	   4.6837459249993288e-02	   1.3201489868483424e-01	  -2.6316241397779988e-01	   8.4846253934821481e-02	  -6.1464350136859323e-02	  -9.0856357510244873e-02	  -1.7435559491478123e-01	  -5.2106532890241586e-02	  -2.8148089237015783e-02	  -1.4954379754505540e-01	   1.0634349416206521e-01	  -2.5398619938920114e-01	   1.5388890736029358e-02	  -1.1779276435522772e-01	
   4.6155337014444209e-01	  -1.0816264404732967e-01	   3.4193447640772068e-01	   5.1172845319823224e-01	   4.2387538356301008e-01	   0.0000000000000000e+00	   7.0483628363415796e-01	   3.1105384803633174e-01	   3.2791625999434620e-01	   7.9145500155118542e-01	   4.1911056144059025e-03	   6.0023133004596267e-02	   2.2388145999712653e-01	   1.3759480471974017e-01	   3.2430748176516799e-01	   3.5964870542415295e-01	  -2.3523169157155147e-02	  -9.3441656285832730e-02	   2.0155912312983015e-01	   3.4679652671895050e-01	  -1.1751091111688779e-01	  -9.8351997563849713e-02	   2.3520503876150445e-01	   4.1939393156431004e-01	   5.8993827830267270e-02	   3.7228419539522450e-01	   2.6759862991028605e-01	   4.0910971874744906e-01	   6.3288036614448998e-02	  -2.3678941518418412e-01	   2.8855959935661013e-01	   2.8448686537832535e-01	   4.2714248517503733e-01	   3.3524005245547600e-01	   3.2511162135155608e-01	   2.9622698136007203e-01	   1.2452138542167124e-01	  -3.5331720863893586e-02	   1.4155386098405554e-01	   8.7749443164907584e-02	  -2.6294514140464867e-02	   1.5708314401230359e-02	   3.9658057566258387e-01	   3.1903110232464954e-01	   4.1399808545998995e-01	   4.1508015116611985e-01	   3.3557260960997376e-01	   5.0228727725837230e-01	   3.7948058883416119e-01	   4.9837576601469519e-01	   4.4366392223107998e-01	   4.9362035077039290e-01	   1.5356825484581560e-01	   4.2173028935636470e-01	   5.9836264891898888e-02	   5.0044962750168842e-01	   3.7483013452054437e-01	  -5.1464582015082916e-02	   5.0507762403734291e-01	   3.6531222800448826e-01	   4.9725009675248588e-01	   5.2727921979022085e-01	   3.1519951444030975e-01	   2.5483395191868968e-01	   5.7786017000982404e-01	   3.5188275282663739e-01	   5.6907323927192921e-01	   4.7870436839445840e-01	   5.0541153886463475e-01	   5.7129064184194489e-01	  -1.8721360854321428e-01	   1.4254272097145090e-01	   3.5682872831557827e-02	   1.5691941417821792e-01	   7.3066087371625038e-03	   3.7611192932319693e-01	   2.7908976749661063e-01	   4.3465174249825184e-01	  -9.7197920146112185e-02	  -1.7329866798518123e-01	   1.7448892076686517e-01	   3.0023457863656888e-01	  -1.1660711346180288e-02	   2.4926245143913900e-01	  -1.4064857350998797e-01	   4.0559226297021145e-01	   8.8696239072475508e-02	   2.4331202124152748e-01	  -2.1096431382780426e-01	   6.1119737291870901e-01	
   6.5661946856021192e-01	  -1.9365636193524727e-01	   5.1541098892791681e-01	   2.8982041591703195e-01	   7.9116811346906540e-02	   7.0483628363415796e-01	   0.0000000000000000e+00	   1.3470000453994035e-01	   3.0924326468112537e-02	   7.6804626225635420e-01	   2.5420092978368253e-01	  -9.4532966076968816e-02	   4.4772462649503814e-01	   8.9841847224131841e-02	   2.8664943782777114e-01	   4.5788683023228238e-01	   1.9630223672318409e-01	  -1.0775327838671111e-02	   3.1953211145467131e-01	   4.0949171687651337e-01	  -1.3026725547239365e-01	   1.4291114921208209e-02	   2.5498303034482500e-01	   2.9929224728046067e-01	  -9.8132619813929955e-02	   3.5967329071740622e-01	   5.0922114170220412e-02	   2.3472176196197331e-01	   3.1067845057275162e-01	  -3.4703605747189914e-01	   3.4277836421168506e-01	   3.7541781097904336e-01	   5.5930777834073064e-01	   3.7634471881203913e-01	   3.0586910776908321e-01	   1.5858019064550571e-01	   3.4837481878440624e-01	  -1.1903767144299993e-01	   2.8098411642356169e-01	   9.0273058546074800e-02	   2.2250286471264663e-01	  -6.9834358795317020e-02	   4.4034138035194725e-01	   3.3615880277754523e-01	   3.9664220738915201e-01	   4.1125974521920439e-01	   3.4925777987916706e-01	   5.0036453162831107e-01	   4.0600617971090402e-01	   4.6865526845801148e-01	   4.9771697923644675e-01	   5.1001926258580210e-01	   1.3499830804517057e-01	   6.5254206538100434e-01	  -7.3917030601660216e-02	   7.4809232391856018e-01	   6.7457907702792075e-01	  -1.1306783284098225e-01	   5.2880992165458229e-01	   2.1481691996139402e-01	   5.3691195638135469e-01	   3.1629659891582113e-01	   4.4898030919801485e-01	   3.2274451187181541e-01	   6.2392716052296637e-01	   2.3385578788757039e-01	   5.4828200392938375e-01	   4.1742706140874147e-01	   5.5573440032680033e-01	   6.6032476968502696e-01	  -9.1644475252997834e-02	   4.6644156811287346e-01	   1.5800862037683230e-01	   2.2643958496597522e-01	  -7.3111663302411353e-02	   4.0769857755510575e-01	   3.6514302444192193e-01	   6.0094121569016079e-01	   5.2518683932959102e-02	  -1.2046052149218650e-01	   3.8044541213673083e-01	   5.2444710668257366e-01	   9.5528727955058179e-02	   2.9091410566917808e-01	  -1.4079813238864483e-01	   6.6735583721285907e-01	   9.4660678756191122e-02	   4.9233601724378429e-01	  -4.2048497028748888e-01	   8.3312575289381419e-01	
  -2.0794122239999968e-01	   4.3472842230067965e-01	  -1.5672900041586234e-02	   7.3541635549352846e-01	   5.0351544484802901e-01	   3.1105384803633174e-01	   1.3470000453994035e-01	   0.0000000000000000e+00	   3.5795215770459299e-01	   2.5560477887497712e-02	  -1.3982758175694085e-01	   5.5604088714108557e-01	   2.5140504605298014e-02	   5.1960331092356671e-01	   3.8542424783200624e-01	  -7.7945946514249242e-02	  -4.7305905597347875e-02	   1.6602082333115808e-01	   1.8446632899360185e-01	   2.7211911210617867e-01	  -2.2816873550123393e-01	   3.0251390694512111e-02	  -1.4624530199092076e-02	   2.0357954369805178e-01	   4.1082493419493639e-02	   7.4332472442833974e-02	   1.2444945230543293e-01	   8.5711671333582262e-02	  -2.8944799359420820e-01	   3.4286365944068747e-01	   1.1159453249191294e-01	   9.1454773560040614e-02	   1.9013443139615760e-01	   4.9707968929333424e-01	   3.7129997226416939e-01	   2.5007690304122215e-01	  -2.7501238567102776e-01	   3.5929331673492343e-01	  -3.0308403772567893e-01	   1.9405562768894997e-02	  -3.2087791257876574e-01	   2.6336209498171648e-01	   1.2510110805328478e-01	   2.3928222994530721e-01	   3.1060220051968168e-01	   2.1861461413455088e-01	   1.7416108772678313e-01	   1.1435018926631502e-01	   3.6446800680243696e-02	   1.9278458224405803e-01	   3.3849614910075054e-01	   9.0135752243644798e-02	   3.3068664613162235e-01	   9.7807422845310660e-02	   4.9379168999738760e-01	  -1.1390378448850330e-01	  -3.8365581664355791e-01	   4.6747469087004501e-01	   1.0956066121827038e-01	   4.7913080361103377e-01	   2.2423067238094854e-01	   7.4971534385010008e-01	   5.7875739334307993e-02	   7.4487005400016196e-02	   5.2551555450773013e-01	   5.9920176085233023e-01	   3.6688646119919199e-01	   3.7897118608995306e-01	   7.8813608761856210e-02	   1.3631669163222215e-01	   3.2861228778773183e-01	  -8.2344798526631346e-02	   2.9077709487820128e-02	   9.3284487787281961e-03	   2.6779455977661015e-01	  -2.2096738888515759e-02	   3.4543705503865196e-01	   1.8547621759959726e-01	  -8.8739508706533368e-02	   1.9080659373008613e-01	  -5.8117080912584275e-03	  -1.0657294210285961e-01	  -1.6836722808323629e-02	  -9.4662506249305056e-02	   4.7752008655805728e-01	  -1.2170835565147867e-01	  -6.9439815807810668e-02	  -3.1612480543297194e-01	   6.1258472388015495e-01	  -1.2860041713684323e-01	
  -6.2153417247540269e-02	   1.6840844287057576e-02	  -3.6095008358716307e-01	   2.0607567967602985e-01	   9.0316999011071264e-01	   3.2791625999434620e-01	   3.0924326468112537e-02	   3.5795215770459299e-01	   0.0000000000000000e+00	   3.2443284396322003e-01	  -4.6262707322326957e-01	   1.1568903674400022e-01	  -1.8137348273783979e-01	   7.9960510311145996e-02	   4.1900133723257360e-01	  -1.6176631176568448e-01	  -1.5803519775370042e-01	   8.2127418397701671e-02	  -2.1389056993929284e-01	   1.0170114181375636e-01	   6.3294797622427124e-02	  -1.1243427903253372e-01	  -3.3370263318533833e-01	   4.7454592638207505e-02	  -8.7357478454477333e-02	   1.7744528638003451e-02	   7.8950801858526598e-02	   1.0153558011447819e-01	  -1.2172884531907001e-01	   3.3730440673063422e-01	  -7.1236071242730292e-02	  -1.4582400675950276e-03	   7.0328724108451451e-02	   2.0536669528382406e-01	   1.4565223969567520e-01	   2.6090965503667607e-01	   9.4555620158987025e-02	   2.7165762945214622e-01	   6.6905465649094248e-02	   2.4215154597383332e-01	  -1.6366624502031260e-01	   2.0081476614542448e-01	   2.1169123470621581e-01	   8.8426862162525044e-02	   1.4182190159824198e-01	   1.5673857733013058e-01	   1.9050556914285066e-01	   1.2874850522580153e-01	   2.0576623761791407e-01	   2.5825979429269152e-01	   1.6599248572303865e-01	   1.6282949466407140e-01	   2.9855796388460767e-02	   2.5415469253638683e-02	   1.5444195943540279e-01	  -5.7778822350758367e-02	  -2.3383979664470772e-01	   1.5685227031290683e-01	   4.0113701074025337e-01	   3.6609508226676496e-01	   3.5544568745246641e-01	   4.3753882697042379e-01	   3.0900736824653124e-01	   2.0340952017647779e-01	   2.9497916557863063e-01	   1.2917019416719563e-01	   4.0550694143270727e-01	   2.5877499501606632e-01	   1.6889808608267504e-01	   1.4712577435995147e-01	  -2.9814654285836056e-01	  -2.6657788310614122e-01	  -3.6820159457443818e-01	  -9.0142179789191479e-02	  -1.7305597217894847e-01	  -1.2882294173476525e-01	   3.0432544441824924e-03	   1.4273568734788761e-01	  -1.8779234763956329e-01	   7.6339502813560042e-02	   1.1008117260450629e-02	  -1.8000631013280140e-02	  -9.3586096905605154e-02	  -3.0160844126733671e-02	  -3.1004083060410036e-02	  -1.0974581798617886e-01	   1.7741525085344495e-01	  -2.0272391263157330e-01	  -1.1582924131874589e-01	  -1.0706945396651231e-01	
   5.8602093068034988e-01	  -2.9630468463525395e-01	   4.3640007925157820e-01	   2.3154143875796993e-01	   3.1844198794886874e-01	   7.9145500155118542e-01	   7.6804626225635420e-01	   2.5560477887497712e-02	   3.2443284396322003e-01	   0.0000000000000000e+00	   6.7767318551545580e-02	  -2.1080568945668274e-01	   2.6648957702553955e-01	   3.8054300376510503e-02	   3.6274821486588515e-01	   5.6892379218643252e-01	   1.3118725446421264e-01	   3.6713142387443359e-02	   2.5020209898273627e-01	   3.2810810515403693e-01	   1.1072363076340857e-02	  -1.0033249213642605e-02	   2.9440248504089395e-01	   4.8389637105841232e-01	   1.8625547717121604e-02	   4.4922083978340677e-01	   3.1548188210819605e-01	   3.7714519559209753e-01	   2.5424280171707536e-01	  -2.9498014613848500e-01	   3.2377350799421684e-01	   4.2406373534733671e-01	   4.5814952224434097e-01	   3.0362143202590119e-01	   3.6775629875026628e-01	   3.1647249390551685e-01	   3.1025532909027781e-01	  -6.8276593650423587e-02	   2.8219559338762351e-01	   3.8922218602257107e-02	   1.7639900326849003e-01	  -8.8163435821029354e-02	   3.9151024737891205e-01	   1.7350042971878452e-01	   3.2509990434302960e-01	   2.8676601176887867e-01	   3.1465556768112857e-01	   4.6079022202415515e-01	   3.7939693608567682e-01	   4.0803969708043875e-01	   3.2885552818126418e-01	   3.8674212787071716e-01	  -2.4189938953362387e-02	   4.9996930683054330e-01	  -1.1088752612751350e-01	   6.5762917211267191e-01	   6.3191562282112601e-01	  -1.9171552971713657e-01	   5.6242674907816137e-01	   1.7185610908034482e-01	   5.1773409858973507e-01	   2.5570412196405023e-01	   4.3045191560095197e-01	   2.6022268181669761e-01	   5.6928098421808393e-01	   2.7943535818027027e-01	   5.3541404798269621e-01	   3.5799502972628094e-01	   5.1719676853209051e-01	   6.1715032915209667e-01	  -3.1956206868418169e-01	   2.4947459972237218e-01	   4.2436544329140340e-02	   1.9545666716950874e-01	  -7.0748626647123156e-02	   4.0587667950577744e-01	   2.2228820727215032e-01	   4.7299541106914000e-01	  -2.5703141227116755e-02	  -2.1807315396785187e-01	   2.4934070011143764e-01	   4.3481169507637857e-01	   1.7044234425851870e-02	   3.0309072839483497e-01	  -3.8291998596746762e-01	   4.9124539544186041e-01	   1.6908293341564451e-01	   4.5643523759086335e-01	  -5.0591856836010130e-01	   7.3717760768802620e-01	
   6.6703354630308109e-01	   2.2115504842796693e-01	   4.8308821332144880e-01	  -8.5746713716167128e-02	  -5.4983465217519367e-01	   4.1911056144059025e-03	   2.5420092978368253e-01	  -1.3982758175694085e-01	  -4.6262707322326957e-01	   6.7767318551545580e-02	   0.0000000000000000e+00	   3.6678334993098249e-01	   7.9675180896233677e-01	   4.1341178203547507e-01	   2.2768178723606652e-01	   4.8330023037225989e-01	   6.7546144600367208e-01	   9.6138206348575422e-02	   7.1003843872758177e-01	   4.0682704076067799e-01	   2.1747661532439129e-02	  -2.0465033435606195e-01	   6.0539355761726435e-02	  -1.8839517684735796e-01	  -7.6547966184002489e-02	  -1.4605868479859460e-01	  -8.5299365139195032e-02	   1.9553982163962769e-01	   3.6094164148411084e-01	  -6.5945387837688108e-02	  -1.7068197049617428e-01	  -2.6034014422778512e-01	   7.0626270821097402e-03	  -1.3782364740289532e-01	  -4.4305615197455954e-02	  -3.9102936200844880e-02	   2.0971978725905593e-01	  -3.1518168678181385e-01	   4.2807633312917412e-02	  -1.3295480373904356e-01	   1.4641310725094506e-01	  -1.7894092274102064e-02	   1.4403429506643073e-01	   5.9529758436665865e-02	   8.3133402278000867e-03	   2.1455103737351125e-03	   8.7415551939046335e-02	   1.3609962614104240e-01	   1.0588566974737135e-01	   2.4350567122275257e-01	   7.2312153967613743e-02	   1.4605331330346388e-01	   2.1168362558759854e-01	   1.7480748219605702e-01	  -7.9487697233365906e-02	   2.1988456398729928e-01	   5.1990641602323917e-01	   6.2819162796332109e-02	   1.4931260350855419e-01	  -1.0200507072830672e-01	   2.0543274148230067e-01	  -2.4929039528296318e-01	   6.4042678887913915e-02	   1.9898974831512501e-02	   1.0461807840228061e-02	  -4.1940131162527906e-02	  -3.6045872952613071e-02	  -7.4473418364769867e-02	   5.4891655795076078e-01	   2.9863975550570515e-01	  -2.0510555242256664e-01	   1.6476896713917097e-01	   4.9236682095506051e-01	   4.0781676038375192e-01	   3.9829968978342606e-01	   3.9234788696227768e-01	   4.1111878660622325e-01	   3.5805973904432414e-01	   2.0815980878768364e-01	   8.4318745198435976e-02	   3.2506002734536688e-01	   3.1829766195243103e-01	   5.7159955692633813e-01	   3.0263021117191086e-01	   2.5464650858239901e-01	   3.0398370432049421e-01	   2.7107673932207983e-02	   3.5004240450829827e-01	  -2.4407983351365528e-02	   4.1021017635708679e-01	
   5.2167624553370984e-02	   5.9396701215733094e-01	  -1.5117139634567467e-01	   2.9429112291422160e-01	   1.3892942247044179e-01	   6.0023133004596267e-02	  -9.4532966076968816e-02	   5.5604088714108557e-01	   1.1568903674400022e-01	  -2.1080568945668274e-01	   3.6678334993098249e-01	   0.0000000000000000e+00	   4.0608586535563296e-01	   7.5630686223802479e-01	   2.4575582797760714e-01	  -8.5556846756912303e-02	   1.8849559868492591e-01	   2.3926282068174642e-01	   1.8909039287755752e-01	   1.9173442860985407e-01	  -8.0296997505844667e-02	  -1.7283840363908962e-01	  -3.2138798931736923e-01	  -3.3809255081608336e-01	  -7.2271189828111676e-02	  -2.1514999438370991e-01	  -1.9108320507794302e-01	   2.5526130378018097e-02	  -5.1632893207048315e-02	   5.7039842142106267e-01	  -1.6667326580472255e-01	  -3.1910124613667873e-01	   6.7765567697783469e-02	   1.6588077805743090e-01	   2.8037858652744524e-03	  -2.2577890867831997e-02	   3.6734522310984245e-03	   8.7035905562790727e-02	  -1.2210219444983091e-01	   1.7170542079411139e-01	  -1.7225152546498745e-01	   2.6370220536066230e-01	   4.3383634780622404e-02	   1.3412523396502402e-01	   7.5689184221376341e-02	   1.2030049868232445e-01	   4.2193198145083981e-02	   4.2873943264650952e-02	   1.0149077137376424e-01	   2.8744206630509073e-01	   1.2601001307587534e-01	   5.9506897802161923e-02	   3.0165876191904528e-01	  -1.0834048045669067e-01	   3.0941586271744270e-01	  -2.2372339285787674e-01	  -2.1930031112865764e-01	   5.6848805528188551e-01	   2.2323423410189797e-01	   4.5291882883510881e-01	   4.1104981475964275e-01	   5.0768489507686343e-01	   1.1440213461088002e-01	   2.2473851294067149e-01	   5.0795563971344923e-02	   9.7238097195244150e-02	   1.1588740961843599e-01	   9.0069017739068641e-02	   2.0145853016509541e-01	   7.7710519932723994e-03	   1.2650665362298555e-01	  -1.5675369295527578e-01	   1.5636199451902136e-01	   1.9074589670964770e-01	   2.9472652676368083e-01	   2.7291084219008055e-02	   3.5473850841209265e-01	   1.5832312344534089e-01	  -9.0890958972371066e-02	   1.3276349059038345e-01	   5.3507629959546693e-02	  -5.6318865519192365e-02	   2.2286775884245735e-01	   8.8473248393075327e-02	   4.1528229486969648e-01	  -1.9444416061983502e-01	  -2.4473354921560170e-01	  -3.9097882258471039e-01	   4.5547035633085897e-01	  -1.4337679493945768e-01	
   6.8759112376453113e-01	   2.6240574606366501e-01	   4.0760697188557071e-01	   2.3801895503677485e-02	  -2.5824052676182008e-01	   2.2388145999712653e-01	   4.4772462649503814e-01	   2.5140504605298014e-02	  -1.8137348273783979e-01	   2.6648957702553955e-01	   7.9675180896233677e-01	   4.0608586535563296e-01	   0.0000000000000000e+00	   6.2196667001490857e-01	   5.2916730167396486e-01	   6.3354868098934514e-01	   6.3138432606111394e-01	   3.2859070753586223e-01	   5.5000025187637913e-01	   4.5639689454272825e-01	   7.1563030120650184e-02	  -8.6095427708338695e-02	   2.5768129697079804e-02	  -6.9593869255192176e-02	  -9.8468822288536123e-02	  -4.1416712496924593e-02	  -4.0790448818962431e-03	   3.4651657613338233e-01	   4.9519705818377036e-01	   1.1231906615056196e-01	  -2.1137026176761425e-02	  -8.0084575002193292e-02	   2.6078430801379804e-01	   7.9501711797847721e-02	   1.3450537266246865e-01	   3.1084534141981472e-02	   2.8990079555253667e-01	  -2.7745800546941962e-01	   1.3896175422974799e-01	   2.4472158755251727e-02	   2.1000918784398692e-01	   9.9851216024310671e-02	   1.2442870092298851e-01	   1.7836190151463843e-01	   6.4653272447528484e-02	   4.5115904855439787e-02	   6.4888711247898787e-02	   2.0075456857094537e-01	   1.9621625004609264e-01	   2.6994694255114737e-01	   1.5504819773206768e-01	   2.1796933127314208e-01	   1.2816211517695680e-01	   2.7290793449844508e-01	  -4.4396722672860732e-02	   3.0299391320635510e-01	   5.4891576344976578e-01	   1.6297669844366469e-01	   2.9292685187601147e-01	   6.0238153023962016e-02	   4.0121258342832772e-01	   6.1776520918536110e-02	   3.7112155481179598e-01	   2.9128274681034594e-01	   3.4923427120626804e-01	   1.1394258894489515e-01	   5.9639833082042314e-02	  -8.7889316286974578e-02	   5.9077463648802198e-01	   4.1804479225611602e-01	  -2.3466841079756492e-01	   6.2057117166686715e-02	   3.9564039570181464e-01	   4.9120830540930882e-01	   2.3300766424181657e-01	   3.9690160566461402e-01	   3.6389883187363681e-01	   3.2745100951439299e-01	   1.7117692141235646e-01	   5.1220062312610892e-02	   4.0958782316797154e-01	   4.2947302788457620e-01	   6.0703382643960158e-01	   4.8992317500308175e-01	   2.3255441447151515e-01	   3.6834477746819955e-01	   1.2202284509599692e-01	   3.6106630263401618e-01	  -1.3601766000243318e-01	   4.6581746943212560e-01	
   1.6465347241854883e-01	   5.3860709275977681e-01	   4.5850095171828864e-02	   2.8958109549267802e-01	   1.0496477765810718e-01	   1.3759480471974017e-01	   8.9841847224131841e-02	   5.1960331092356671e-01	   7.9960510311145996e-02	   3.8054300376510503e-02	   4.1341178203547507e-01	   7.5630686223802479e-01	   6.2196667001490857e-01	   0.0000000000000000e+00	   5.3264176564537957e-01	   3.6844813744206711e-01	   3.4043755187189345e-01	   4.0385430758943830e-01	   3.4830264674460393e-01	   3.2516799394094043e-01	  -3.1660366445371985e-02	   2.4858010649017607e-02	  -7.3834826608654217e-02	  -4.3372465528793439e-02	  -3.6306836055008694e-02	  -1.6067508287346396e-01	   9.1846412246779113e-02	   2.5465839286072411e-01	   1.2204769305526723e-01	   4.7812585901032256e-01	  -7.6236860831806225e-02	  -1.0612409241873252e-01	   2.4191762236660647e-01	   2.9801246595845943e-01	   2.2464247846437554e-01	   8.2541703366520877e-02	   4.1763885909064907e-02	   2.6870450154805794e-02	  -1.5819648144925125e-01	   5.5515020521917958e-02	  -9.5320914460008996e-02	   2.4701684909756869e-01	  -1.3271770170341677e-02	   1.3012673415674558e-01	   9.8939456181756702e-02	   1.6986313905893282e-03	   5.0789752219733003e-02	   3.5251785926945944e-02	   5.3851797090001381e-02	   1.4680416987696665e-01	   6.2423804468687449e-02	  -3.7625759174312015e-03	   1.3044378133029733e-01	   3.9459152694778045e-02	   1.8516820456831645e-01	  -8.5539762629160312e-02	   1.5636695096808539e-02	   4.3030335813486498e-01	   1.5914341390658787e-01	   2.7136549828874390e-01	   3.5403666711979598e-01	   4.3876752417716836e-01	   2.8943497196022494e-01	   2.9078913046398108e-01	   3.7217265241677888e-01	   3.2443405787853630e-01	   5.4998431097863315e-02	  -3.7395531833327375e-02	   2.5734335813910569e-01	   8.6462141851726820e-02	   5.4456997521609714e-02	  -1.6746088805150827e-01	   2.0173212801787452e-01	   3.2838799092022125e-01	   3.0186397278439403e-01	   2.1382537182949951e-01	   3.3130900043111111e-01	   1.5121829398229053e-01	  -1.0204879013321037e-02	   1.2272130008327009e-01	   1.3713377745832550e-01	   9.4282421261556892e-02	   4.2850211915949077e-01	   3.5762851044705762e-01	   4.2967674069496087e-01	  -3.7116314667153039e-02	  -6.1698386898439025e-02	  -1.6315556654160712e-01	   3.2085782871801044e-01	   5.0980140122660472e-03	
   2.8144388817305604e-01	   1.3106798004126546e-01	   2.2288979569535577e-01	   2.4185811976220650e-01	   4.0161590699023308e-01	   3.2430748176516799e-01	   2.8664943782777114e-01	   3.8542424783200624e-01	   4.1900133723257360e-01	   3.6274821486588515e-01	   2.2768178723606652e-01	   2.4575582797760714e-01	   5.2916730167396486e-01	   5.3264176564537957e-01	   0.0000000000000000e+00	   5.8015842934257744e-01	   4.0315220125288143e-01	   2.9861388629522528e-01	   3.7723237315704872e-01	   3.4771276645344584e-01	  -1.9035842954645908e-02	  -9.5004737350503271e-02	   7.5214763822784900e-02	   2.2411486139701520e-01	  -4.9108603048390265e-02	   3.1141231773675190e-03	   2.4942564918832860e-01	   4.5016107922509896e-01	   3.1439516465926648e-01	   3.0077894837516117e-01	  -4.5952508251781495e-02	   4.4624701262019659e-02	   1.2730716580628998e-01	   1.7423625946059951e-01	   3.2417834706423415e-01	   1.4635137807126009e-01	   8.2015072339952991e-02	  -7.0460057850647906e-02	  -5.2101636370245841e-02	   5.5631724027760225e-04	  -1.1680544315579383e-02	   1.2714473772839591e-01	   1.2519183360529579e-01	   1.3010226889315699e-01	   1.1520680842429538e-01	  -7.7846130392685911e-03	   1.5143362370044422e-01	   1.2357883933738320e-01	   1.1981224607879526e-01	   1.6362398172942730e-01	   1.9045922057460160e-01	   1.6398641952734411e-01	   1.0587335254593663e-01	   2.4111191799710571e-01	   1.9056626131829510e-01	   1.3468745417635924e-01	   1.4931752891819755e-01	   1.1632400474203750e-01	   2.0222200439509858e-01	   8.7992977181994558e-02	   1.9182297334552406e-01	   2.3691912663311235e-01	   2.7480211954053968e-01	   8.9037499435801887e-02	   6.2052447790429988e-01	   4.5784725519839908e-01	   1.3732416995393559e-01	  -4.7269289966025772e-02	   4.3494400193163724e-01	   3.1457517780271810e-01	  -2.5084219027364613e-01	  -1.3145740263649369e-01	   1.2619446261932822e-02	   2.1852026633218916e-01	   8.8653711623114806e-02	   1.1660879506170098e-01	   4.7981507024430228e-02	   3.8711475027158972e-02	   8.6305491450367644e-02	   2.6224409428147311e-01	   2.8120621841933668e-01	   2.4393779449469047e-01	   4.9803588205157534e-01	   3.3456330384027660e-01	   2.4879504655946019e-01	   9.5833690851079317e-02	   2.4470014040634519e-01	   5.1811794414306028e-02	   5.4062557650118262e-02	   1.6832179278439258e-01	
   5.8263699638787603e-01	  -2.3948018389936890e-02	   5.6025659788594884e-01	   9.0640129319448745e-02	  -1.7997929023797057e-01	   3.5964870542415295e-01	   4.5788683023228238e-01	  -7.7945946514249242e-02	  -1.6176631176568448e-01	   5.6892379218643252e-01	   4.8330023037225989e-01	  -8.5556846756912303e-02	   6.3354868098934514e-01	   3.6844813744206711e-01	   5.8015842934257744e-01	   0.0000000000000000e+00	   4.6934865211074073e-01	   2.4878911801331388e-01	   5.2158850956974245e-01	   3.3763213421107863e-01	  -7.7147145119998234e-02	  -7.5517463629853881e-03	   4.1983002280576620e-01	   4.0575489344613458e-01	   3.3684377188745770e-02	   2.3606061502490483e-01	   4.1632003063341311e-01	   4.7878834791490582e-01	   4.5993282408453062e-01	  -1.9402796357790342e-01	   1.6473321080148345e-01	   2.9711068687002651e-01	   3.1379642283886333e-01	   1.6625854789482764e-01	   3.3311689812344769e-01	   1.1107174135244172e-01	   6.5424876247238639e-02	  -2.8152906815044931e-01	   4.2040224438027053e-02	  -1.9806699838343905e-01	   2.2991057779796706e-01	  -9.3709308457893992e-02	   3.1049892388966119e-02	   1.3920942217456058e-03	   1.8324569506458853e-02	  -8.2301279916513537e-02	   1.4609125241013017e-02	   1.4816022346073787e-01	   1.7549267820378620e-02	   1.9188642526748834e-02	   4.0058022935137629e-03	   1.0157697528088214e-01	  -1.0806023716538619e-01	   2.6993062214710339e-01	  -1.5605311465629018e-01	   4.2932798914650827e-01	   6.3033294660998807e-01	  -1.0389653130240364e-01	   2.1149800473696356e-01	  -1.2674383480932749e-01	   1.6362058608943977e-01	  -9.5151807823681447e-02	   3.2793641658503869e-01	   9.9676478212451181e-02	   4.8762991757393198e-01	   3.3947377929858163e-01	   8.7576702645526083e-02	  -8.8562099670538658e-02	   4.5092973965891137e-01	   4.2055201863373615e-01	  -2.5738249446996475e-01	   1.2972722621058358e-01	   2.5901488422644137e-01	   3.1179990258867929e-01	   1.1685663818547440e-01	   3.4809023344723405e-01	   8.2729540732173812e-02	   1.2414620425941153e-01	   2.2167033365945646e-01	  -6.5745384090574774e-02	   3.3022953216057638e-01	   4.5584894615219973e-01	   5.1159667197557257e-01	   5.3438170798162055e-01	  -5.8819036455351234e-02	   4.2238134601908733e-01	   2.7022320251022069e-01	   4.6457565746794138e-01	  -2.2458571389851079e-01	   5.5419227136504634e-01	
   5.7481182244767881e-01	   3.6544645843352069e-01	   2.1011888396566653e-01	  -1.5314411956215332e-01	  -2.8445231373895485e-01	  -2.3523169157155147e-02	   1.9630223672318409e-01	  -4.7305905597347875e-02	  -1.5803519775370042e-01	   1.3118725446421264e-01	   6.7546144600367208e-01	   1.8849559868492591e-01	   6.3138432606111394e-01	   3.4043755187189345e-01	   4.0315220125288143e-01	   4.6934865211074073e-01	   0.0000000000000000e+00	   5.2115095537200906e-01	   5.7283948814549379e-01	   4.3955853336480399e-01	   6.0214894410233824e-03	  -1.8953318711942185e-01	  -4.0936762388014483e-02	  -1.7879755679485845e-01	  -1.5977671753216760e-01	  -1.1801642112170563e-01	   2.7307992966660627e-01	   3.0869139218417180e-01	   6.1532000846486756e-01	   2.3852694752429160e-01	  -2.2400218911165982e-02	  -5.2345538770943639e-02	   1.7302093392556378e-01	   5.2724898891065214e-02	  -3.7524190889621147e-02	  -5.2379654996643529e-02	   3.0098816864817579e-02	  -1.0021830162245890e-01	  -1.4515236599254636e-01	  -1.9103442043838476e-01	   2.6704168273535228e-01	  -2.7366457388490591e-02	   1.1302774371129090e-01	   1.4804150443441252e-01	   3.3642751272828474e-02	   1.1028460013185522e-02	   7.0922586884109740e-02	   1.8160833435774965e-01	   1.6331445270638359e-01	   1.7996607192845693e-01	   7.5254556822998017e-02	   1.7702251062746516e-01	   2.3318058777514072e-01	   2.5174098156978575e-01	  -1.6842693286922891e-02	   2.7893388364681465e-01	   5.1694469148645705e-01	   2.1787052720385083e-01	   2.9935757828252507e-01	   5.1645155877255836e-02	   2.1695227900738162e-01	  -1.7335572419472195e-01	   3.1333686680977202e-01	   2.0244359030835543e-01	   1.3729100235230379e-01	   3.5691238949753547e-03	   6.4064778325521848e-02	  -4.1491181346051752e-02	   4.4540401347514980e-01	   3.5328474617628447e-01	  -1.3013597884140155e-01	   1.2262028615175129e-01	   4.0740003374612932e-01	   3.5595727397147403e-01	   3.9627040641701849e-01	   4.4324215529623323e-01	   3.7348369571895235e-01	   2.4909997323724575e-01	   5.7916733483468930e-01	   2.3756090311976735e-01	   5.9958304442045518e-01	   6.3492755914213073e-01	   7.0391107472168579e-01	   3.6090202690399259e-01	   3.5322947943865302e-01	   3.3959469303205669e-01	   2.4725480412886003e-01	   3.0681029794835746e-01	  -5.5804343842452572e-02	   2.8049685721413098e-01	
