   0.0000000000000000e+00	   3.9529764194725320e-01	   3.6394802172548113e-01	  -9.3247768657833158e-02	  -3.8727566467867502e-01	  -2.8016725819463439e-01	   2.4063350031131225e-01	  -1.8649119713442092e-01	  -4.3386408356881917e-01	  -2.2224104872166586e-01	   4.7250936444227554e-01	   6.7921695858205700e-01	   1.0776463131500326e-03	   3.0321581446142243e-01	  -5.4059372193700883e-02	   1.8505379260732252e-01	   3.9596919440554457e-01	   5.1328933138668353e-01	   4.9743613231087647e-01	   1.0878732837375016e-01	   1.8664947694934719e-01	  -2.7044520775978287e-01	   2.2344288777749594e-01	   7.9689539536871384e-02	  -4.5135146909524715e-01	  -3.1298758254546616e-01	   9.4379373353924122e-03	  -5.5662221661751651e-02	   6.6227394192248645e-01	   1.7311719282755969e-01	   3.0591982652716421e-01	   4.1610375809474009e-01	   4.0143922571827007e-01	   4.2459474614268883e-01	  -2.4520435992789146e-02	  -8.8720041719576051e-02	  -1.5537771511950049e-01	  -4.2477347267827099e-02	   7.0907856161302990e-02	  -1.9187160467407538e-01	   1.9816623060822919e-01	   1.8477061955450850e-02	  -1.0090362078561597e-01	   8.1445147708849641e-02	  -3.6889853620855895e-02	  -1.0088890514958257e-01	   1.5248033409003028e-01	   8.5727847689441861e-02	   1.2702263253469757e-02	  -1.4107819309558794e-01	   3.4785133966190394e-02	   1.0682060573092778e-01	  -1.4242262980908896e-01	  -1.6890674701020240e-02	  -3.0054878797090440e-01	   3.1761008369364990e-01	   7.9913242029124110e-01	   1.5136022293606663e-01	   5.3812988781429916e-01	  -2.6594898334308614e-01	   7.9473295636484353e-01	   2.0036880282006903e-01	   5.2869194626662441e-01	   3.7849705813281653e-01	   3.1810256806213251e-02	   2.4323861683856055e-01	   1.0225707935753635e-01	   4.7806950866703939e-02	   4.4219319068494845e-01	   1.2580880059255642e-01	  -2.4072375703343962e-01	   2.5380968854684688e-01	   1.7043110281805141e-01	   4.0635281602972625e-02	   1.1588915938978496e-01	   2.8485724152654007e-01	  -3.1084037081360832e-01	  -1.3511542032869633e-01	   4.6456011933259561e-01	  -6.9298579120554718e-02	   5.1069120853790428e-01	   2.9846515461572259e-01	   5.6636502181525661e-01	   6.2948389709193431e-01	   1.0828292860347884e-01	   4.4393488814372595e-01	   2.3841625567464630e-01	   6.4432156994554257e-01	  -2.3525380690245332e-01	   6.7926269921935556e-01	
   3.9529764194725320e-01	   0.0000000000000000e+00	   3.8565852960355257e-01	   4.9506940620363610e-01	   1.6764996051777004e-01	   1.4016409047177797e-01	   2.9718606525543417e-01	   4.4926055693759548e-01	   1.6684455960300826e-01	   1.2530841770717144e-01	   2.2566228726690160e-01	   4.1104974700237273e-01	   3.4016283461385460e-01	   5.8586841413067980e-01	   3.5985172963269974e-01	   9.6644340381420890e-02	   4.4570923765765047e-01	   1.2919482902713980e-01	   4.5784302420397488e-01	   5.9944365062228833e-01	  -1.6245464426405221e-02	   4.6218789178054123e-02	   4.2667994821135125e-01	   2.6741614854985313e-01	   4.9784396147701762e-02	  -3.4770951369593565e-02	   4.6247782978281027e-01	   4.9259535638220431e-01	   1.9628458901666271e-01	   4.2515341198904372e-01	   3.2340965870795779e-01	   3.3381337432196301e-01	   6.1382556438173452e-01	   6.1051840285463488e-01	   2.5910735044719907e-01	   1.0932620180586780e-01	  -7.5011348862993113e-02	   2.2075127631605029e-01	  -7.5358004391760741e-02	   1.2475938536843632e-01	  -1.6834868776033279e-01	   3.6601820309224720e-01	   1.4046998001863453e-01	   1.9895829739206339e-01	   1.6689923123208522e-01	   1.1771298230493810e-01	   1.8660618084272257e-01	   2.4277772570306735e-01	   1.3382814523744924e-01	   1.3936457443526869e-03	   2.4447696433453756e-01	   9.2771361828818455e-02	   1.7418110142467952e-01	   2.3297688063125071e-03	   1.2169389047098520e-02	  -1.9983861943917908e-01	   1.6000821475132965e-01	   5.5351089729545433e-01	   2.6396245099419124e-01	   3.8871190637500752e-01	   3.4624418408913787e-01	   6.4475814329027825e-01	   5.1818552280907515e-01	   5.7039946139306374e-01	   3.6142315913034151e-01	   2.7131373494768668e-01	   3.0639274698501628e-01	   1.9171520557737509e-01	   5.7236567286037987e-01	   2.7991482181188865e-01	   3.2673589896036737e-01	  -2.4446609930823256e-02	   4.6986630989278313e-02	   2.9529207880256042e-01	  -8.6162296725838847e-02	   1.9504097537850651e-01	   3.2653754815251101e-01	   3.9822746257331142e-02	   4.6671448009588667e-02	   1.0655108103780245e-01	   1.6682465672936947e-01	   2.0895442383459517e-01	   4.4087712431034409e-01	   1.9444115796229255e-01	   2.9105937170401641e-01	   3.7517311666458178e-02	   3.6431089185604326e-01	  -1.4757690039138538e-02	   4.1940998500709870e-01	  -2.4559605268723993e-02	
   3.6394802172548113e-01	   3.8565852960355257e-01	   0.0000000000000000e+00	   4.3332659445247723e-01	  -1.2357992439221623e-01	  -2.2086637682816551e-01	   8.2566638285777660e-01	   1.7885406303531573e-01	  -5.9282016751363048e-02	  -2.6840488795825712e-01	   1.4041262926103973e-01	   1.9669077393527143e-01	   6.0927433095164485e-01	   5.3598155665223490e-01	  -4.8701313049518330e-02	  -3.2839757324413987e-01	   3.7814403969693389e-01	   2.0912632960158217e-01	   3.1652776818869066e-01	   2.0337852498360190e-01	   4.1916408711754716e-01	   2.7069181283778676e-01	   8.2879027309999476e-01	   6.9361023101165353e-01	   2.6549897382101152e-02	  -4.3275858366962745e-02	   6.1389065937675658e-01	   2.3624877549253614e-01	   2.6648961467695959e-01	   1.7571022902788788e-01	   5.3821766598082244e-01	   5.9836927320555600e-01	   4.2734827872443726e-01	   3.7972841219489417e-01	   1.7776346488364736e-01	   2.1971582442307774e-01	  -1.0666991953588259e-01	   5.7761775627469092e-02	  -2.6771704041126099e-01	  -2.4879180050399077e-01	  -1.7935816985806330e-01	   1.7582206288842089e-01	   2.3467904659481845e-01	   2.7417634502844584e-01	   2.3049519607328872e-01	   6.8446434864899763e-02	   2.7446612291392974e-01	   3.0298713760496676e-01	   3.0447288707851478e-01	   1.4202885236036419e-01	   4.9034863913963189e-01	   3.2457850172459946e-01	   3.2591939388250202e-01	   1.4012865448259129e-01	   2.4753749168202571e-01	   6.8841744014483355e-02	   2.4078776225558135e-01	   4.4492478275880631e-01	   2.9024188539945556e-01	   3.6561656620958405e-01	   3.6715829174457310e-01	   3.2504386655595979e-01	   1.9539703172522582e-01	   4.6026501459236635e-01	   2.8045347397003167e-01	   3.0604553645456523e-01	   5.0107902567463181e-01	   4.3864424174473471e-01	   5.7767397363310524e-01	   2.0144238651210955e-01	   3.4535944168229149e-01	   2.4608472437344506e-01	   1.3722938630841519e-01	   4.4088446664845987e-02	   1.0427472632735721e-01	   2.0949439517751989e-01	  -6.9193860054088396e-02	  -2.5155322603407565e-01	   2.0280237879332819e-01	   2.9298414040170577e-02	   8.7932902723560691e-02	   8.6237862743629740e-02	   5.4252267581013858e-01	   7.6723528663593804e-02	   5.1069971153660543e-01	   3.1626379154551648e-01	   3.2677303472651631e-01	   2.6978575316769948e-01	   5.0394678833150974e-01	   1.6422109727504405e-01	
  -9.3247768657833158e-02	   4.9506940620363610e-01	   4.3332659445247723e-01	   0.0000000000000000e+00	   5.2203105843491793e-01	   4.4907730886417813e-01	   4.0818608965224512e-01	   8.2252700450183913e-01	   5.4842624230275461e-01	   4.5119449210361146e-01	  -6.3929554264623087e-02	   8.6766969011967399e-02	   2.3464371086834329e-01	   3.2803387780931526e-01	   4.8050222261883069e-01	   1.6325396504547734e-01	   1.8218291520052221e-01	  -2.9565919436158428e-01	   4.7489945541689949e-01	   5.9843608328401410e-01	  -2.0372981134528712e-01	  -4.8447919655262184e-02	   4.7303400540257634e-01	   5.3095354750908519e-01	   4.2228833901579610e-01	   3.6577887526292502e-01	   3.7117712394014002e-01	   4.4979765180329734e-01	   4.0487447254907549e-02	   2.2288136674438852e-01	   3.0345046995228386e-02	   1.8943832170489769e-02	   5.0266930287878520e-01	   4.0589110032766412e-01	   5.3094338860938939e-01	   4.4473217415180216e-01	  -1.1542350324778334e-02	   3.4102720869086889e-01	  -1.8310629079444224e-01	   5.2348550820281906e-02	  -4.1284719667192937e-02	   3.0245907388865134e-01	   5.1198789890434693e-01	   4.5358899680851361e-01	   5.4428048511636873e-01	   4.5857248530443145e-01	   3.9303179675190986e-01	   4.4410290120193285e-01	   2.8260889932871036e-01	   3.6062686920501696e-01	   5.0678476042803866e-01	   1.7378105899186322e-01	   5.1882557831069587e-01	   3.5001896719094783e-01	   2.7493140806411043e-01	  -1.8101495170435253e-01	  -3.2108179523523261e-01	   1.8606649814700119e-01	   1.4129034770929977e-01	   4.6958224380660352e-01	  -5.8831759111113706e-02	   4.2524601921817173e-01	   2.0600681382978284e-01	   2.9337399898455235e-01	   5.9084485807658516e-01	   2.1848242498556578e-01	   5.6973175301095846e-01	   5.9027121761730028e-01	   2.9044755829514635e-01	   2.1288160093844000e-01	   2.5304631328897076e-01	   1.6140813158416822e-01	   2.1519749678037764e-01	   1.8902081721531758e-01	   2.8317835265488596e-02	  -1.8129610326259274e-02	   4.1147856035850455e-01	   2.3343536087946121e-01	  -1.6387691332217574e-01	   1.4373631312409565e-02	  -1.2913313254245185e-01	   8.8993102362646140e-02	   3.3848723150088406e-01	   3.4164040451490144e-02	   2.8234972624803134e-01	   2.4312124335980292e-01	   1.2939509064286919e-01	  -1.9947240575528394e-01	   4.9780670822854012e-01	  -8.7364413293188309e-02	
  -3.8727566467867502e-01	   1.6764996051777004e-01	  -1.2357992439221623e-01	   5.2203105843491793e-01	   0.0000000000000000e+00	   8.6017709918314389e-01	  -1.0933598530338023e-01	   5.8063291590645472e-01	   6.8607803947931845e-01	   8.0998952702054305e-01	  -2.5351719762364439e-01	  -1.5130557898844646e-01	  -2.2431905377316200e-01	   5.0607648464209863e-02	   6.2115318024564481e-01	   4.5167643199772245e-01	  -1.9484922295060353e-01	  -4.5863394400282165e-01	   5.9057436244810871e-02	   2.9989076342662674e-01	  -5.3793628068039689e-01	  -1.9960947556467676e-01	  -1.0140581697745066e-01	   1.7489840454821648e-01	   5.8254472706457083e-01	   6.7666673454522575e-01	   5.4205958902033703e-02	   4.4510115167922409e-01	  -3.1295584236326474e-01	  -1.5185528603625958e-01	  -5.3696420623772023e-01	  -5.4455372042815120e-01	   7.3512492351791053e-02	  -1.1876494604876874e-01	   5.2209736592911138e-01	   4.7695325818606382e-01	  -1.2491135101808221e-01	  -7.4698330177863842e-02	  -7.1721127273136814e-02	   1.1514480872541318e-01	   3.4653170251036369e-03	  -5.8160962537936303e-02	   2.9994419946729339e-01	   1.8900741047944808e-01	   4.2727465322872615e-01	   4.2908109967637531e-01	   1.2212795289277453e-01	   1.1372343461814369e-01	   5.1598906697584726e-02	   2.0821714181780976e-01	   1.4401314293806092e-01	  -3.3602706206640312e-02	   1.0600144783857032e-01	   7.9693513037955258e-02	   8.0279358539942974e-02	  -3.4212910904867666e-01	  -5.7143351705444290e-01	  -1.7297577579347337e-01	  -1.6559783663184509e-02	   1.9446023100058762e-01	  -3.8325302171097730e-01	   1.0241190667803952e-01	  -1.0124918574796513e-01	  -1.2781134631385180e-01	   4.3644768274998652e-01	   1.3935740568916227e-01	   3.2796672229543689e-01	   3.2792106488483880e-01	  -8.5622130535751642e-02	   5.7511295456133815e-02	  -1.0953284123874431e-01	  -1.7405205814003627e-01	   6.5812166377538658e-02	   1.2626896874596533e-02	  -1.4388485050551447e-01	  -1.8881538039826520e-01	   4.4563928847642764e-01	   3.6861970782938169e-01	  -3.8593375059573271e-01	  -4.2670181354397922e-02	  -3.5077609050926561e-01	  -1.0789943601110766e-01	  -1.4704844424838703e-01	  -2.3607308688750889e-01	  -1.4121625983458488e-01	   7.0018031860890506e-02	  -1.7813785876012433e-01	  -5.8373540125833756e-01	   5.4575663099049529e-02	  -2.0509879506649692e-01	
  -2.8016725819463439e-01	   1.4016409047177797e-01	  -2.2086637682816551e-01	   4.4907730886417813e-01	   8.6017709918314389e-01	   0.0000000000000000e+00	  -2.6113304939412352e-01	   5.8413041506685137e-01	   6.8813626015616469e-01	   9.3597954867318611e-01	  -2.1293599116875511e-01	   5.4105428035442549e-02	  -4.4659590483875478e-01	  -2.3373191674839852e-02	   6.8744902741950331e-01	   6.8618011941930357e-01	  -2.1631147006977614e-01	  -4.9061276076658056e-01	   1.5944511864005467e-01	   2.2388394819094168e-01	  -6.5246100791127837e-01	  -4.4533670588911273e-01	  -1.6218434970555012e-01	   1.3992782313521215e-01	   4.5280561768317301e-01	   6.2326435602397046e-01	  -1.0537338216256149e-01	   5.1034435883627072e-01	  -2.5464850272827999e-01	  -2.6470190121825787e-01	  -5.8202081464426680e-01	  -5.7079136156128052e-01	   2.4541611413457634e-02	  -1.3253533115521821e-01	   3.9614162252900043e-01	   3.7084844365058384e-01	  -1.9043749521797693e-01	  -3.4629792091648098e-02	  -7.8830683369078988e-02	   6.6794919472830033e-02	   1.3438293640167701e-01	  -2.0851589351592609e-01	   2.1893507699911546e-01	   1.8057436235654722e-01	   3.7567221131298439e-01	   4.5639697948427660e-01	   4.3833641875270425e-02	   4.0560372942677989e-02	   7.1761226355927049e-02	   2.8504028949883953e-01	   1.0748725291815808e-02	  -7.3170204996859375e-02	   9.3955120436676365e-02	   1.9906792884537550e-01	  -7.5434108910133607e-02	  -3.5129181665094689e-01	  -4.5917481674667576e-01	  -3.1678435446465486e-01	   7.3154611107248357e-02	   4.0627096949372166e-02	  -3.8768744472273498e-01	   7.7513895667270266e-02	  -1.3318633990766013e-01	  -2.5671259565802462e-01	   3.1330858622699009e-01	   1.3341559210879295e-01	   1.1171335940949953e-01	   2.4126187301000696e-01	  -1.9296681605332133e-01	  -1.9264356769757214e-03	  -3.3775937039284637e-01	  -1.2687906050223582e-01	  -2.3592676152175251e-02	  -8.1465264634902973e-02	  -2.7536106583092712e-01	  -3.9421653537216045e-01	   3.1624635240202653e-01	   3.4820091064758796e-01	  -3.7578495988500482e-01	  -2.1921648547693331e-01	  -3.4795737125109438e-01	  -1.4638328926217126e-01	  -1.4853528927643139e-01	  -5.4746752360584072e-02	  -2.8848338093043790e-01	   5.4021845621388509e-02	  -2.7106219209012544e-01	  -4.3667450245389466e-01	  -1.6161233168974523e-01	  -5.1431066301434569e-02	
   2.4063350031131225e-01	   2.9718606525543417e-01	   8.2566638285777660e-01	   4.0818608965224512e-01	  -1.0933598530338023e-01	  -2.6113304939412352e-01	   0.0000000000000000e+00	   2.0845011041606304e-01	  -1.3074597807919322e-01	  -3.4658245703707069e-01	   4.8931454370711495e-02	   4.4839105745626488e-02	   6.4561709471612194e-01	   4.0130790161916979e-01	  -1.4090782965242016e-01	  -4.1729662145633700e-01	   2.9094435051181067e-01	   1.8227707675198779e-01	   2.4852149853295286e-01	   2.5645656355311947e-01	   3.3306280305343294e-01	   3.0150032963258566e-01	   6.7295037855722173e-01	   4.8029270614576852e-01	   1.4758646493163299e-01	   3.1525780957969908e-02	   5.3156500532819961e-01	   1.2165427745740306e-01	   2.5994874379915961e-01	   2.0599777829035021e-01	   4.9276064387599661e-01	   4.8749699241243066e-01	   4.8798774446658277e-01	   3.9382444100624608e-01	   1.1510032575623018e-01	   2.2604255045159244e-01	   6.7270101461906290e-02	   3.5008048028536947e-03	  -1.4628507913634234e-01	  -1.9922499917160794e-01	  -5.0522028960256156e-02	   1.9770530411228168e-01	   2.5232306947776945e-01	   2.8665986273787003e-01	   2.7223427878744666e-01	   1.4129764706437464e-01	   2.9609437211514456e-01	   2.9166218634121205e-01	   2.4206220534304751e-01	   1.3313143078473197e-01	   4.7639656404112640e-01	   2.9151585445856154e-01	   3.5113408720559836e-01	   1.0490558196361188e-01	   3.4209309702075819e-01	   2.3570332749502099e-01	   1.5071758884845482e-01	   3.6271076550496062e-01	   3.0851679422609529e-01	   4.0767859035795834e-01	   3.7745930696598368e-01	   3.3628168944309278e-01	   2.9302131232730977e-01	   5.1330666282312953e-01	   3.5648826095177744e-01	   2.8419480347729653e-01	   6.0864893914004947e-01	   4.7630623671748196e-01	   5.7802755598831734e-01	   2.9137497426461467e-01	   3.8070262432193042e-01	   2.4730020335374914e-01	   2.0863360382900484e-01	   8.8637011500952365e-03	   6.6589896996678388e-02	   3.3364276087195444e-01	   5.6451018963311617e-02	  -1.3690093567775743e-01	   1.9900502821851576e-01	   9.0713354871407803e-02	   1.5585257142995634e-01	   1.7806458576361900e-01	   4.0567561279212483e-01	   4.0547964777431153e-02	   4.4093113725203958e-01	   3.1145556921061901e-01	   1.9943513437107546e-01	   1.7218157694311706e-01	   4.4847676871581810e-01	   1.7014879404560410e-01	
  -1.8649119713442092e-01	   4.4926055693759548e-01	   1.7885406303531573e-01	   8.2252700450183913e-01	   5.8063291590645472e-01	   5.8413041506685137e-01	   2.0845011041606304e-01	   0.0000000000000000e+00	   6.0640507548163058e-01	   5.5565508130946328e-01	   1.2450382074143218e-01	   1.4170906649422621e-01	   4.9376141817841925e-02	   2.6163318666091495e-01	   5.3418687418987210e-01	   3.2391005794709882e-01	   1.3919966514007795e-01	  -4.0963605882582843e-01	   4.5208742273536168e-01	   4.3584263287865904e-01	  -3.4155654273264863e-01	  -2.3796817973813250e-01	   3.6984089904554274e-01	   4.5564303225558356e-01	   3.8805660342345849e-01	   4.4081102345153605e-01	   1.8831914780415027e-01	   3.9203150990531510e-01	  -1.1722679046685985e-01	   9.2187045726537839e-02	  -1.9990971898033880e-01	  -1.7738663993949910e-01	   3.1376146880229866e-01	   2.4358408230021031e-01	   5.6221752120868451e-01	   5.5521619204843109e-01	  -1.5373098903220108e-02	   2.0427174573114304e-01	  -2.0587261839589815e-01	  -3.0925815357139501e-02	  -8.8168778210274412e-02	   9.4529969291339444e-02	   3.9134694214260834e-01	   3.0694941380529978e-01	   4.6540389157176099e-01	   4.9588704107205850e-01	   2.2711846811451311e-01	   2.8929697458965786e-01	   1.8104359461055425e-01	   2.8429520539067288e-01	   3.8355135074967811e-01	   1.1414023760517022e-01	   2.9926186393133114e-01	   2.1452362453962018e-01	   1.5940419752465956e-01	  -3.6935144580521190e-01	  -4.9525967691771305e-01	   4.8674217335848577e-02	   1.1182877992252829e-01	   3.9316855639183840e-01	  -1.5906525145414713e-01	   5.9788463927194579e-01	   5.6669659909887905e-02	   1.4167010709604999e-01	   7.0334947563931172e-01	   5.1530934704570475e-01	   4.7401110745615893e-01	   5.1986189765182411e-01	   1.9969501043310153e-01	   1.0962949087423070e-01	   1.4970075381473685e-01	   1.6121339515043337e-01	   5.8238938642269445e-03	   1.4367345161036077e-01	  -6.4749654970645304e-02	  -2.0073911205352482e-01	   5.2461628504461166e-01	   3.3488349230521802e-01	  -2.9592146616471704e-01	   1.0674784066438495e-02	  -3.0279880070224297e-01	  -9.2878877943038035e-02	   1.3856824826861233e-01	  -6.5637624792446031e-02	   1.1539501059471416e-01	   4.4631363526621989e-02	   3.7220820068025025e-02	  -2.6658887847204021e-01	   4.0272519219946978e-01	  -1.7049132701998920e-01	
  -4.3386408356881917e-01	   1.6684455960300826e-01	  -5.9282016751363048e-02	   5.4842624230275461e-01	   6.8607803947931845e-01	   6.8813626015616469e-01	  -1.3074597807919322e-01	   6.0640507548163058e-01	   0.0000000000000000e+00	   7.1681188933309281e-01	  -2.3343833280184062e-01	  -1.8191141151223339e-01	  -8.1364056489647132e-02	   2.4389877190408728e-02	   5.8163196133153006e-01	   3.8278519839167041e-01	  -1.6059335385922310e-01	  -4.9538250469141470e-01	  -1.2730726804433193e-02	   1.6568648124527277e-01	  -3.7735833492763038e-01	  -1.7106969468058741e-01	  -3.5475864857248691e-02	   2.1056335967369383e-01	   3.8623624689124858e-01	   3.6701906055497580e-01	  -7.4505299459809216e-02	   4.1252833770141550e-01	  -3.9100715994940127e-01	  -1.1319596092599375e-01	  -3.2892708163210532e-01	  -3.5892014747086826e-01	   2.8029002584169613e-02	  -6.6745638644575597e-02	   3.5362081018018332e-01	   2.4148889108568536e-01	  -1.3972941874819050e-01	   5.5561933994515394e-02	  -1.5656481044651244e-01	   1.5904993035944687e-02	  -7.9946041777153476e-02	  -9.7573097900460204e-02	   2.6419244740553371e-01	   2.1968957378877926e-01	   3.5319494194102841e-01	   3.9979580499940581e-01	   6.4441113000873351e-02	   1.0179574832611800e-01	   1.1284717488175469e-01	   2.7370259462390611e-01	   1.1815963203970534e-01	  -6.4455315969282875e-02	   2.7898384855174913e-01	   2.7512669474493190e-01	   5.5760178201291526e-02	  -4.3409923596287475e-01	  -5.1698367321764183e-01	  -4.8118242668015045e-02	  -3.5748911713688221e-02	   3.1959388981789350e-01	  -3.6348181632678950e-01	   2.2012049570149872e-01	  -1.7524766126025582e-01	  -1.6109815963096977e-01	   3.5771149235284938e-01	   8.5483657759922643e-02	   1.4135554494838315e-01	   2.5786154281936374e-01	  -1.0647778309860653e-01	  -2.8390664519198513e-03	  -4.4871103025971547e-02	  -2.3513602848773202e-01	  -1.6240550200165918e-01	  -5.8185910138861971e-02	  -1.2984607416496552e-01	  -4.6217167486646443e-01	   2.5921363907808564e-01	   1.1472958228933880e-01	  -3.9149781042856951e-01	  -9.1499853465599718e-02	  -3.9151932454864008e-01	  -1.3329045493422148e-01	  -8.9364090453299350e-02	  -1.8854130181209144e-01	  -2.6911732300227625e-02	  -7.3952262842115396e-02	  -5.0699609334875287e-02	  -4.7409582790869348e-01	   2.3434998682232483e-01	  -2.6043075072689248e-01	
  -2.2224104872166586e-01	   1.2530841770717144e-01	  -2.6840488795825712e-01	   4.5119449210361146e-01	   8.0998952702054305e-01	   9.3597954867318611e-01	  -3.4658245703707069e-01	   5.5565508130946328e-01	   7.1681188933309281e-01	   0.0000000000000000e+00	  -1.9620135651072806e-01	   3.7691889779835973e-02	  -4.8508854060669659e-01	  -1.0708147492122289e-01	   7.3321732985530608e-01	   7.5311223217902756e-01	  -1.6462358866847415e-01	  -5.0809323472712986e-01	   1.2652729979631244e-01	   2.0722162614227352e-01	  -6.8921247450943735e-01	  -5.1553418814860219e-01	  -2.2600134389890503e-01	   4.8591800353465837e-02	   2.7431185657429186e-01	   4.5413001441861295e-01	  -2.3119488351690867e-01	   3.8799985354040822e-01	  -2.3421059254576237e-01	  -3.1932120826489496e-01	  -6.0716799283290601e-01	  -5.9149200454620310e-01	  -4.7112940273486191e-02	  -1.8986638330241465e-01	   3.5530008767960236e-01	   2.8420011279918961e-01	  -2.3416538947413662e-01	   2.9907118159279360e-02	  -1.1780753851345872e-02	   1.3611743932411971e-01	   1.1207979500894724e-01	  -2.1612038759703589e-01	   1.6663254412553569e-01	   1.3868070212072875e-01	   3.2444029732686291e-01	   3.8027253886938878e-01	   3.4332461042214005e-02	   2.4004748900500271e-02	   4.5617230865839485e-02	   2.4041546460327301e-01	  -2.4064437751775681e-02	  -7.8621934099912055e-02	   5.2702540250154029e-02	   2.1261294825327332e-01	  -1.5394427721657705e-01	  -2.8353907734856115e-01	  -4.2748295671299719e-01	  -3.2697293374554626e-01	   7.4585553760019435e-02	   4.5749154410824742e-02	  -3.2171651997166523e-01	   7.2365700200783756e-02	  -1.3390041807818370e-01	  -2.5448442828774787e-01	   2.6788562461537579e-01	   1.1062272041516437e-01	   6.5414012373848821e-02	   1.9865681750483910e-01	  -2.3330859471634646e-01	  -4.3320040967981862e-03	  -3.9382313870167340e-01	  -1.4167845279802149e-01	  -6.9859018692732894e-02	  -8.4689156586732289e-02	  -2.8295522985322397e-01	  -3.9096196144900697e-01	   2.6778550337186308e-01	   3.0728873259489803e-01	  -3.7463205690944579e-01	  -2.0895154672454155e-01	  -3.1018250466434516e-01	  -1.4450036449272402e-01	  -1.4317148208726899e-01	  -4.4380358996197314e-02	  -3.0309664590612084e-01	   5.1494402399550984e-02	  -2.3175980806992591e-01	  -4.3592060328250515e-01	  -1.7876841448667641e-01	  -2.0531649340597487e-02	
   4.7250936444227554e-01	   2.2566228726690160e-01	   1.4041262926103973e-01	  -6.3929554264623087e-02	  -2.5351719762364439e-01	  -2.1293599116875511e-01	   4.8931454370711495e-02	   1.2450382074143218e-01	  -2.3343833280184062e-01	  -1.9620135651072806e-01	   0.0000000000000000e+00	   4.9080736813207210e-01	   1.2593960652960051e-01	   2.6360098439489282e-01	   2.1199907369441523e-02	   6.7700798732393486e-02	   5.3473735304597891e-01	   2.8707004286323368e-01	   3.8409197556243013e-01	  -3.8008414573525634e-02	   1.4798428898504853e-01	  -1.6061261993488377e-01	   3.2480827667555257e-01	   1.6549132720175297e-01	  -3.0938600171234243e-01	  -2.1925093057440542e-01	  -3.7081096662023694e-02	   2.7165790483759205e-02	   2.7200872067904747e-01	   1.5447203669929011e-01	   2.2034975578526708e-01	   3.6404878444283612e-01	   9.9647812342134046e-02	   2.0255944231178988e-01	   2.3084286901545248e-01	   1.1118390140007148e-01	  -1.2600344255383311e-01	  -1.4501973688403494e-01	  -1.6255621025448147e-01	  -2.3683253773598958e-01	  -8.5304848099407471e-02	   1.4622166877690901e-03	  -1.2932529287801897e-01	  -1.5944573776697035e-01	  -1.0328505895007320e-01	  -1.5310150614058352e-01	  -1.1773078002654216e-01	  -2.0667099565926861e-01	  -2.4333014011758364e-01	  -3.6863547465448210e-01	  -2.4963655890598867e-02	  -6.2618911241409544e-02	  -3.5729451252482214e-01	  -2.9796135157295200e-01	  -3.0442083054722735e-01	  -2.3256726978110742e-01	   2.3060215728898745e-01	   1.2049053952887234e-01	  -3.9116737716898373e-02	  -2.8103186117769036e-01	   3.6415600513441759e-01	   3.5956180907070390e-01	   1.9088659833922589e-01	   2.2758275607485295e-01	   4.1606863988837628e-01	   5.4453563410756844e-01	   8.2992452879954125e-03	  -7.7819929138314134e-02	   2.2666497911536920e-01	  -9.9478884145279223e-02	   5.5960099073810179e-02	   1.4259948334549843e-01	   1.4294953508676721e-02	   9.6523412857111385e-02	   2.7386904743516760e-01	   9.4077520391127475e-02	   1.1195338682246552e-02	  -1.5838889369498975e-02	   1.8246495331375578e-01	   1.0050660157999509e-01	   2.0079502776866526e-01	   4.8756477935775991e-02	   3.1733044922391612e-01	   1.1826533483451179e-01	   2.3403338392111228e-01	   1.1360316730178217e-01	   1.6274586068040250e-01	   2.2201595774728533e-01	   8.8728606437730756e-02	   2.1818906857149833e-01	
   6.7921695858205700e-01	   4.1104974700237273e-01	   1.9669077393527143e-01	   8.6766969011967399e-02	  -1.5130557898844646e-01	   5.4105428035442549e-02	   4.4839105745626488e-02	   1.4170906649422621e-01	  -1.8191141151223339e-01	   3.7691889779835973e-02	   4.9080736813207210e-01	   0.0000000000000000e+00	  -1.1309661166206306e-01	   5.5999502729195316e-01	   2.4706466270710001e-01	   4.2312397256384771e-01	   3.9838790239486710e-01	   4.3077085859896924e-01	   5.4466172859474304e-01	   1.1740337077372830e-01	  -1.0613130043819077e-01	  -4.1436927932910805e-01	   2.8223845407794529e-01	   2.1818483152713053e-01	  -2.9586088073208339e-01	  -5.1285848438553994e-02	   1.4314881151505287e-02	   1.7635465664608019e-01	   5.6005167303263126e-01	   2.9026026973281149e-01	   9.3413349843150084e-02	   2.4660504150630735e-01	   3.9899241462404339e-01	   4.3796633940477792e-01	   1.6763576443034522e-01	   1.4673736874171950e-01	   4.3127208589545850e-02	   1.1436222710601818e-01	  -1.4624296838527649e-02	  -1.4295203902717440e-01	   2.6277377460384943e-01	   3.8850374427117591e-02	   1.1141922870988566e-02	   1.3651847340005641e-01	   9.1399407673015645e-02	   1.2488252197849321e-01	   2.2345697298292896e-01	   2.2085456613055496e-01	   1.8901554364491402e-01	   1.1762615967842932e-01	   1.5526588423792489e-01	   2.0603867589875186e-01	  -7.1139564499723737e-02	   1.1392590574304137e-01	  -4.4625169962254924e-01	  -3.4331283120377407e-02	   4.6287208485153741e-01	  -2.0000123697921975e-02	   4.6471396561852618e-01	  -2.4589821531283454e-01	   4.3801062758795406e-01	   3.6898592460108698e-01	   3.5669547432037219e-01	   2.7768819193599215e-01	   1.0550477964560109e-01	   4.5144360997923505e-01	   7.8383709859305567e-02	   1.8583058628089585e-01	   2.9313013004545396e-01	   1.5216337740522261e-02	  -2.4608210667560876e-01	   2.0575400844158281e-01	   2.2812784235023198e-01	   2.3890714335443081e-01	   7.1283545531201392e-02	   1.0207069255193507e-01	   3.2634900112006378e-02	   2.6946021046989171e-01	   4.2427525218327855e-01	  -9.0289857431748277e-02	   3.8234731295986207e-01	   1.6683483259722529e-01	   4.8989951481948368e-01	   6.0860860147676898e-01	   3.0951681963881400e-02	   3.5284368262070809e-01	   3.4521275948266705e-02	   4.7044295537971381e-01	  -2.3217792586802910e-01	   4.4347293550936717e-01	
   1.0776463131500326e-03	   3.4016283461385460e-01	   6.0927433095164485e-01	   2.3464371086834329e-01	  -2.2431905377316200e-01	  -4.4659590483875478e-01	   6.4561709471612194e-01	   4.9376141817841925e-02	  -8.1364056489647132e-02	  -4.8508854060669659e-01	   1.2593960652960051e-01	  -1.1309661166206306e-01	   0.0000000000000000e+00	   4.9578447981971446e-01	  -1.7588597004707263e-01	  -6.5912145790928323e-01	   4.6783780792881258e-01	   3.2549884289611358e-01	  -1.0020443318679556e-01	   1.5326644843761594e-01	   4.5511528427685977e-01	   5.8008026795020573e-01	   5.7813123991515614e-01	   3.6192353951748424e-01	   1.4365712059632649e-01	  -1.9945540315401308e-01	   5.9286649505943800e-01	   2.4692110843089579e-01	   4.1602347541128751e-02	   4.2036559636001969e-01	   6.4368559786106605e-01	   5.8467831530830150e-01	   2.4781817367070208e-01	   3.4989218127709354e-01	   1.1984978436114041e-01	   6.9293458406944786e-02	   3.7394167518393029e-02	   8.8963172454058992e-02	  -1.3953095002423901e-01	   5.0052542010137840e-02	  -3.6760457995740980e-01	   4.6571399583662254e-01	   6.1003639364689041e-02	   4.7320935182738767e-03	  -1.2368543476606006e-01	  -2.5900955539067783e-01	   1.5333505392368239e-02	   4.0136693954178904e-02	   7.5207098906825594e-03	  -2.1441578006514689e-01	   3.5692991520675210e-01	   1.9388119908172596e-01	   2.5612971609138124e-01	  -2.6118866012390402e-01	   3.7469666006938662e-01	  -1.1302085808393399e-01	   6.4860605621386444e-02	   7.6607248923560456e-01	  -1.2238163089647945e-01	   4.7969862664937957e-01	   2.5764392399770430e-01	   3.4027016056188308e-01	   1.8742138446324907e-01	   4.8535295473346124e-01	   2.8973305867569027e-01	   2.0334161271652226e-01	   3.2855823061438028e-01	   9.3901827215217087e-02	   4.9639931388931280e-01	   2.6453461774683024e-01	   7.0342061759645769e-01	   4.6006990683113286e-02	   9.6550108529756942e-02	   1.8165300433545467e-01	   2.0680154294225939e-01	   4.3319045372469145e-01	   9.3294515429431762e-02	  -2.9721542307015381e-01	   1.6427742195740036e-01	   4.4326095533182697e-01	   1.2954343051016998e-01	   1.1437199609851897e-01	   3.6356477077048471e-01	  -1.9390145676783893e-01	   6.6704008528888359e-01	  -3.2609766600330527e-02	   3.9446888042765538e-01	  -2.8444601519749771e-02	   7.8925790475448698e-01	  -2.9016191567427180e-01	
   3.0321581446142243e-01	   5.8586841413067980e-01	   5.3598155665223490e-01	   3.2803387780931526e-01	   5.0607648464209863e-02	  -2.3373191674839852e-02	   4.0130790161916979e-01	   2.6163318666091495e-01	   2.4389877190408728e-02	  -1.0708147492122289e-01	   2.6360098439489282e-01	   5.5999502729195316e-01	   4.9578447981971446e-01	   0.0000000000000000e+00	   1.9493231913172301e-01	  -1.4996196604288578e-01	   4.9483342042551509e-01	   3.4948761764985764e-01	   2.1802844302473975e-01	   2.5546383915367243e-01	   1.8699013516793414e-01	   2.0433892260776981e-01	   6.0112992272574717e-01	   5.2817309694433334e-01	   1.2307497901709723e-01	   5.9186264503732350e-02	   5.5007306138404033e-01	   4.5923703234952928e-01	   2.6965371608867605e-01	   4.2773020778615184e-01	   3.1633525031030352e-01	   4.1538323955290135e-01	   5.5118314762825471e-01	   5.4990719208736527e-01	   3.7114412902776212e-01	   2.9879972811734518e-01	   1.0915397366309343e-01	   1.9288600562798472e-01	  -2.1611674821376226e-01	  -2.3920358884102384e-02	  -2.3490267117247954e-01	   2.8833085358752086e-01	   2.0469816024642346e-01	   1.3779149148735303e-01	   1.3958429847317161e-01	   8.8409729616029539e-02	   2.5756172795511156e-01	   3.2559258539601588e-01	   3.6457053312443810e-01	   1.2842867669960101e-01	   4.7442943526556713e-01	   3.1921178359737384e-01	   2.1047641347256468e-01	   1.0982458882654081e-01	  -5.8797334017724752e-02	  -2.8710551564408282e-01	   1.8436210790474247e-01	   4.9007249700436228e-01	   3.0204266918804190e-01	   3.1701404447044335e-01	   3.2114307146763876e-01	   5.2408191619231292e-01	   2.9186658084452721e-01	   4.9907166293993299e-01	   2.4738718710684471e-01	   4.6619643678602452e-01	   3.9299939409114404e-01	   3.5093713568960316e-01	   5.6263082932766073e-01	   2.0909381066932217e-01	   3.2152817649604376e-01	   2.5121297201273259e-02	   1.4968322962912808e-01	   2.6068137565515448e-01	   1.0399902080416157e-01	   1.9017362537026314e-01	   3.5766302036554887e-01	   1.9465570482659877e-01	   4.6158883112024912e-01	   2.2326239673226125e-01	   2.6908344443439913e-01	   1.9089268414635968e-01	   4.1207648505530936e-01	   9.5580699448971768e-02	   4.7978954083312719e-01	   1.9244471241744593e-01	   2.0870928767944158e-01	   8.5155203472669125e-02	   4.3886244255277651e-01	  -6.5239351773704685e-02	
  -5.4059372193700883e-02	   3.5985172963269974e-01	  -4.8701313049518330e-02	   4.8050222261883069e-01	   6.2115318024564481e-01	   6.8744902741950331e-01	  -1.4090782965242016e-01	   5.3418687418987210e-01	   5.8163196133153006e-01	   7.3321732985530608e-01	   2.1199907369441523e-02	   2.4706466270710001e-01	  -1.7588597004707263e-01	   1.9493231913172301e-01	   0.0000000000000000e+00	   6.1870649894968621e-01	   1.6588277399248394e-01	  -1.9269607755964335e-01	   2.2935972967868529e-01	   3.1121005459084405e-01	  -5.0550068419763616e-01	  -3.9975159580864167e-01	   2.2737386850987321e-02	   1.4363663499059814e-01	   9.3626811302230870e-02	   2.0440540336307522e-01	   3.3943405414341293e-02	   6.3402367767083279e-01	  -1.5523774834604931e-01	  -1.0625410245370109e-01	  -2.7033969078004316e-01	  -2.5844874628649750e-01	   1.3959399357391003e-01	   1.0676070134783992e-01	   3.8096884520300994e-01	   2.5070292238845315e-01	  -1.5733024936214388e-01	   1.3447332637915943e-01	  -1.3712922694069757e-01	   1.0254002869807677e-01	  -3.2331313400648813e-02	  -6.1248392795292803e-02	   3.0397161000903811e-01	   1.9641977099734001e-01	   3.4822476486925802e-01	   3.0950715268874018e-01	   2.3045707276010080e-01	   1.8654456373723546e-01	   2.3413921882422667e-01	   2.4513208612218090e-01	   1.8547933439626629e-01	   6.6370508612383958e-02	   1.3485321432918107e-01	   2.5153551578549355e-01	  -2.0731771296643287e-01	  -3.4231196119248875e-01	  -2.0312158852023604e-01	  -1.8260087251771522e-02	   1.5942318772961345e-01	   1.4122664855368469e-01	  -1.1597073053783474e-01	   3.4270204035082924e-01	   9.2361983956913488e-03	  -8.8749674642411760e-03	   3.4584522482048441e-01	   2.8204748941123325e-01	   1.4607646800231203e-01	   2.7652336761918822e-01	   2.3671669366929476e-03	   4.9560227726882455e-02	  -1.8656643125286834e-01	  -1.5024076963290292e-01	  -2.4721879674893390e-02	   1.3921946695397183e-01	  -2.1211719059531772e-01	  -2.4458372977233239e-01	   2.8760812496773919e-01	   2.4783288000055378e-01	  -1.3878795862512483e-01	  -5.1109608279331267e-02	  -1.1912152521045982e-01	  -8.1959638881640151e-02	   6.7469532735247209e-02	   1.3767392259028528e-02	  -5.4073842205775796e-02	   3.3675582296109730e-02	  -1.2208713842646424e-01	  -2.7945779860296882e-01	   2.3994130151459535e-02	  -8.6556948595274089e-02	
   1.8505379260732252e-01	   9.6644340381420890e-02	  -3.2839757324413987e-01	   1.6325396504547734e-01	   4.5167643199772245e-01	   6.8618011941930357e-01	  -4.1729662145633700e-01	   3.2391005794709882e-01	   3.8278519839167041e-01	   7.5311223217902756e-01	   6.7700798732393486e-02	   4.2312397256384771e-01	  -6.5912145790928323e-01	  -1.4996196604288578e-01	   6.1870649894968621e-01	   0.0000000000000000e+00	  -6.8850439172073757e-02	  -1.7924721351006889e-01	   3.1951952044108600e-01	   2.4438971702356260e-02	  -6.3225963628272475e-01	  -7.5243866774853863e-01	  -2.9658014380520664e-01	  -1.2001299330578297e-01	  -1.5206382258425855e-01	   2.1005304287570437e-01	  -4.2798638623078444e-01	   2.1404967217507229e-01	   1.1172970121276141e-01	  -1.7098731653653926e-01	  -4.8699355509008285e-01	  -4.1396312537667057e-01	  -1.8671524595215124e-03	  -6.0976728901072183e-02	   1.7740243270384076e-01	   1.1808526229252925e-01	  -1.4859382489845538e-01	  -5.5929498067409406e-02	   6.3383257332709067e-02	  -2.3101942612598677e-02	   3.8512035482838741e-01	  -2.7822263227618760e-01	  -2.7921153996218719e-02	   8.6185579515370342e-02	   2.2539320820232367e-01	   3.2248195164172710e-01	   3.8786904557062941e-02	  -5.3548862286386840e-02	   8.8129715584140973e-03	   2.1938485424040138e-01	  -1.4294871753411226e-01	  -2.8940368711539988e-02	  -1.7003028693485361e-01	   1.6349962866827128e-01	  -3.5054059344562383e-01	  -8.0051949518952184e-02	  -5.4573781506069233e-03	  -4.4227831558057956e-01	   2.8519107945827060e-01	  -2.6324397520062293e-01	  -2.4324120610232668e-02	   7.4248255582736900e-02	   1.0162307608782718e-01	  -1.6918860240817346e-01	   9.7444497063097366e-02	   1.8357652849326683e-01	  -4.7635383441490584e-02	   1.2981598666980507e-01	  -1.7687738082640120e-01	  -5.5957773894788038e-02	  -5.4863472149673576e-01	   2.6682353282579625e-02	   3.9277228367822457e-02	   3.6105231401112936e-02	  -1.5287253440192763e-01	  -2.4803471336322871e-01	  -3.9258244559240525e-03	   3.0098681590330512e-01	  -1.5804066037098038e-01	  -2.6781858767885774e-01	  -2.9453751807076801e-02	  -3.2116766614405996e-02	   6.5608061598616013e-02	   3.9166167281687403e-01	  -4.3926601279226662e-01	   1.8724518260506620e-01	  -2.1536641466249218e-01	   5.4658529853637283e-02	  -5.3870952783394932e-01	   3.2377559251616750e-01	
   3.9596919440554457e-01	   4.4570923765765047e-01	   3.7814403969693389e-01	   1.8218291520052221e-01	  -1.9484922295060353e-01	  -2.1631147006977614e-01	   2.9094435051181067e-01	   1.3919966514007795e-01	  -1.6059335385922310e-01	  -1.6462358866847415e-01	   5.3473735304597891e-01	   3.9838790239486710e-01	   4.6783780792881258e-01	   4.9483342042551509e-01	   1.6588277399248394e-01	  -6.8850439172073757e-02	   0.0000000000000000e+00	   4.9076697583306356e-01	   2.9645908895046258e-01	   2.5492482875386041e-01	   2.4426283704507107e-01	   2.9634017447250780e-02	   5.1720095120659004e-01	   3.4700367185753811e-01	  -1.1898102499520957e-01	  -2.1886003388791100e-01	   2.9143324335692650e-01	   2.7745328099977096e-01	   4.4477274230111158e-01	   4.1364688812094164e-01	   4.5419873202671213e-01	   5.3675268371906726e-01	   3.6338811875402899e-01	   5.1622576192069514e-01	   2.0431042996187865e-01	   6.3716136395167405e-02	  -1.0506638181275274e-01	   1.9154802527897605e-01	  -2.6274335757157741e-01	   5.9371536901287207e-05	  -2.6391403428167670e-01	   2.8748809837266653e-01	  -4.7808153673036882e-02	  -1.9343838537786546e-03	  -7.2718249610448205e-02	  -1.5198334217119305e-01	  -2.4218928337487330e-03	  -3.5432368133202316e-02	  -1.1866116562988188e-01	  -3.1114643340787002e-01	   8.6303614429691450e-02	  -6.3342730407067643e-02	  -1.6863487092878722e-02	  -1.4409978913896090e-01	  -7.7704929332357925e-02	  -1.2468805450604306e-01	   3.4147130068073084e-01	   5.2568553254901473e-01	  -1.0879155695299880e-01	   2.1604055041993782e-03	   4.0914423942182043e-01	   4.0235521348655096e-01	   4.0962633032092216e-01	   4.8215712715372694e-01	   3.6364003046662402e-01	   3.4813286518045961e-01	   9.8310523686104281e-02	   1.5853720898041768e-02	   4.9383536795657551e-01	   3.2720462957874713e-01	   2.8081167290166414e-01	   1.9608374983610399e-01	   1.4690494972625384e-01	   3.2646002028492760e-01	   1.8800016841742453e-01	   4.0018206350784380e-01	   6.1746494486638178e-03	  -4.9687663011537347e-02	   4.2029866115469627e-01	   4.7708279724708530e-01	   4.6833042588506080e-01	   3.1516555436849858e-01	   5.8365748365599768e-01	   1.0589261731457132e-01	   6.0851680543838282e-01	   2.4084694286525815e-01	   2.0541249879053580e-01	   1.6638678870352802e-01	   3.9788217997496700e-01	   1.2578691156135896e-01	
