   0.0000000000000000e+00	   2.4345620783696548e-01	   7.1131780979565284e-01	   4.9808748625761390e-01	  -3.0862373258391784e-01	   3.9676780436669956e-01	   7.6747681373110432e-01	   3.9313968495262164e-01	  -1.4075181374324930e-01	   5.0002850696564394e-01	   4.2917923116869183e-01	   4.9467807257869051e-01	   5.4687769534046693e-01	   4.0118950531879904e-01	   3.6639955422951936e-01	   6.8490220983665107e-01	   4.1835429657316353e-01	   3.9335292276756006e-01	   7.7756565432657210e-01	   5.4894823227801393e-01	   5.7014741689442011e-02	   2.1172034240127774e-01	   5.5699530266881248e-01	   6.6201709017013832e-01	  -1.3282587695181228e-01	   1.7560228439203834e-01	  -8.9655331092017870e-02	  -5.8055236626293596e-02	   7.3623047470683423e-01	   5.8798852473040904e-02	   3.2415748543525502e-01	   3.9923645087862875e-01	   5.4732827871142908e-01	   4.1172781325964763e-01	   2.4408340643256599e-01	   2.1798906513958513e-01	   1.0014895734218607e-01	   3.4612657410534309e-01	   4.3415146786031078e-01	   4.0716715645565471e-01	   3.8989611267607865e-01	   1.2814828998825434e-01	  -5.9551628082092786e-02	   2.7394071199354247e-01	   4.4804657373967355e-01	   3.6163802492386121e-01	   3.8431889170763356e-01	   3.8645077890592100e-01	   5.5174339699530006e-01	   4.6210862778749429e-01	   5.3384458849260530e-01	   5.4085817990799268e-01	   4.2449036437999532e-01	   5.5168079115184665e-01	  -3.9410564101061996e-01	   5.3764097017936885e-01	   8.7256435948647670e-01	   2.2665620270096795e-01	   7.1854786259847869e-01	  -2.3869436159287477e-01	   8.1603226793829897e-01	   8.3016643761270908e-02	   5.1540955183616655e-01	   4.7030753713969387e-01	   3.9681816581978469e-01	   1.3109978791453059e-01	   3.6082960262110775e-01	   5.4568698592267739e-01	   5.5389234137392618e-01	   6.0579393048549124e-01	  -4.6633325954127988e-02	   3.6041919169603209e-01	   4.6898395500871137e-01	   4.1266107642327282e-01	   2.3903475861956769e-01	   4.5517356494714456e-01	   1.6515738315375136e-01	   6.9783920956970946e-01	   4.5466600198037632e-01	  -4.7762236172587530e-01	   5.2641401307064040e-01	   4.9006336415862928e-01	   4.3950762731472448e-01	   7.8894987920845217e-01	   3.1474517078105224e-01	   5.6825621647757141e-01	   5.6351396269387663e-02	   1.9524129983566349e-01	  -3.4668471683729540e-01	   7.7398264385242199e-01	
   2.4345620783696548e-01	   0.0000000000000000e+00	   3.6747037269449789e-01	   8.1752693831666901e-01	   3.8230551418722281e-01	  -5.8377291213912741e-01	   3.5509189595950641e-01	   8.3655661648723667e-01	   7.7694392735048223e-01	  -4.7493950298221216e-01	   7.0671553005405263e-01	   7.7788853741401665e-01	   5.8977613731511014e-01	   7.2229951113247304e-01	   6.5362189862330577e-01	   4.8058881957424127e-01	   4.7273472652240367e-01	   5.3885958721519389e-01	   6.7371450488905527e-01	   8.1408764149512947e-01	   4.2412906987360377e-01	   2.9972453507319857e-01	   2.4503585509296161e-01	   4.2281694794489255e-01	  -1.5074008138875078e-01	   1.7359250981407401e-01	   3.7726039375441722e-01	   2.2654346842448558e-01	   2.9307103192926820e-01	   7.7145087429356918e-01	   5.3955316624641259e-01	   4.3954818178279154e-01	   4.8839246431773120e-01	   6.6634660803357726e-01	   7.3889670032905919e-02	   2.3430174862245734e-01	  -1.1421986536591856e-01	   4.9438809716079440e-01	  -1.2242314605746613e-01	   5.3176057948007205e-01	  -2.9717879151061155e-01	   7.5895832942323194e-01	   1.3751340827982600e-01	   2.8057491482951030e-01	   3.2611909550452334e-01	   4.0622941944440860e-01	   4.8941179997069051e-01	   5.2402142104953819e-01	   5.6011063393209182e-01	   4.1842780165611315e-01	   4.6376882097558925e-01	   4.2419134223160432e-01	   5.4381064441866311e-01	   4.0234000223165844e-01	   6.1069145005002101e-01	  -2.2092324414696923e-01	   1.4088506487188804e-03	   9.2346548441665233e-01	   2.9747768056685142e-01	   7.7379053742411119e-01	   3.7116261405071060e-01	   8.5820062559050558e-01	   4.6539861498765212e-01	   7.7947890464257652e-01	   3.7710136677306261e-01	   7.8323557253471576e-01	   3.1496389539488667e-01	   4.7498470015730487e-01	   3.1361624883943812e-01	   6.1994400907837266e-01	   7.0070779507234504e-01	   3.0401447941045501e-01	   7.1151806136767026e-01	   7.5452519417536479e-01	   7.5655643136525563e-01	   5.2428603662535600e-01	   6.9899642628803749e-01	   4.5548979115703819e-01	   1.0652389933117025e-01	   3.3179731030664672e-01	   7.0642825568397338e-01	   7.1639695125594982e-01	   7.5180683209520016e-01	   4.5046111194367622e-01	   8.0243283947628885e-01	   5.4707835252166082e-01	   1.6147465997469157e-01	  -4.7124318170332899e-02	   6.4335758597902759e-01	  -2.0946017734500599e-01	
   7.1131780979565284e-01	   3.6747037269449789e-01	   0.0000000000000000e+00	   6.2975282927591258e-01	   4.7886251300027591e-02	   1.6269218819416881e-01	   8.6297098281919959e-01	   4.7771864360631355e-01	   2.0931569347265513e-01	   2.3858221358825596e-01	   4.7214014666636700e-01	   4.0950695532693149e-01	   6.5771288117759408e-01	   4.4339023923479270e-01	   4.8045107155976263e-01	   4.8132403325931050e-01	   4.2348124280278765e-01	   4.9725751780675881e-01	   6.9313154962831458e-01	   5.6910422218809065e-01	   2.1129348090618877e-01	   3.4609887646795723e-01	   8.3993997395198727e-01	   8.3317404415503771e-01	   2.6070912415175190e-01	   3.5361762195568336e-01	   2.7686248594327661e-01	   1.6737106156243581e-01	   4.6526506097031628e-01	   1.3321054328930979e-01	   4.5943902421212673e-01	   4.8750440663177830e-01	   5.2435617334648699e-01	   5.0647438774669518e-01	   5.7260495274134449e-01	   4.1762071317404659e-01	  -1.9974954724430555e-01	   2.9934947894217190e-01	   4.1915092816394245e-01	   5.9986239528019447e-01	   1.4932648600534407e-01	   2.8712657023892463e-01	   1.5951462024971502e-01	   3.3895287967948473e-01	   4.2478527927961118e-01	   3.2863572587955259e-01	   4.1468283409521267e-01	   4.7299479606759881e-01	   5.9210554636945645e-01	   3.3213832692072065e-01	   6.2360764739814845e-01	   6.6224729887848799e-01	   3.2860328181312293e-01	   4.1067913714515869e-01	   2.9120480839677925e-02	   3.8013768896987055e-01	   5.7219285636094597e-01	   3.9506208015162159e-01	   4.8992669575595782e-01	  -2.9601240504172708e-02	   6.8559859638687259e-01	   3.1258874539336662e-01	   4.1835517382436549e-01	   5.6200543036829986e-01	   6.5970143488575794e-01	   3.4310841421922927e-01	   5.3671740042470928e-01	   6.2958975353187407e-01	   4.8714852954325460e-01	   6.5074053321824066e-01	   9.1926841414022215e-02	   4.8664338006130037e-01	   6.1810028914229243e-01	   5.5621626184265627e-01	   4.3548361370214067e-01	   4.6825391282518303e-01	   3.0063471575435352e-01	   7.5778947916503947e-01	   3.4031568327432504e-01	  -2.2338786939400171e-01	   5.3958260803000013e-01	   5.7871620223328535e-01	   4.7165128082330271e-01	   5.9890323429606507e-01	   6.0781432071454622e-01	   6.6026443476185004e-01	   1.1580478569362559e-01	   6.4753263420188389e-02	   1.2016386645683670e-02	   5.8948250500615651e-01	
   4.9808748625761390e-01	   8.1752693831666901e-01	   6.2975282927591258e-01	   0.0000000000000000e+00	   3.2818095928556934e-01	  -2.7010091802971670e-01	   6.5608539756049145e-01	   9.2697093081373438e-01	   5.8426955454338247e-01	  -1.2350027185431206e-01	   6.8940768260233509e-01	   8.3966248085592998e-01	   6.9240126202700869e-01	   7.8679177229675279e-01	   6.2833675067078509e-01	   6.8273969840094750e-01	   5.6962682366798334e-01	   5.1197005791914107e-01	   8.3989553890345969e-01	   9.0583904744304578e-01	   4.1218101299120180e-01	   4.1537946487873884e-01	   5.3128184059101202e-01	   7.1887595333216092e-01	   1.4077496716316315e-02	   3.6296273736080575e-01	   3.1961889621838036e-01	   1.7425889425699351e-01	   5.7215521535392266e-01	   7.0889382524838007e-01	   6.6261789418806860e-01	   5.8254925035663163e-01	   7.2490257222572418e-01	   8.3157856124009455e-01	   1.6968003302109880e-01	   3.6317916188135446e-01	  -3.4122450382300121e-02	   5.6452230935808578e-01	   6.9427356146455316e-02	   6.7164245703770509e-01	  -1.1067837108336520e-01	   6.9126081336735834e-01	   3.1112978455211548e-01	   5.6430610695372085e-01	   6.3406301254629227e-01	   6.6702676402041550e-01	   7.3345180116155317e-01	   7.7394753606602940e-01	   8.1693256313063156e-01	   6.7687487825908343e-01	   7.6985361699919475e-01	   7.6428355385761715e-01	   6.6491474011177754e-01	   5.9042492580861550e-01	   4.2261892534569645e-01	   1.1425595868139921e-01	   2.4544437750346035e-01	   7.9038241871621162e-01	   5.8477419121085394e-01	   5.4797215849204306e-01	   6.8606352849336483e-01	   8.3749262496353971e-01	   6.9531338035668444e-01	   9.1625465028451647e-01	   5.6899358921173815e-01	   7.9889763514012690e-01	   5.6589884244973421e-01	   7.6300154185146118e-01	   5.0479245127568040e-01	   7.9104325156728916e-01	   5.0929409210796495e-01	   2.5249516408708228e-01	   7.1020074030334923e-01	   7.9662410944618967e-01	   6.9381171103446204e-01	   5.0416847351653971e-01	   7.6184448379130898e-01	   7.8047825962213468e-01	   2.6459548924241466e-01	   1.4654786943948331e-01	   7.9761632455207920e-01	   8.0546714941711928e-01	   7.6646270838844310e-01	   6.8940855427759895e-01	   7.9168829755562253e-01	   7.3771259006733980e-01	   8.1478375957265703e-02	   4.6465153622835577e-03	   4.8380859092856587e-01	   2.0851132126007488e-01	
  -3.0862373258391784e-01	   3.8230551418722281e-01	   4.7886251300027591e-02	   3.2818095928556934e-01	   0.0000000000000000e+00	  -2.0708388868541402e-01	   2.9737826062659618e-03	   2.5070367215914380e-01	   5.8152913336642942e-01	  -3.7271994514198614e-01	   1.8592451336940774e-01	   1.3111170826151602e-01	   9.5268748439358397e-02	   1.7749509843755651e-01	   3.8709771329972131e-01	   7.0009765669209953e-02	   1.1154330621991165e-01	   1.7774774820496003e-01	   7.6394175396648001e-02	   2.6526473835026165e-01	   5.4613059317823631e-01	   5.4055051277691113e-01	   1.6492442450921030e-01	   1.4769899335776565e-01	   4.9102442194039497e-01	   3.8673110163077434e-01	   5.4825006295724033e-01	   4.3342005637836689e-01	  -1.9778243248528483e-02	   4.5083754369399975e-01	   3.2304995195674957e-01	   3.0876274985795393e-01	   1.7117293522239324e-01	   3.2672237932913184e-01	   8.4291915169892373e-02	   6.9558945327648877e-02	   1.2743058061277625e-02	   8.9167565034939403e-02	  -1.9890670835989649e-01	   3.1327479378454115e-01	  -2.0278073388772766e-01	   3.0825049836207863e-01	   1.4309685362552821e-01	   3.7298701284344932e-01	   1.2144378385481616e-01	   1.7806909620531339e-01	   3.0182677694643445e-01	   2.9037002544551971e-01	   2.3225793156976512e-01	   5.7140517255210577e-02	   2.8719662230042592e-01	   2.6721798791628537e-01	   2.6058580624832739e-01	  -1.4108213959847543e-01	   4.9075037595656701e-01	  -2.3572429173206721e-01	  -4.0700463093828576e-01	   5.2123784040555721e-01	   3.2991405995965346e-02	   6.4380324524059984e-01	   5.1977356593616353e-02	   5.7225186524502447e-01	   2.0055885567885698e-01	   2.7516782841851639e-01	   2.4717891138565795e-01	   4.6152643843482177e-01	   4.5965857593186832e-01	   3.2457500946195328e-01	   2.7257430685880779e-01	   2.3466303195992716e-01	   3.1605783289834471e-01	   1.4275692381196928e-01	   2.3447732692791745e-01	   3.0505319154807731e-01	   3.7183707497664026e-01	   1.5693381118009372e-02	   4.1316712322077603e-01	   1.4450811567183164e-01	  -1.5426350301635805e-01	   4.7235110893684701e-01	   2.2501510037240413e-01	   3.0016545536605804e-01	   3.2473489092488111e-01	  -4.8168374131038208e-02	   4.2646182751024853e-01	   2.2429457168615957e-01	   7.2084450685583362e-02	  -2.7130613221034709e-02	   6.5158457603489717e-01	  -3.4337657761592377e-01	
   3.9676780436669956e-01	  -5.8377291213912741e-01	   1.6269218819416881e-01	  -2.7010091802971670e-01	  -2.0708388868541402e-01	   0.0000000000000000e+00	   1.8973384242259744e-01	  -4.3089054685131029e-01	  -6.9841792371164479e-01	   8.1515311916932232e-01	  -3.7573273750099706e-01	  -3.2912258074255973e-01	  -2.1871099660015175e-01	  -3.6356477974998225e-01	  -2.7761299763105129e-01	   7.3746292835831673e-02	   2.0805686968887648e-02	  -6.4925724974311316e-02	   5.0758043281693317e-03	  -2.2786223595345423e-01	  -1.8783337353518445e-01	  -3.8185682423779753e-02	   2.3969316598102605e-01	   1.5824519127205661e-01	   2.8815821562377641e-01	   3.0156653775907327e-01	  -1.1117254727293216e-01	   8.3139747584974819e-02	   2.4722815160380240e-01	  -5.1987056630364248e-01	  -9.2423765931099716e-02	   1.7495584891336299e-03	   8.4483226823065555e-02	  -1.5116118349653365e-01	   1.7117405137353203e-01	   1.0629050107531125e-01	   2.7943875697870701e-01	  -2.0635889912711758e-01	   3.9839836414153112e-01	  -1.1062557543912542e-01	   4.4028063110675847e-01	  -5.8772097850208604e-01	  -1.4071447214140692e-02	   1.6513459481699361e-01	   1.7260977198708108e-01	   7.9961471061810993e-02	  -4.1233243004083868e-02	  -3.5638336441567803e-02	   7.6571844687940965e-03	   4.8494148477655832e-02	   4.1112185368988488e-02	   1.2126768746680602e-01	  -1.0693902243868758e-01	   4.6413691366454179e-02	  -6.3282088765809785e-01	   5.9655571644320715e-01	   5.9678305211817562e-01	  -4.5061522771117629e-01	   3.9089504238048506e-01	  -6.0094581428065996e-01	   3.3464088873986886e-01	  -5.2016664520255429e-01	   1.0521680566751838e-01	  -2.2530380283783524e-01	   1.2409757028016019e-02	  -4.4363250453577846e-01	   2.8431283889060704e-01	   2.2089361916558459e-01	   2.7221432758356778e-01	   8.4578476553225007e-02	  -6.4918121909143267e-01	  -3.0088728352432103e-02	  -2.0448085310536507e-01	  -2.7511300122918597e-01	  -4.0770459594546793e-01	  -1.1193900136259523e-01	  -3.6178119610473680e-01	   1.3950903464454126e-01	   1.8081401164106214e-01	  -5.2698405169164075e-01	  -1.9119551565173293e-01	  -2.1659535716068126e-01	  -3.3416479784336672e-01	   1.6098000655828310e-01	  -4.2049897711212358e-01	  -2.9413992583101907e-02	  -9.5550005875953858e-02	   1.7349249466750583e-01	  -7.1652037343917230e-01	   6.8675793303951216e-01	
   7.6747681373110432e-01	   3.5509189595950641e-01	   8.6297098281919959e-01	   6.5608539756049145e-01	   2.9737826062659618e-03	   1.8973384242259744e-01	   0.0000000000000000e+00	   5.9047193105870455e-01	   1.8205252853966886e-01	   3.7865728308155755e-01	   4.3871663547086076e-01	   5.1549609917329542e-01	   7.0508323147116236e-01	   4.9859819363119889e-01	   5.0665525679913104e-01	   6.4698312387569423e-01	   4.6060550001987038e-01	   4.1232142756903101e-01	   7.6922163713069647e-01	   6.5487174420282179e-01	   1.6843974788046251e-01	   3.3611626680527085e-01	   7.2775669109641994e-01	   8.0534446997545428e-01	   8.3447524360832040e-02	   2.9036001858547300e-01	   9.1341106693880472e-02	   4.3810612610106173e-02	   6.7645606472059194e-01	   2.1933448087394292e-01	   4.6348560925697790e-01	   5.2838701825796464e-01	   6.2327630996658456e-01	   5.7869725866038790e-01	   3.2295619538003834e-01	   3.1371250264409001e-01	  -1.6095895336845295e-01	   3.1632436417177900e-01	   3.3313568950609479e-01	   4.8671767102270130e-01	   2.9249927128480013e-01	   2.5997920422629139e-01	   1.3664176077857543e-01	   4.2618137904688624e-01	   5.4938997899615316e-01	   4.5886953618029713e-01	   4.4698277912426509e-01	   5.0128761458442184e-01	   6.3167759079589958e-01	   4.2730058749845296e-01	   6.5645877803558483e-01	   7.1493059343493082e-01	   4.7160691908866598e-01	   4.6789660168027564e-01	  -1.3767479379108399e-01	   5.0357021913920397e-01	   6.2194466757666822e-01	   3.2877189888828162e-01	   6.0079690855787171e-01	  -7.6542208956790134e-02	   7.8886365669097436e-01	   3.1439957969598648e-01	   5.9996746576220050e-01	   6.1526501841943171e-01	   6.9858870332544964e-01	   3.5265839896247508e-01	   4.9862165467252328e-01	   6.4849946561183947e-01	   4.9760560156112710e-01	   6.1030155292339039e-01	   1.1953223453693208e-01	   4.9575268157690988e-01	   5.3965317954226488e-01	   5.6355868019992472e-01	   3.8007851621918837e-01	   3.9539380239285737e-01	   2.6756136813194636e-01	   7.2031841444531663e-01	   3.5576261440263346e-01	  -2.8899236788147675e-01	   5.7814825944640358e-01	   6.3407685290874127e-01	   5.1611278263723459e-01	   7.5579055058295630e-01	   5.3271118639865689e-01	   6.8883335927860712e-01	  -1.3321710746884661e-02	   9.6670053180965471e-02	  -5.6504175670322232e-02	   7.0426468467350523e-01	
   3.9313968495262164e-01	   8.3655661648723667e-01	   4.7771864360631355e-01	   9.2697093081373438e-01	   2.5070367215914380e-01	  -4.3089054685131029e-01	   5.9047193105870455e-01	   0.0000000000000000e+00	   6.6821852263718418e-01	  -1.9980373626581607e-01	   7.3589674357432855e-01	   9.0400000073599807e-01	   7.5906962500248620e-01	   8.7863870357403084e-01	   6.4005600811174990e-01	   7.2177373751761231e-01	   5.4428185044619926e-01	   4.6684379494988482e-01	   7.6954424400594257e-01	   8.7625512400810102e-01	   3.5190164542213831e-01	   2.7500197093330753e-01	   3.1529404924402915e-01	   5.7839355516951219e-01	  -2.1483198656471345e-01	   1.8308372737912129e-01	   2.1492426561249794e-01	   6.8559460179124468e-02	   4.8015925204594545e-01	   7.5432646249315671e-01	   5.4537723227392321e-01	   4.6659770261544026e-01	   6.2098237444281279e-01	   7.5782270497492377e-01	   1.5859695859166218e-04	   2.3097789369908681e-01	  -1.3448227033573953e-01	   5.4926531061093131e-01	  -6.9172942822734299e-02	   5.3302875213102685e-01	  -1.7068031675446202e-01	   6.9703826265949353e-01	   3.3186934520161754e-01	   4.8816027494079600e-01	   5.4299422199800640e-01	   6.2059733655656868e-01	   6.4916318122135785e-01	   6.9426145371047499e-01	   7.2983999094656071e-01	   6.3814504757592694e-01	   6.7032956720906811e-01	   6.4828054164053706e-01	   6.2706411242149374e-01	   5.5462205668213371e-01	   4.6685875603286903e-01	  -2.3319979737841869e-02	   1.0847312054373107e-01	   7.4681182690952153e-01	   4.5941900563972565e-01	   5.9215688479798234e-01	   5.5792424263395124e-01	   8.3605449230355056e-01	   6.3267896943494772e-01	   8.7311319761272799e-01	   4.9301677956383716e-01	   8.0895373842850171e-01	   3.9311562097294361e-01	   6.0832321024626335e-01	   3.6720320536688766e-01	   6.5255925317995445e-01	   5.9115313787640922e-01	   2.1340507192603764e-01	   6.5476770058939893e-01	   7.7315453419636759e-01	   6.9585476422034698e-01	   5.3577954226163238e-01	   7.2674565069499752e-01	   6.2954588847558957e-01	   2.9563035620747846e-01	   2.5544410929869066e-01	   7.7958959548281870e-01	   7.8092071535507845e-01	   7.5330802524379037e-01	   6.3396521969328901e-01	   7.7742120703464013e-01	   6.7889891878301911e-01	   3.3103630464359553e-02	  -2.4564458750573420e-02	   5.6265369681149502e-01	   7.8441240754451053e-02	
  -1.4075181374324930e-01	   7.7694392735048223e-01	   2.0931569347265513e-01	   5.8426955454338247e-01	   5.8152913336642942e-01	  -6.9841792371164479e-01	   1.8205252853966886e-01	   6.6821852263718418e-01	   0.0000000000000000e+00	  -5.7899478075298094e-01	   5.7539646458199989e-01	   5.3445574581368593e-01	   5.2864257096743783e-01	   6.1148045430966791e-01	   6.8667566775193101e-01	   2.7372618931224613e-01	   3.0138588230044067e-01	   3.9851750992530055e-01	   3.1319743637133485e-01	   5.5081343717239162e-01	   4.9758918722144374e-01	   3.1844512913491879e-01	   7.2257042609238792e-02	   2.2082491380672767e-01	  -4.7620795202477431e-02	   1.7334325552170526e-01	   4.3819248568585178e-01	   2.1037970717557469e-01	   2.2776817315127873e-02	   7.1121523294284994e-01	   4.2784739218142775e-01	   2.9560060013188855e-01	   1.8049281349314289e-01	   4.4556915135322706e-01	   5.1754321059413369e-02	   7.2575593715600989e-02	  -2.4645071945027969e-01	   2.9520954166630731e-01	  -1.7769567027713884e-01	   4.3142853485370258e-01	  -5.0438923587361306e-01	   5.5495337507002462e-01	   1.7849730387264842e-01	   2.1103153961482257e-01	   1.3327088183460231e-01	   2.0085579970662248e-01	   3.4228121976390352e-01	   3.7328868233657692e-01	   3.5703609572812878e-01	   1.8295583378185865e-01	   2.8605777160828338e-01	   2.6086174931875872e-01	   3.0514639991294756e-01	   1.2520195023403480e-01	   7.7235048647034610e-01	  -3.8367986561826439e-01	  -3.7062305813695517e-01	   7.6156604050110965e-01	   1.4646278161901647e-02	   8.3036206481029806e-01	   4.5333580995976022e-02	   7.9171376770102242e-01	   1.5770351315391459e-01	   5.0289402979698661e-01	   2.9571723850850329e-01	   7.2909130319741600e-01	   2.3006791425106360e-01	   2.7453688068362636e-01	   8.4524813033214019e-02	   3.3717044669629559e-01	   6.8919174493759738e-01	   3.1688039992284223e-01	   5.3047520526868142e-01	   5.6267421104435666e-01	   6.5645107017299376e-01	   4.2595784545063547e-01	   6.3047756089785678e-01	   2.1613807599183998e-01	   8.1966313663169199e-02	   5.4616141867977031e-01	   5.3576295049969147e-01	   5.9272937782030466e-01	   5.9015631422853265e-01	   1.7608695401468452e-01	   7.7152900755238862e-01	   4.7643845101018401e-01	   1.5194366535756862e-01	  -2.1445175438843757e-02	   7.8816823935211577e-01	  -4.4849160723433634e-01	
   5.0002850696564394e-01	  -4.7493950298221216e-01	   2.3858221358825596e-01	  -1.2350027185431206e-01	  -3.7271994514198614e-01	   8.1515311916932232e-01	   3.7865728308155755e-01	  -1.9980373626581607e-01	  -5.7899478075298094e-01	   0.0000000000000000e+00	  -2.5979380561268106e-01	  -7.0998814553311917e-02	   4.9420648434348007e-02	  -9.6924292978188969e-02	  -1.3261882316542523e-01	   3.0891307094024112e-01	   1.4610445310552522e-01	  -7.1016466138842854e-02	   1.3570927976934580e-01	  -1.0229851754669406e-01	  -3.1539147535142231e-01	  -1.9564374070289881e-01	   2.5068871010040494e-01	   2.4134715773619630e-01	   1.3233757574741700e-01	   2.1645926123903270e-01	  -3.3834001278578218e-01	  -1.8909751276904796e-01	   4.0099156056303786e-01	  -4.3262885746732299e-01	  -5.7634001955847176e-02	   4.5624878492243691e-02	   1.7908676785635524e-01	  -3.3312641732764187e-02	   7.6773195582092952e-05	  -4.6987640968939794e-02	   1.3851651026282696e-01	  -9.9581073905133280e-02	   2.6986132457458079e-01	  -1.7763394665915405e-01	   3.8779198418313043e-01	  -5.4452008408616059e-01	   1.0011871522825828e-01	   2.3792814954024005e-01	   3.0729381739939077e-01	   2.2471820778624954e-01	   9.1759600945398839e-02	   1.2262123046116186e-01	   1.6501481302374213e-01	   2.3986469422403717e-01	   1.7408706388526018e-01	   2.6460671780528883e-01	   2.2749869612640049e-02	   2.8849456381303851e-01	  -6.2120207735672295e-01	   6.2508687065418400e-01	   6.8430515565956340e-01	  -4.1967573257160096e-01	   4.7647483066656193e-01	  -5.8315143799854452e-01	   4.3252313391300296e-01	  -4.2158079940453674e-01	   2.3261327895193804e-01	  -8.3830189052441412e-02	   1.1790286024158331e-01	  -2.9485463457849737e-01	   2.6283642017212655e-01	   2.8535730403192572e-01	   2.7016974172343855e-01	   1.2781565172014081e-01	  -5.1652035756860215e-01	  -4.8235093927970721e-02	  -8.4334289986620403e-02	  -1.2193488383620758e-01	  -2.8511606379583754e-01	   7.2065429602872724e-02	  -3.4956971553800620e-01	   2.0123184314397224e-01	   2.8020916770085808e-01	  -5.4062160677550897e-01	  -3.1114708285448517e-02	  -6.2846365407728505e-02	  -2.6204667775890567e-01	   3.2365813545254901e-01	  -2.9719415773919516e-01	   1.0747704705965691e-01	  -2.0632385096709799e-01	   4.7542946997224389e-02	  -6.9916508548258927e-01	   7.5703058336039719e-01	
   4.2917923116869183e-01	   7.0671553005405263e-01	   4.7214014666636700e-01	   6.8940768260233509e-01	   1.8592451336940774e-01	  -3.7573273750099706e-01	   4.3871663547086076e-01	   7.3589674357432855e-01	   5.7539646458199989e-01	  -2.5979380561268106e-01	   0.0000000000000000e+00	   7.3185964398933256e-01	   7.2589574203479734e-01	   7.8116779975240069e-01	   7.1488649761058320e-01	   5.6762350086573832e-01	   5.1007353219685059e-01	   5.3770457006725059e-01	   6.7830070063428760e-01	   7.0348654037602132e-01	   4.6802039766629844e-01	   3.0580125584117990e-01	   2.7338941568097863e-01	   4.2984957235001242e-01	  -3.1664946145968148e-01	  -7.7591160589223574e-03	   1.0977523370424680e-01	  -5.0739660732879013e-02	   2.8000159721008683e-01	   5.0688596758228133e-01	   3.4552880339053516e-01	   3.6389659326604840e-01	   3.4642319773247410e-01	   4.5614285840652091e-01	   5.1589142875896367e-03	  -5.3307885713271816e-02	  -9.9514501736934630e-02	   5.1395488889988772e-01	  -1.1489526574261605e-01	   3.4397907162788127e-01	  -2.0001220436476119e-01	   4.7659912121170722e-01	   4.9563809176502535e-02	   2.1134508752220649e-01	   1.6524272861081168e-01	   2.2838376074864464e-01	   3.4577102756842604e-01	   4.0427964600152816e-01	   4.5858168235330898e-01	   3.6564696890849208e-01	   5.1653577924872185e-01	   3.6696906850611533e-01	   4.5165797574327882e-01	   4.3038853695389190e-01	   2.9124305889074903e-01	  -1.9519720920395384e-01	   7.3067120351537576e-02	   6.2348691979603021e-01	   3.1436172581809541e-01	   4.5523415889194196e-01	   4.4667096567130782e-01	   5.4628491570149962e-01	   3.3065183610942095e-01	   5.8453261334837736e-01	   2.4934076595419682e-01	   5.2790256896517740e-01	   1.5818945266893769e-01	   3.3886504395609973e-01	   3.0278921005777398e-01	   5.0615879825254340e-01	   4.1475355912187406e-01	   2.2500421252636668e-01	   5.5682365467035067e-01	   6.0846637628357159e-01	   5.7888887229167052e-01	   4.6229903802665762e-01	   5.9153077334332249e-01	   5.2854446832512980e-01	   3.6709767961493767e-01	   3.6466121075116459e-01	   7.3396884250048999e-01	   6.5593324127416852e-01	   7.8744452285183186e-01	   4.7019268224083000e-01	   7.4650357577149085e-01	   5.5971753100035015e-01	   1.9911806354872066e-01	   2.0693778603355972e-02	   5.4908033835509451e-01	   5.8456166572108444e-03	
   4.9467807257869051e-01	   7.7788853741401665e-01	   4.0950695532693149e-01	   8.3966248085592998e-01	   1.3111170826151602e-01	  -3.2912258074255973e-01	   5.1549609917329542e-01	   9.0400000073599807e-01	   5.3445574581368593e-01	  -7.0998814553311917e-02	   7.3185964398933256e-01	   0.0000000000000000e+00	   7.1116688517170390e-01	   8.8465558456183180e-01	   5.8189528956720671e-01	   7.7402654036861529e-01	   5.1536484590059539e-01	   4.1460007413146904e-01	   7.6341855729774100e-01	   8.0721681999676087e-01	   2.9829095596724836e-01	   1.9523636636138558e-01	   2.2651162315943563e-01	   4.8140196968380139e-01	  -3.0711971223392642e-01	   8.9147473333042848e-02	   9.4657917663486135e-02	   9.6575582932429266e-03	   4.9953883894428963e-01	   6.4853457294857730e-01	   4.3749741763853833e-01	   3.9130334834194402e-01	   5.4796046850854163e-01	   6.4142602486729694e-01	  -1.2681761317307938e-01	   4.1253691192204719e-02	  -2.5587126818525388e-02	   5.6513103777596629e-01	  -4.8721396231223610e-02	   4.3521019402380556e-01	  -9.1695357996538246e-02	   5.8092639802221813e-01	   2.6684833403583375e-01	   4.3057546534522573e-01	   4.4591767011541861e-01	   5.1443237834787048e-01	   6.0085672047302197e-01	   6.3165951448594537e-01	   6.8175800626661576e-01	   6.4897799424345104e-01	   6.3271189064676403e-01	   6.0357188781673399e-01	   5.8432951345162421e-01	   6.0481515659921548e-01	   3.1762039079522614e-01	   1.7437747493161140e-02	   2.4146916075925756e-01	   6.8473093969101118e-01	   5.1677731841226382e-01	   5.1699847651499797e-01	   5.9026731079899553e-01	   7.1738378462037411e-01	   6.0513312375238348e-01	   8.0851857654934922e-01	   3.6141322179917112e-01	   7.1706119346605313e-01	   3.2269510879212615e-01	   5.5267366728971834e-01	   3.6902867722501825e-01	   6.1484696343919187e-01	   4.7627112845108333e-01	   1.2249957512320470e-01	   6.1005636607239500e-01	   6.7602710517205589e-01	   6.4485512536013934e-01	   5.7591855487537136e-01	   6.5275482879950131e-01	   6.2251096351827018e-01	   2.9284809995903172e-01	   1.1649358576708979e-01	   7.2370274523331346e-01	   6.8242185150961943e-01	   6.9322832268361756e-01	   6.2817304073143587e-01	   6.4519742215733344e-01	   5.9391045984287216e-01	   8.5248356141497672e-02	  -1.3753816557327509e-02	   3.9656547776852963e-01	   1.0655855520434349e-01	
   5.4687769534046693e-01	   5.8977613731511014e-01	   6.5771288117759408e-01	   6.9240126202700869e-01	   9.5268748439358397e-02	  -2.1871099660015175e-01	   7.0508323147116236e-01	   7.5906962500248620e-01	   5.2864257096743783e-01	   4.9420648434348007e-02	   7.2589574203479734e-01	   7.1116688517170390e-01	   0.0000000000000000e+00	   7.3887979938643700e-01	   6.6766475978464879e-01	   6.5029826347939412e-01	   3.6483621982525660e-01	   3.8815116150166207e-01	   6.7266522259905015e-01	   6.6076690809465122e-01	   1.5408974422623964e-01	   1.2603425253305159e-01	   3.9430797540266832e-01	   5.4155431879299409e-01	  -2.0573777487479794e-01	   5.8825727732729219e-02	   6.1994496695104789e-02	  -1.6470682753189556e-01	   4.4317025047515335e-01	   3.6905302944593865e-01	   3.0518074493139369e-01	   3.1608730604328028e-01	   4.5184811993132179e-01	   4.9495937953644392e-01	   7.9444076842511480e-02	   3.0502260670508944e-03	  -2.9540711111587814e-01	   2.9609328249537209e-01	   1.0374820210913729e-01	   4.3977683274379453e-01	  -2.9392094153732930e-02	   4.1129557673525419e-01	   1.8958894217850825e-01	   2.7509262911245663e-01	   2.8397984295025841e-01	   3.2800792169066412e-01	   4.4329961101313331e-01	   5.2738470089632605e-01	   5.7510262824269986e-01	   4.1428628881527019e-01	   5.2269965872950674e-01	   5.1143695334901806e-01	   4.1937636859826810e-01	   4.6415377271973601e-01	   2.2946100504724865e-01	   7.0820517896148322e-02	   2.8352749814565115e-01	   4.9945346605734869e-01	   3.9332008016073772e-01	   2.6238519696493690e-01	   5.8744926191936286e-01	   5.0367840926256080e-01	   4.1623535388056693e-01	   6.3559602603465160e-01	   4.6109874829480968e-01	   5.2094873230278316e-01	   2.6722182600618638e-01	   4.3588675752284889e-01	   3.6221502303972153e-01	   5.0467965325601116e-01	   2.9036942987436581e-01	   2.8986338596979111e-01	   5.4921216941637307e-01	   5.7553979606671768e-01	   4.9221023545089093e-01	   5.1941208026193175e-01	   3.6514552872056161e-01	   5.4600316000517257e-01	   4.2786809559493355e-01	   1.0398649885829089e-01	   6.4770239315726463e-01	   6.2336890667376932e-01	   5.9740021410813249e-01	   5.5573195209237092e-01	   6.6200234146842973e-01	   6.2319729610709163e-01	  -9.6620640948892320e-02	  -5.6396443179659000e-02	   3.1568999293580180e-01	   2.7623746577783220e-01	
   4.0118950531879904e-01	   7.2229951113247304e-01	   4.4339023923479270e-01	   7.8679177229675279e-01	   1.7749509843755651e-01	  -3.6356477974998225e-01	   4.9859819363119889e-01	   8.7863870357403084e-01	   6.1148045430966791e-01	  -9.6924292978188969e-02	   7.8116779975240069e-01	   8.8465558456183180e-01	   7.3887979938643700e-01	   0.0000000000000000e+00	   6.5389119316533417e-01	   7.7259793167107094e-01	   6.1910111723339134e-01	   5.3148934044072305e-01	   6.7642580178438416e-01	   7.8415564216647515e-01	   3.4466292341953686e-01	   1.9195569549306429e-01	   2.2090295009552624e-01	   4.8595137949914202e-01	  -2.6721424029137103e-01	   1.5721547606408581e-01	   5.5544020961147231e-02	  -5.9480465169921136e-02	   3.8795946173964568e-01	   6.4523848002578676e-01	   4.6973283161462476e-01	   4.4453719290829202e-01	   5.3622739754033466e-01	   6.6017576423669078e-01	  -8.8333627714262564e-02	   8.2083682998678686e-02	  -2.6569747409763447e-02	   5.8111839176973801e-01	  -1.0393930812001466e-01	   3.8366405395035391e-01	  -2.3698234066732540e-01	   4.8556050093157821e-01	   3.2447111337662482e-01	   4.9266756911831733e-01	   4.6031226709469009e-01	   5.6766432758675345e-01	   5.6271218619771324e-01	   6.5339798530905024e-01	   6.4410731403758059e-01	   6.3513606290500813e-01	   6.5678443100474504e-01	   5.9877648110395898e-01	   5.1962230640868368e-01	   6.1457652890701175e-01	   3.8818276672821428e-01	  -8.4983128573320230e-02	   1.3781103655289165e-01	   6.5281078563503148e-01	   4.7254613617459434e-01	   5.6333657432577589e-01	   5.4301409315966742e-01	   7.1442713042968431e-01	   5.6665859984847700e-01	   7.5591776448618409e-01	   3.5089347753183547e-01	   7.2386807629372119e-01	   3.7589423452636084e-01	   5.7160557229603648e-01	   4.1076931794509530e-01	   5.9228958880941018e-01	   4.8747848316481324e-01	   1.4687683170970600e-01	   6.1303348001685443e-01	   7.0071826062018627e-01	   6.2257677698080127e-01	   6.3591476740612951e-01	   7.0418865835368361e-01	   6.0692960360014458e-01	   4.6170982863090415e-01	   3.4113734509506344e-01	   7.9416478724736539e-01	   7.7033398390709373e-01	   6.9824027246989995e-01	   6.1257417479190324e-01	   7.2359734060536152e-01	   6.9567666855748966e-01	   5.6445115102130169e-02	  -1.1702070832006181e-02	   5.1077310155828304e-01	   9.3143603351047863e-02	
   3.6639955422951936e-01	   6.5362189862330577e-01	   4.8045107155976263e-01	   6.2833675067078509e-01	   3.8709771329972131e-01	  -2.7761299763105129e-01	   5.0665525679913104e-01	   6.4005600811174990e-01	   6.8667566775193101e-01	  -1.3261882316542523e-01	   7.1488649761058320e-01	   5.8189528956720671e-01	   6.6766475978464879e-01	   6.5389119316533417e-01	   0.0000000000000000e+00	   6.3644927419210262e-01	   5.0614102467615218e-01	   5.1949596021835998e-01	   6.1115429677973543e-01	   6.6628936626182189e-01	   4.5481469404442593e-01	   3.5696811881453189e-01	   3.3326559374741310e-01	   5.4138120144407931e-01	  -9.5840825777920996e-02	   3.5019656527616294e-01	   1.3104514449188193e-01	  -1.0757361095762519e-02	   4.0475050973829751e-01	   5.6669678585945160e-01	   5.9782684066228475e-01	   5.5961828109150613e-01	   4.5905430050108526e-01	   5.8432456606160832e-01	   1.6712919187904415e-01	   1.1209351510547651e-01	  -2.1687347571322985e-01	   2.3056231613413414e-01	  -1.3463167732258488e-02	   4.2200517218456363e-01	  -2.8993326380062190e-01	   3.6543006886684526e-01	  -7.5815322278830102e-02	   2.9612101218864606e-01	   2.8978898767506583e-01	   3.4386349279279976e-01	   4.5843055368892954e-01	   5.0607434685754982e-01	   5.4949123317446735e-01	   3.4321477711959736e-01	   5.4471170485267439e-01	   4.7602761035689334e-01	   3.8823212421704539e-01	   3.7362390817566871e-01	   2.5271689137752151e-01	  -1.4355553310746330e-01	   1.4942396817945661e-01	   6.4543469678756493e-01	   3.4081718785339643e-01	   5.1012377462341130e-01	   4.0761761702564736e-01	   5.6657827753975920e-01	   3.5738697881877918e-01	   5.2109302102230182e-01	   4.3151671267042174e-01	   5.9901146776933945e-01	   3.8700577762717381e-01	   4.7206758014996808e-01	   3.8880793096299737e-01	   5.0716407069924219e-01	   4.9835029430370159e-01	   4.9540203028914465e-01	   6.2183329719408320e-01	   6.5922019346400906e-01	   6.0468358702798819e-01	   5.5464560450447187e-01	   5.4076624085394209e-01	   4.7146356703190900e-01	   4.3555309556757471e-01	   2.6011577472802905e-01	   7.3095126633785368e-01	   7.4467503917272304e-01	   7.8522418703811936e-01	   5.3806542908651989e-01	   8.0404525992540721e-01	   7.3457550009049777e-01	   6.6614056437943672e-02	  -9.1546749631226023e-03	   4.6021868583614967e-01	   5.5101109730621760e-02	
   6.8490220983665107e-01	   4.8058881957424127e-01	   4.8132403325931050e-01	   6.8273969840094750e-01	   7.0009765669209953e-02	   7.3746292835831673e-02	   6.4698312387569423e-01	   7.2177373751761231e-01	   2.7372618931224613e-01	   3.0891307094024112e-01	   5.6762350086573832e-01	   7.7402654036861529e-01	   6.5029826347939412e-01	   7.7259793167107094e-01	   6.3644927419210262e-01	   0.0000000000000000e+00	   6.0216985060780548e-01	   4.4689308438301600e-01	   7.7128353702480079e-01	   7.2886902533220121e-01	   3.1457911536572014e-01	   3.2711765459235875e-01	   3.3141186114456217e-01	   6.4923745321454540e-01	  -1.6806110522482748e-01	   3.1008109172872383e-01	  -3.4453069184963034e-02	  -2.3118873643610118e-02	   6.9230787793869530e-01	   4.8688040399818111e-01	   5.0574348757418930e-01	   5.2840461130722627e-01	   6.5902214313242236e-01	   6.5289358986550661e-01	  -8.5723615036366156e-03	   1.4680378900414026e-01	   5.4773267687393504e-02	   4.4195015366676549e-01	   1.3249972046985442e-01	   4.0149382450553384e-01	   8.8925542171798017e-02	   2.7777278097765318e-01	   2.0069767530298621e-01	   5.7473320362134261e-01	   6.2107857460934934e-01	   6.4870621277782403e-01	   6.5444657951993712e-01	   6.2973142382782066e-01	   7.5049733898815729e-01	   7.1938729571861626e-01	   7.2865089071889100e-01	   7.0717605666061867e-01	   6.0561179727968928e-01	   6.7715648945120699e-01	  -3.1947478681852957e-02	   2.3754994620885542e-01	   5.3440306447223151e-01	   4.8616895285515338e-01	   7.1967472118730003e-01	   2.5592294359870787e-01	   6.9970237885154885e-01	   4.7664552544198024e-01	   6.4750118856262762e-01	   6.6543054255285383e-01	   4.3064660892543760e-01	   5.1401085141783176e-01	   5.1949363803668835e-01	   6.8486718294409799e-01	   5.6291123798053977e-01	   6.4543557958539621e-01	   3.2708519350017318e-01	   2.8296580962587570e-01	   5.8182173633856538e-01	   6.1220900526810507e-01	   5.1001157607603553e-01	   6.0387605729404925e-01	   4.8216435184548456e-01	   6.6390474096700558e-01	   5.2956935006313921e-01	  -7.8020047776088952e-02	   7.2652459219352439e-01	   7.2219280215562898e-01	   6.1539357307377152e-01	   8.1807614050037114e-01	   5.7516132142720910e-01	   7.5925449381785270e-01	   3.4527985430376704e-02	   1.7299100652266983e-01	   1.2378498552830372e-01	   4.6715699429865792e-01	
   4.1835429657316353e-01	   4.7273472652240367e-01	   4.2348124280278765e-01	   5.6962682366798334e-01	   1.1154330621991165e-01	   2.0805686968887648e-02	   4.6060550001987038e-01	   5.4428185044619926e-01	   3.0138588230044067e-01	   1.4610445310552522e-01	   5.1007353219685059e-01	   5.1536484590059539e-01	   3.6483621982525660e-01	   6.1910111723339134e-01	   5.0614102467615218e-01	   6.0216985060780548e-01	   0.0000000000000000e+00	   7.2824582400555449e-01	   6.2680275649976447e-01	   6.7372614936708042e-01	   3.5818371160678586e-01	   1.8612458848637276e-01	   2.8805071434844942e-01	   4.8331525271029324e-01	  -7.8333436344697832e-02	   4.2694235867082286e-01	   5.7210739153249340e-02	   3.6831581508758912e-02	   3.9288171743195377e-01	   4.9297171316164135e-01	   5.1232273223284985e-01	   4.7013433093562584e-01	   5.7562400675742575e-01	   6.2378820209502084e-01	   4.0791107865344192e-02	   2.2710087714609450e-01	   2.2386571025249374e-01	   5.4254842796138580e-01	   1.6783475078570788e-02	   2.1930211155667051e-01	  -3.1756928580946370e-01	   1.3191183844948434e-01	   1.4518047492870900e-01	   4.0522148339994013e-01	   4.6619103463529199e-01	   5.8356875841594191e-01	   4.4911738401838719e-01	   4.6705897323492940e-01	   4.0375601551806017e-01	   4.8304231381679891e-01	   5.0098551317647089e-01	   4.9845866898419333e-01	   3.8677166094472792e-01	   5.8560728696625908e-01	   1.5026806560433195e-01	   7.3292282110136706e-02	   3.8848633230196195e-01	   5.1829862811528904e-01	   4.7591157247956739e-01	   3.2980566356154872e-01	   4.9808762305353099e-01	   4.3910628616093905e-01	   6.1238837430686721e-01	   6.1712386069756431e-01	   3.0383005920667538e-01	   5.1501033772326521e-01	   4.2701277094771534e-01	   6.1471877044119250e-01	   4.8314343128471637e-01	   5.9894020938198678e-01	   2.5534741114198278e-01	   2.0817281773799023e-01	   5.4699023512849088e-01	   6.2380911733915689e-01	   4.9529650409805026e-01	   5.6569508614635988e-01	   6.1005502783172516e-01	   5.4510036479675383e-01	   5.5046282271569891e-01	   2.6022060151110277e-01	   7.4534992155377289e-01	   7.1380035332936886e-01	   4.5675459930617213e-01	   6.0607405170556217e-01	   5.4374702337092695e-01	   6.3960856018352930e-01	   1.3603116830974312e-02	   3.9650138187633362e-02	   2.3605649886516689e-01	   2.7325044149990951e-01	
