   0.0000000000000000e+00	   3.8574510383637384e-01	  -2.2529108648148283e-01	  -2.3537871177198860e-01	   4.7135777661679557e-01	   2.9740613050184583e-01	   7.1420215655901009e-02	  -2.4516029622938579e-01	   1.1116873054361090e-01	   2.4268838833613904e-01	   6.0477426500652320e-01	   2.4421798181763171e-01	   3.8304933673393932e-01	  -7.1851081584127938e-02	   4.7515967010778204e-01	   2.9141291525748736e-01	   5.4902438142098997e-01	   2.1776862449801287e-01	   4.4448174229122850e-01	   5.1755847793869436e-01	   1.8021465277389453e-01	  -5.5253877464726459e-02	  -2.5895433090787978e-01	  -3.3288975785405450e-01	  -2.3580020276834868e-01	  -1.9281804954546042e-01	   1.1406616712270684e-01	   2.6422809037407347e-01	   2.8967648050355055e-01	  -2.2564988344677056e-01	   5.0663185974808356e-01	   4.1235777319202427e-01	   5.4191686533288219e-01	   4.4394599258875356e-01	  -5.2800726190840634e-02	  -3.5644809845367539e-02	  -5.7039429896587127e-02	  -2.0334062858109467e-01	  -1.3855690206911297e-01	  -7.4789513260849927e-02	   5.3052679958068630e-03	  -2.4838707454477787e-02	   1.8436404011812985e-02	   6.5638585268958452e-02	  -1.2210366888472053e-02	   3.3496866323749946e-01	  -1.2578381255587773e-01	  -6.3932307382427611e-02	   1.0295681013513570e-01	   4.3728238085808452e-01	  -9.4713537244863113e-03	   8.7932355517046618e-02	   1.8046293343018635e-01	   3.1866087224017731e-01	  -4.2714370769896814e-02	   3.8073078565675589e-01	   8.3407230184171244e-01	   4.9390799377091149e-01	   7.8441656276754057e-01	   6.7179980032459241e-01	   8.5544313406893435e-01	   4.9989734993122470e-01	   5.1960231100560728e-01	   4.4764548787651914e-01	   3.8040711268210688e-02	   9.2981820072174315e-02	   1.8769146786298865e-01	   3.3498451729182843e-01	   6.4919626729692304e-01	   6.4873279507463544e-01	   2.0334924267202228e-01	  -2.2475316449367239e-01	   4.4657929413980813e-01	   4.7849908118683437e-01	   5.4224499479625743e-01	   4.1697539745409873e-01	   2.9122481651686088e-01	   2.8384968907324748e-01	   4.3946190274173694e-02	  -3.7504008865888944e-01	   2.7316756218946903e-01	   1.9840264756279832e-01	   1.8052219171744116e-01	   3.1586057742099460e-01	   5.6570350609024940e-02	   9.1967396463115761e-02	   1.6991958960307163e-01	   2.9326853827312965e-01	  -1.5345232672914033e-01	   5.2921654325230494e-01	
   3.8574510383637384e-01	   0.0000000000000000e+00	   3.5063240742685331e-01	   4.5376507754395717e-01	   2.6377088104912888e-01	   4.5026355484184921e-01	   3.6853310730026478e-01	   5.9485990070627159e-01	   3.3539184537186079e-01	   4.9975809808977478e-01	   4.8370007970698903e-01	   7.5398478393134150e-01	   2.9250644492091971e-01	   7.1610236203556676e-01	   1.0568457228561851e-01	   5.1173029869947118e-01	   2.4326181771128613e-01	   7.3367179194221299e-01	   7.5024064491408748e-01	   8.1581193208826730e-01	   2.9090141230634990e-02	   9.3900050301310531e-02	   3.5470705648878376e-01	   2.7265085419886970e-01	   7.4674001488293534e-02	   1.8818319133287584e-01	  -2.0571846441863151e-01	  -1.7898514179720118e-01	  -1.8746865836390900e-01	   4.3053703310821878e-01	   4.0359595970773410e-01	   4.0176280504083323e-01	   6.0139331583142885e-01	   7.3556956869979229e-01	   2.7929648666340190e-01	   4.0201573759574188e-01	  -2.3902193997971710e-01	   3.3793413281775381e-01	  -1.3980347974316581e-01	  -8.5690185019189263e-02	  -4.0453825581440311e-01	   4.1552785690160188e-01	   3.9878319295917775e-01	   4.8518876838584746e-01	   3.2544588962634013e-01	   6.0252333847288064e-01	   2.9515459158809898e-01	   3.2903536678026224e-01	   4.9441756465205661e-01	   7.6603469388119516e-01	   4.9044453423884593e-01	   4.2647560667382445e-01	   6.4600960702674526e-01	   6.8548972874076353e-01	   2.8883093565128470e-01	   4.7863963245162328e-01	   1.4340447689736829e-01	   8.5708203782611680e-01	   1.2715953593888560e-01	   6.1247018699558686e-01	   3.4374873774995279e-01	   7.4973617974420259e-01	   2.3885567352880774e-01	   6.6075982095826824e-01	   1.7565286947082248e-01	   2.5750373063009335e-01	   3.1140754190043107e-01	   5.0030455166280519e-01	   4.4473850524682279e-01	   2.6882110953219218e-01	   4.7702348293410646e-01	  -1.9905547199133525e-02	   3.3671659789294567e-01	   5.8036506146670086e-01	   4.9033975574479916e-01	   3.5502325652892075e-01	   4.9476990081460515e-01	   4.2420742198450179e-01	  -9.4858060864874125e-02	  -3.2137115810391076e-01	   3.4034327324051461e-01	   3.7960905543832812e-01	   2.9310545732887316e-01	   1.9203503397822250e-01	   4.1873162839024863e-01	   2.3822501353530820e-01	   3.2495350044992011e-01	   1.4371924390846191e-01	   5.4451495399674310e-01	   3.6319752813628187e-01	
  -2.2529108648148283e-01	   3.5063240742685331e-01	   0.0000000000000000e+00	   9.5114628173413851e-01	   1.4455525530120372e-01	   4.2697075730657363e-01	   8.1773106568776321e-01	   8.7409532579811833e-01	   5.0551782394392097e-01	   4.4946374431933378e-01	   1.6862329011375415e-01	   4.7039731835582893e-01	   5.2585374558549181e-01	   7.1739319560844828e-01	  -1.5227775116535506e-02	   2.5733106995777644e-01	  -1.6869669986179886e-01	   2.7821698744371776e-01	   3.4143449924238545e-01	   2.9662586354015308e-01	   1.0202082040904618e-01	   1.7856339941243407e-01	   9.3659956460108829e-01	   9.3410065829662392e-01	   7.7303020093045682e-01	   6.8780342653063054e-01	   3.7743798284406369e-02	  -1.6227181291953685e-01	  -3.0649444231771850e-01	   3.8648164736921631e-01	  -2.7844866016629821e-01	  -6.4635444345325171e-02	   2.2109721753105191e-01	   3.8797487427200217e-01	   7.2645567656278642e-01	   6.9020083377654440e-01	   1.2734569997640091e-01	   6.2083611332300137e-01	   2.2885825481596470e-01	   2.0225756667299943e-01	  -9.6669029659389852e-02	   4.9081627870759209e-01	   7.3459761630004494e-01	   6.2235890029165031e-01	   5.8673023708172645e-01	   3.9142487233046919e-01	   7.1608923040152561e-01	   6.9873185904472390e-01	   6.4729116721163649e-01	   3.9466875248556749e-01	   8.5932589582522678e-01	   6.5709394894373474e-01	   6.6041509947153909e-01	   5.0359642407490723e-01	   6.5771532372589858e-01	   2.8474358272229283e-01	  -5.1889586951006683e-01	   8.4028472625157669e-02	  -6.1587569293910760e-01	  -3.1755780118195576e-01	  -2.7976541840639124e-01	   7.8303679073324112e-02	  -2.4054071168406815e-01	  -1.8024933221312989e-02	   3.8538687081610212e-01	   2.7565781073061635e-01	   5.5808485961726051e-01	   5.1946674727483355e-01	  -1.6478828683323107e-01	  -2.7301976470676687e-01	   3.1490667633641278e-01	   5.0921927478190709e-01	  -9.6340155896836796e-02	   5.6529030839027702e-02	   1.5893624933470013e-01	   1.1275903423387296e-02	   4.6659719064452321e-01	   4.0830799605019386e-01	  -9.8917092568823972e-02	   1.7498514417372915e-01	   1.8929056977126499e-01	   2.6306137730165613e-01	   2.0584915916465357e-01	   2.4488238358978367e-02	   5.9673392521117585e-01	   4.5015158893980534e-01	   1.0946760663393212e-01	  -7.0505706342075897e-02	   7.9374954352031879e-01	   1.9133009177278937e-01	
  -2.3537871177198860e-01	   4.5376507754395717e-01	   9.5114628173413851e-01	   0.0000000000000000e+00	   9.5304755714952741e-02	   4.3760848477761899e-01	   7.6068392299860199e-01	   9.3069782157105940e-01	   5.0764469534256884e-01	   4.6420137426654029e-01	   1.8730914947355765e-01	   5.8887540580377484e-01	   4.8961410790477966e-01	   8.1204111390608058e-01	  -1.4977287661896849e-02	   3.5311397494793240e-01	  -1.9650217502397685e-01	   3.5533229819424483e-01	   3.7925102636635871e-01	   3.3425095097381063e-01	   8.9488982893585617e-03	   1.4607508462767327e-01	   9.3743137485249139e-01	   9.4418020328127006e-01	   6.9322387248656614e-01	   6.5111613899504406e-01	  -3.9894632022866409e-02	  -2.0346538039687057e-01	  -3.7283098724613767e-01	   3.9835776120913502e-01	  -2.5080192326973938e-01	  -7.3006475193288969e-02	   1.8762818650306648e-01	   3.9797362147043963e-01	   6.7550604425429395e-01	   7.1085874972747654e-01	   2.1146229278613000e-02	   5.9639393233187066e-01	   1.1501476788328568e-01	   1.1984869895092205e-01	  -2.1140886136881490e-01	   5.0365608245432480e-01	   7.3327582366808630e-01	   6.1148361707795340e-01	   5.6730926430587636e-01	   4.2737861281226575e-01	   6.5844108342974805e-01	   6.2282592121167180e-01	   6.3886855450639124e-01	   4.8104847227307185e-01	   8.6380757511447082e-01	   6.5916751410349517e-01	   6.9223652161403626e-01	   5.3779474437464669e-01	   5.7089802840648407e-01	   2.4550594639372958e-01	  -5.5793427231699000e-01	   1.5663830816115973e-01	  -6.0177264053084134e-01	  -2.2362590702853774e-01	  -2.7118638036586235e-01	   1.8190515743990610e-01	  -2.2395336924571743e-01	   8.1136984560789827e-02	   4.1427880499128378e-01	   3.5874449882770787e-01	   4.5909854983410447e-01	   4.9605010603876787e-01	  -2.0460641059352186e-01	  -3.1662443357014414e-01	   3.3925294706359360e-01	   4.7193218582667040e-01	  -8.1022846422825465e-02	   9.7784603648481905e-02	   1.3728764323927717e-01	   1.5115417025170060e-02	   4.1705123525265525e-01	   3.5949013109327904e-01	  -1.0841390963022728e-01	   1.2325585399724009e-01	   1.5940083471828656e-01	   1.8766439148742148e-01	   2.0223401408835573e-01	  -6.2063928251340685e-03	   6.3067769903242943e-01	   4.6425249121022494e-01	   1.7808843452497269e-01	  -9.6026994485678724e-02	   8.2178766367324019e-01	   1.6277065635599927e-01	
   4.7135777661679557e-01	   2.6377088104912888e-01	   1.4455525530120372e-01	   9.5304755714952741e-02	   0.0000000000000000e+00	   6.5755084874666925e-01	   1.9945279798562657e-01	   1.0147198352080897e-01	   5.2322873839297057e-01	   5.1493865057312727e-01	   4.6767639370352443e-01	   3.1892214606189490e-01	   3.9263789268820937e-01	   1.0557082367650952e-01	   5.9855725532923909e-01	   3.8862389854727031e-01	   5.1719501519737043e-01	   3.0111177264997713e-01	   4.3886674745937754e-01	   4.3059552565959464e-01	   3.7895120829671508e-01	   2.2330513377956763e-02	   6.2880647642993559e-02	   4.3772527406235912e-02	   2.2513549623729517e-01	   2.5899768832563708e-01	   5.5620701797359895e-01	   4.2045424073390031e-01	   2.4129071705531691e-01	   1.0295284666140533e-01	   3.2510110158465905e-01	   3.6451472260064266e-01	   5.1340830486003575e-01	   4.7228274871175246e-01	   3.0049983067434266e-01	   2.2463941015622285e-01	   4.4100141315000577e-02	   8.0331104366403727e-02	  -1.4483782791771152e-01	  -4.9639312804869492e-03	  -6.1050192211390589e-02	   3.8427807952333221e-02	   2.7877495145013098e-01	   3.0560344006144913e-01	   3.8200818456614510e-01	   4.6063702705568760e-01	   1.0760754378708513e-01	   1.7415886268588598e-01	   2.9267666961944661e-01	   3.7455301805757818e-01	   2.4670202831821930e-01	   1.6049537020530830e-01	   2.1067728549447509e-01	   2.2831777289124877e-01	   1.4873248292177002e-01	   2.6914656420285044e-01	   3.9149692273323800e-01	   3.4357681864497747e-01	   3.7027178400747573e-01	   4.0565840915058382e-01	   5.1904791544518536e-01	   4.1901549609473376e-01	   3.5325959672353913e-01	   3.0418475812891255e-01	   4.1718656148150046e-01	   3.2045275176600829e-01	   4.8716851854047594e-01	   4.4964539158176398e-01	   3.7256885482482699e-01	   4.3245814785645076e-01	   3.9004607064305052e-01	   2.2536791275947529e-01	   3.2251171328591294e-01	   1.6938361284515716e-01	   3.8617365143429672e-01	   4.5137794514554314e-01	   3.7470122908557324e-01	   3.3472174232835239e-01	   2.4410828343847907e-01	   1.1671324222061016e-01	   5.2898461940171926e-01	   3.9872381207334617e-01	   2.4373233697055613e-01	   4.0828903701047153e-01	   2.9298528483112080e-01	   1.8635579481423861e-01	   3.0211817080995329e-01	   8.9292731074298234e-02	   8.5841300557699049e-02	   2.7386266600375125e-01	
   2.9740613050184583e-01	   4.5026355484184921e-01	   4.2697075730657363e-01	   4.3760848477761899e-01	   6.5755084874666925e-01	   0.0000000000000000e+00	   2.8351637819657549e-01	   4.1975022462307821e-01	   5.6273367537933450e-01	   6.8804071696587232e-01	   4.1322205448536298e-01	   4.5137303964596298e-01	   3.1843910043935786e-01	   4.0731283806051732e-01	   3.2364906874176874e-01	   6.3248624493284122e-01	   2.9273683906025033e-01	   3.8265587074560836e-01	   5.4323642029753882e-01	   4.9597503862523484e-01	   2.7267334919748409e-01	   2.2132678414230872e-01	   3.6997203311913412e-01	   3.7060679986595230e-01	   4.5460220289509407e-01	   5.3350782100696681e-01	   3.1910816726795760e-01	   4.1022835177645101e-01	   1.6990481096090936e-02	   1.8156247557486654e-01	   1.5424376148472801e-01	   2.0804688160309329e-01	   3.5438411521809232e-01	   4.8159157169491051e-01	   4.7468998519065692e-01	   4.3781500180606259e-01	   1.7017903542100571e-01	   4.2940136136025964e-01	   2.6862966895757213e-02	   1.7023319374661375e-01	  -1.2393232633996891e-01	   2.8956323772480441e-01	   4.6050297037589882e-01	   5.3438764865634925e-01	   4.4153448499113079e-01	   5.4363483924020828e-01	   3.1151597002633247e-01	   4.2532617831709973e-01	   3.8469348252914992e-01	   6.0696591293088653e-01	   5.3754079096236262e-01	   4.5550169705923366e-01	   4.6040940376883854e-01	   5.1972642568777172e-01	   3.3617680225224222e-01	   3.7314760605168129e-01	   7.7635078830629325e-02	   4.2555984467722086e-01	   2.3795221493668273e-01	   4.3784332081919114e-01	   3.1614604185863199e-01	   4.7234830083787216e-01	  -6.2092992827710844e-02	   1.4384522515879555e-01	   5.3220429825084681e-01	   6.6004726010571546e-01	   6.2242214266529738e-01	   6.6638499496356263e-01	   3.4562404079758147e-01	   4.1687994038494602e-01	   5.4367564412519898e-01	   3.7645656608357764e-01	   1.6198369127222614e-01	   2.4378611238791084e-01	   2.0822203374383599e-01	   3.6694343416922781e-01	   3.3683217301187446e-01	   2.3782961675155839e-01	   1.8971190281023803e-01	   2.8565671854743940e-01	   4.9791834584083583e-01	   4.4036864955191524e-01	   4.7940573622421545e-01	   4.4882459100417005e-01	   5.3990377306737691e-01	   4.1538496365898248e-01	   4.7063422522251858e-01	   2.3126855705316571e-01	   3.9549806412439298e-01	   4.2261294410923778e-01	
   7.1420215655901009e-02	   3.6853310730026478e-01	   8.1773106568776321e-01	   7.6068392299860199e-01	   1.9945279798562657e-01	   2.8351637819657549e-01	   0.0000000000000000e+00	   7.4103780078424331e-01	   5.9537583682465600e-01	   4.3014105553986026e-01	   3.8888400299508197e-01	   5.5001499451217239e-01	   7.2143583568980785e-01	   6.6441197814703734e-01	   1.5167261031641760e-01	   1.6193114448969159e-01	   4.7838139200339025e-02	   3.0072585526796125e-01	   3.6587150282566566e-01	   3.3698509273215249e-01	  -2.0058331020961009e-02	  -9.9358023493235026e-02	   7.5917135907195776e-01	   6.8722279147747223e-01	   4.6035717325037562e-01	   3.4648021487975289e-01	  -1.5911478206713633e-01	  -3.3574905550153888e-01	  -1.3756651980501061e-01	   3.0749231230681723e-01	  -1.6319038898068697e-01	   2.9880011690595697e-02	   4.3256100101017025e-01	   4.6693576627790612e-01	   4.6544708359181164e-01	   4.7942529364949998e-01	   6.6445504868433106e-02	   4.3076037732753636e-01	   7.5466700568244741e-02	   8.6150970455470932e-02	  -1.1480456484941562e-01	   3.7105134701019094e-01	   6.7748768631738066e-01	   5.1314614469276254e-01	   5.6028900326273856e-01	   5.1081256521341833e-01	   6.1158921758228790e-01	   5.5418161478701533e-01	   7.8194366893660106e-01	   4.5754880424143152e-01	   7.6379833479118031e-01	   6.4836352882056669e-01	   6.8533193811189319e-01	   5.4417671737796725e-01	   5.3936670671924836e-01	   3.3008459026167392e-01	  -2.4663199547552611e-01	   8.3519986189840384e-02	  -4.0351934530740463e-01	  -2.2672319350571563e-01	   4.4023893552874602e-02	   2.3612857381323388e-01	   1.9961971242955956e-01	   2.9034528935782555e-01	   2.5295801348564800e-01	  -1.1267613543258986e-02	   3.7976521072308400e-01	   3.9210449488304944e-01	  -3.7937261403893890e-02	  -2.1522037472465877e-01	   3.2929257431596504e-01	   3.7557497471853135e-01	   1.0926248995453022e-01	   2.4629254581785223e-01	   4.6820345004205394e-01	   1.2231162032111643e-01	   6.2948549471377324e-01	   5.8812564699962044e-01	  -1.4535769360872378e-01	  -1.0153367584482180e-01	   1.5042528109576297e-01	   1.7546902133649495e-01	   4.6791891091693169e-02	  -9.0230152140969175e-02	   4.3197991750351683e-01	   2.9958693078813803e-01	  -7.4683347899861335e-02	  -1.9107869326794144e-01	   5.3884658274212738e-01	   1.6853396977968388e-01	
  -2.4516029622938579e-01	   5.9485990070627159e-01	   8.7409532579811833e-01	   9.3069782157105940e-01	   1.0147198352080897e-01	   4.1975022462307821e-01	   7.4103780078424331e-01	   0.0000000000000000e+00	   5.9136544353296361e-01	   5.7268446626027925e-01	   1.9954695683101892e-01	   7.1257108157626359e-01	   4.6383486827014980e-01	   8.9981680353087357e-01	  -2.1930947900124162e-02	   4.1353309786914966e-01	  -1.6725016409666318e-01	   5.0792328300196110e-01	   4.2218523668227015e-01	   3.8232620223202818e-01	  -6.7052413197087046e-02	   4.8727285725231911e-02	   8.6580434475312718e-01	   8.3595520754409547e-01	   5.3139428343254258e-01	   5.0370465214147120e-01	  -1.5109882866531399e-01	  -3.5329730978260221e-01	  -4.0424830895142416e-01	   5.5052695619252301e-01	  -1.9008709461453938e-01	  -5.6717601889546547e-02	   2.4872409841836138e-01	   4.5950251642070589e-01	   5.3690256234733691e-01	   5.9613556945009560e-01	  -9.2827056446293077e-02	   5.8368927289306216e-01	  -5.0929674381305348e-03	   1.0673260517970155e-02	  -3.5672130459492796e-01	   4.5285892832819624e-01	   6.4855287205545575e-01	   5.6795575642410756e-01	   5.1007482200831489e-01	   4.6834299120195821e-01	   5.8980799645438342e-01	   5.6172186141459046e-01	   6.7320460441876007e-01	   4.9651326096086412e-01	   8.0792843586773211e-01	   6.4029403963806963e-01	   6.9329925651385316e-01	   5.6656199802612095e-01	   5.2853302935583268e-01	   2.2763247151556731e-01	  -5.7060639635152044e-01	   2.8604597182839597e-01	  -5.8538800259110668e-01	  -1.3293371508629709e-01	  -2.0590346477879379e-01	   3.7257523865589404e-01	  -1.2238785235706810e-01	   2.6269541979696659e-01	   3.8832580528680233e-01	   2.8100938355413735e-01	   3.6917888246919073e-01	   4.2845369115425513e-01	  -1.5712837436301527e-01	  -3.1739083296262127e-01	   4.1623703161873660e-01	   4.1960474465756881e-01	  -1.3147308987053914e-02	   1.8419159096883531e-01	   2.2887354172705127e-01	   9.8429151103228210e-02	   4.7919628409848336e-01	   4.0388512568288365e-01	  -1.4410995965917289e-01	   2.3709225517817897e-02	   1.6939127913152663e-01	   1.9187953656956017e-01	   1.3875094885479816e-01	  -4.3667477745889152e-02	   5.3267167004525107e-01	   3.1349822007773998e-01	   1.2552097817699687e-01	  -1.8589498291685963e-01	   8.1272047205362696e-01	   4.3582111920241792e-02	
   1.1116873054361090e-01	   3.3539184537186079e-01	   5.0551782394392097e-01	   5.0764469534256884e-01	   5.2322873839297057e-01	   5.6273367537933450e-01	   5.9537583682465600e-01	   5.9136544353296361e-01	   0.0000000000000000e+00	   8.1017655509687070e-01	   2.8581823267318152e-01	   5.8915022475868917e-01	   6.3147181638391647e-01	   6.0314316587377215e-01	   4.0954946805692860e-01	   5.7021066527888786e-01	   4.4135063967726679e-02	   3.1202293131225689e-01	   2.8608650773861477e-01	   2.2267449573736148e-01	  -3.7409903031917734e-02	  -2.5013848196765381e-01	   4.8603252551357501e-01	   4.4861725304459510e-01	   3.0559329491758436e-01	   2.8005249103198465e-01	   1.8364272627302167e-01	  -1.1060338472202702e-01	  -1.8922441281006125e-01	   3.3954478809150013e-01	  -9.8631004726602758e-02	  -9.6959100740133225e-02	   2.7311670768676410e-01	   3.4078029013459987e-01	   3.3627220273094344e-01	   3.6260539191816005e-01	  -6.2928129952281184e-02	   2.4781940794100216e-01	  -2.5278737429021314e-01	  -1.6557923070853789e-01	  -3.5450792294312838e-01	   1.6338688200133522e-01	   4.4323647224272522e-01	   3.7567843638301540e-01	   4.0586751059024240e-01	   4.6777501364506224e-01	   2.6156311225039863e-01	   2.6766997652601343e-01	   5.0121089178981959e-01	   4.3495851267697283e-01	   5.3086767173271665e-01	   4.3633184174901996e-01	   4.4329401784093697e-01	   3.3613162263024726e-01	   1.8608701968627356e-01	   1.4568621135716803e-01	  -2.3155605509264221e-01	   1.5408129296678208e-01	  -1.5010235201204142e-01	   3.0543851742956700e-02	   2.4252565720871061e-01	   5.1764507915240821e-01	   1.2105463029310087e-01	   3.0014629678767685e-01	   5.7047370217988858e-01	   3.3563110831282089e-01	   2.7552787945885215e-01	   3.1805529434376506e-01	  -9.4383519061747273e-02	  -1.3372161890139772e-01	   4.1449131073883827e-01	   2.8574664470194067e-01	   4.3033880141230725e-02	   1.7092523244622401e-01	   2.8459104267338992e-01	   2.1598353855854907e-01	   4.4700433410328916e-01	   3.0306286425124040e-01	   1.9249563927136551e-01	  -2.4662406663990992e-02	   2.7966163642130970e-01	   7.7054297741542738e-02	   5.7810211661591650e-02	   7.4424986223991352e-02	   3.3095462973153922e-01	   1.3099751888688105e-01	   5.5592564529437345e-02	  -2.5698629176920584e-01	   4.1154692699011941e-01	   3.6070221000970126e-02	
   2.4268838833613904e-01	   4.9975809808977478e-01	   4.4946374431933378e-01	   4.6420137426654029e-01	   5.1493865057312727e-01	   6.8804071696587232e-01	   4.3014105553986026e-01	   5.7268446626027925e-01	   8.1017655509687070e-01	   0.0000000000000000e+00	   3.1785194235890885e-01	   6.1780452506270378e-01	   5.1795657168234988e-01	   5.9759006690841054e-01	   3.7861556535945023e-01	   7.4949465707254259e-01	   1.3072652475886867e-01	   4.8754796541221057e-01	   4.1957766119120787e-01	   4.0604774230792418e-01	   3.3122077569937763e-02	  -9.2502758587109865e-02	   3.9277472787697243e-01	   3.5771370069358466e-01	   2.5264335140269306e-01	   2.9760938703224482e-01	   2.5579791580014311e-01	   4.8784283401944809e-02	  -1.1069966357802025e-01	   4.2555891163620063e-01	  -6.3373285747649107e-03	  -6.1721723939335352e-02	   2.8050088364491832e-01	   4.2294777524676297e-01	   3.2275334373901871e-01	   3.3309995349291865e-01	  -3.0001225545369267e-02	   3.4015402101803399e-01	  -1.9889214871290989e-01	  -1.1898572400382751e-01	  -3.5591331795967918e-01	   2.1482909507416764e-01	   4.1196594266640768e-01	   4.3636653204224024e-01	   3.2372174967940620e-01	   5.1520178788630144e-01	   2.8659828268080884e-01	   3.5273789081908480e-01	   4.3469531823372398e-01	   5.3130085533229643e-01	   5.1804228534100250e-01	   4.8295008742022516e-01	   4.3317022883482176e-01	   3.9122071866420410e-01	   2.0918586525023164e-01	   2.1267532992520471e-01	  -9.2551180279323547e-02	   3.6723343175117240e-01	   4.2542735474760333e-02	   2.6658093928601917e-01	   3.2011005496316836e-01	   6.2902175947471772e-01	   4.5457357515071468e-02	   3.4274587092205949e-01	   5.3386036907629475e-01	   5.0102804250290378e-01	   4.2757564222644229e-01	   5.3782222816315162e-01	   1.5054219944687147e-01	   1.6642407495972039e-01	   5.4628722123525009e-01	   2.3561882303818793e-01	   7.8603293732855579e-03	   2.2907185513306583e-01	   2.6095032454337042e-01	   2.5200081656527257e-01	   3.6100472096890035e-01	   2.0805753122360318e-01	   2.1403635208152155e-01	   5.0372792292412663e-02	   3.9961307662484374e-01	   2.3666050287456125e-01	   2.1081578525471376e-01	   2.9615635548815866e-01	   3.5898370616570269e-01	   2.0147377228553584e-01	   2.2194435131854789e-01	  -6.5343707515670174e-02	   4.2804965932511047e-01	   2.2731799523375606e-01	
   6.0477426500652320e-01	   4.8370007970698903e-01	   1.6862329011375415e-01	   1.8730914947355765e-01	   4.6767639370352443e-01	   4.1322205448536298e-01	   3.8888400299508197e-01	   1.9954695683101892e-01	   2.8581823267318152e-01	   3.1785194235890885e-01	   0.0000000000000000e+00	   6.0669283720655820e-01	   5.4951034350369432e-01	   3.4845697962398781e-01	   4.9146736910091349e-01	   3.7787329704497247e-01	   4.8594855470006182e-01	   4.2715622911255191e-01	   7.0673879284238084e-01	   6.2454351346184178e-01	   3.5206437784314620e-01	   1.1974953611483702e-02	   2.1199845217512145e-01	   1.1915687478337640e-01	   5.6567539934859190e-02	   6.9125203950203773e-02	  -2.4844987509797283e-02	   1.1858752965434104e-01	   3.2059882890545299e-01	   1.1918634394342907e-01	   4.0497583718728836e-01	   4.7122275661091367e-01	   5.9765326302656196e-01	   5.2676215002773386e-01	   8.0796721400956353e-02	   1.6342044118370119e-01	  -1.5030171842465597e-02	   6.3899221856182811e-02	  -8.0696093141601810e-02	   8.2469715056674608e-02	  -8.4199799640382961e-02	   3.4260549050970734e-01	   2.0035928641582201e-01	   2.7222641600012432e-01	   3.9199059245079670e-01	   5.9916721111648052e-01	   1.5098546990908712e-01	   1.6643290545396569e-01	   4.9808600704817835e-01	   5.9919407110917966e-01	   3.3778326236253375e-01	   2.8361522728423749e-01	   4.5082855919665676e-01	   5.0024550148422930e-01	   1.6856386297955622e-01	   3.2133332177561064e-01	   3.8800151053999715e-01	   4.5325644676581561e-01	   3.7033300182453371e-01	   4.3602165743893295e-01	   6.7692364033928043e-01	   6.0630230507298166e-01	   5.5364318258439005e-01	   5.7651024138384166e-01	   2.7863822194998672e-01	   2.0600670394946302e-01	   2.7276761918546422e-01	   2.9912565165065969e-01	   3.3537331063104003e-01	   3.3896132371234600e-01	   4.3853604641336752e-01	   1.4895456508843680e-01	   3.0896817943651633e-01	   5.1144487423664209e-01	   4.9158038345042182e-01	   4.2313654104484205e-01	   4.3820820591686904e-01	   4.1217705697167328e-01	   6.6167289079318070e-02	  -5.0863666833820306e-02	   4.6128036663017669e-01	   3.9838930259056443e-01	   3.6544034385142110e-01	   3.6280465387305649e-01	   4.7534070177164789e-01	   3.5049389081808935e-01	   3.2357679713853327e-01	   2.9439262566654489e-01	   2.5492080954962798e-01	   4.0554362691100526e-01	
   2.4421798181763171e-01	   7.5398478393134150e-01	   4.7039731835582893e-01	   5.8887540580377484e-01	   3.1892214606189490e-01	   4.5137303964596298e-01	   5.5001499451217239e-01	   7.1257108157626359e-01	   5.8915022475868917e-01	   6.1780452506270378e-01	   6.0669283720655820e-01	   0.0000000000000000e+00	   6.0374555505749461e-01	   8.5518317053354509e-01	   2.8143757560090860e-01	   6.2404050182854587e-01	   1.8678143787854753e-01	   6.7684371853725067e-01	   5.6490097717914822e-01	   5.5537476806963804e-01	   2.1024737619306396e-02	  -7.9552843542866306e-02	   4.8984402737130595e-01	   4.4205930541158012e-01	   1.4295875666609537e-01	   1.8350559465946659e-01	  -1.7034915545484475e-01	  -2.2397662365163926e-01	  -1.1908017974773751e-01	   4.3912469305283719e-01	   1.4588299958707412e-01	   1.7821038354562410e-01	   4.8335183090009348e-01	   6.0608451871900249e-01	   2.3247403821994436e-01	   3.7314775529294353e-01	  -2.4600208719744560e-01	   2.3268556045735414e-01	  -2.9357467333370024e-01	  -1.9088433755400297e-01	  -5.1355127904924691e-01	   3.1687767628115393e-01	   4.2443806608804102e-01	   4.3166844353764156e-01	   3.7714080335321293e-01	   6.3578885293905607e-01	   2.8216697154739501e-01	   2.8978291880250362e-01	   6.2044476307770469e-01	   7.1844841021848005e-01	   6.2330142826640667e-01	   5.8508086865192810e-01	   6.3537365780760879e-01	   5.9104178276571273e-01	   3.0022345064204836e-01	   2.7337699181680930e-01	  -1.2911788456943629e-01	   5.3456903307842163e-01	  -5.0639304265965940e-02	   3.3199283439182670e-01	   3.5288375933016874e-01	   7.4615667107568773e-01	   3.1839546027034094e-01	   6.7142554134011700e-01	   3.8464991533225557e-01	   3.2276871767045695e-01	   2.0485540760066157e-01	   4.2051965507313305e-01	   1.1890127639606185e-01	  -4.5448209632889935e-03	   4.9078688221199629e-01	   1.8954414060218655e-01	   1.5656304281050420e-01	   4.7905656019149773e-01	   3.9238118755122930e-01	   3.3510014757547624e-01	   4.8996834067282280e-01	   4.5037028969066961e-01	  -2.3023141772622626e-02	  -1.5334769188806369e-01	   2.8547500525034314e-01	   2.2370080040568449e-01	   1.4652385686789637e-01	   9.6319758497788899e-02	   4.2602819616310372e-01	   2.8290860441906907e-01	   1.5364921570837625e-01	  -9.7199251287199001e-02	   5.5716796358416254e-01	   1.6027755692990719e-01	
   3.8304933673393932e-01	   2.9250644492091971e-01	   5.2585374558549181e-01	   4.8961410790477966e-01	   3.9263789268820937e-01	   3.1843910043935786e-01	   7.2143583568980785e-01	   4.6383486827014980e-01	   6.3147181638391647e-01	   5.1795657168234988e-01	   5.4951034350369432e-01	   6.0374555505749461e-01	   0.0000000000000000e+00	   5.1144575980082851e-01	   5.5006278104169559e-01	   4.3103842584403940e-01	   1.4021138475719636e-01	   2.7873001150980042e-01	   2.5333743781748752e-01	   2.4442285475059436e-01	   1.0064918992041838e-01	  -1.4623663884842303e-01	   5.1173318984897476e-01	   4.5235825834451943e-01	   3.4884950272636472e-01	   2.2731156211451056e-01	   6.5779476530903130e-02	  -1.3186476183657553e-01	  -4.2458734961146403e-02	   1.0633284338959378e-01	   2.5418551345551951e-03	   8.1596472445715454e-02	   3.7876522282898345e-01	   4.2431071232416290e-01	   3.9413815146554498e-01	   4.0679147922917258e-01	  -1.2390183279605907e-01	   5.4670899344673604e-02	  -1.3388375254666041e-01	  -1.1016597142706908e-01	  -1.8549780254620041e-01	   1.8273456305233082e-01	   4.1037543031353513e-01	   2.6033327139553919e-01	   2.9373970307112118e-01	   3.6977568658754184e-01	   2.3118386519904066e-01	   2.6375125890231199e-01	   4.6997854311632808e-01	   3.9542481878812707e-01	   5.6211611243443615e-01	   4.9959863539720406e-01	   5.6473807640626328e-01	   4.3597635950903613e-01	   2.5755568108746685e-01	   2.1459227242818357e-01	   1.1636622795579685e-02	   1.3750311579355864e-01	  -8.7203452413550972e-02	  -4.2284002551301138e-02	   4.1220360049933064e-01	   4.0529876666999942e-01	   3.1520524505120334e-01	   3.3608425852104457e-01	   4.1850195492580566e-01	   1.9780688075440303e-01	   2.6231150560427274e-01	   3.3971684036841038e-01	  -3.7405795278355712e-02	  -9.8574825704069086e-02	   2.4528529210477942e-01	   1.5643256213569645e-01	   9.0989393487621056e-02	   2.6840351550914171e-01	   4.1589850645836091e-01	   3.2696558453992053e-01	   5.0131891567942011e-01	   5.1148562855127533e-01	   1.5209856501585581e-02	  -1.6215903384674335e-01	   1.5755733086391380e-01	   1.1398383546475743e-01	   2.3779450820514487e-02	   6.1197537303008046e-02	   3.3890750520871099e-01	   3.2565049910398247e-01	   2.0562129119081137e-03	  -6.8851107062533723e-02	   4.0081032153690654e-01	   2.9664652099555444e-01	
  -7.1851081584127938e-02	   7.1610236203556676e-01	   7.1739319560844828e-01	   8.1204111390608058e-01	   1.0557082367650952e-01	   4.0731283806051732e-01	   6.6441197814703734e-01	   8.9981680353087357e-01	   6.0314316587377215e-01	   5.9759006690841054e-01	   3.4845697962398781e-01	   8.5518317053354509e-01	   5.1144575980082851e-01	   0.0000000000000000e+00	   3.4553340977876948e-02	   5.7560079712022494e-01	  -1.1568712170037299e-01	   6.1071072094193968e-01	   5.2430224772546963e-01	   4.5728469621297990e-01	  -9.5514771272370569e-02	  -5.8770717940552324e-03	   7.5320493680084044e-01	   7.2034653827648742e-01	   3.5809841064214221e-01	   3.6251763689897099e-01	  -2.3802429419538587e-01	  -3.5690658289926813e-01	  -3.6210082095506596e-01	   5.6965324190159428e-01	  -4.0932470323484259e-02	   5.3511533085973374e-02	   3.4301368954540912e-01	   5.1409517440755226e-01	   4.2283803659677871e-01	   6.0192995103172664e-01	  -1.8938145479867510e-01	   4.8268561472137683e-01	  -1.1047913390704295e-01	  -5.8329331892204725e-02	  -4.5663248067287771e-01	   4.9401281345857673e-01	   5.6535860299527563e-01	   5.4387555356650108e-01	   5.0106851455409340e-01	   5.9142173747097138e-01	   4.9644966642137434e-01	   4.6495528607012604e-01	   6.7989347391768029e-01	   6.6000746046676706e-01	   7.3403148303995924e-01	   6.1664432195653029e-01	   6.7697866228695114e-01	   5.8581012568257906e-01	   4.2650272685068547e-01	   2.9337345074065413e-01	  -4.1481255432904551e-01	   4.3058506708835642e-01	  -3.9611169119482120e-01	   7.8225867468903060e-02	  -2.2728667890071042e-02	   5.2780734839859011e-01	   1.3158725206848466e-03	   4.5186215755785042e-01	   3.3694127589764511e-01	   3.1442550785628698e-01	   2.7921977384223101e-01	   4.3400881705061889e-01	  -6.4105580585870361e-02	  -2.2625342745315652e-01	   4.5275697404638193e-01	   2.2698081443481272e-01	  -2.8070418493810610e-02	   3.6666105558726708e-01	   2.4363429339396431e-01	   1.8799106176148878e-01	   4.8369603276328055e-01	   4.0624260233566817e-01	  -8.3719760731181744e-02	  -7.1095382687197409e-02	   2.1728686587535539e-01	   2.3427495367806128e-01	   2.4319085310378080e-01	   6.4087945612988501e-02	   5.4463687614395861e-01	   3.7336034386862771e-01	   1.9272270456559895e-01	  -8.3957324716638443e-02	   7.3211117575815687e-01	   1.5363116945982522e-01	
   4.7515967010778204e-01	   1.0568457228561851e-01	  -1.5227775116535506e-02	  -1.4977287661896849e-02	   5.9855725532923909e-01	   3.2364906874176874e-01	   1.5167261031641760e-01	  -2.1930947900124162e-02	   4.0954946805692860e-01	   3.7861556535945023e-01	   4.9146736910091349e-01	   2.8143757560090860e-01	   5.5006278104169559e-01	   3.4553340977876948e-02	   0.0000000000000000e+00	   4.5392985411924253e-01	   4.7539540378546596e-01	   2.4505300204058186e-01	   2.7526908939625438e-01	   3.1290213181761084e-01	   4.3369667876841156e-01	   5.5906053271512407e-02	   4.7393576465486802e-02	  -2.2209860148727341e-02	   1.1248912522236260e-01	   1.5476662707546393e-01	   4.0475675243467379e-01	   3.4393757150747784e-01	   4.2932605327990780e-01	   8.9652936605882985e-02	   4.1224675799688992e-01	   3.7612757000070529e-01	   3.2934644140710073e-01	   2.9524688915276442e-01	   1.2677079406517416e-01	   8.4704148550193634e-02	  -7.1029518106867319e-03	  -2.1651641273275460e-01	  -2.5802360097378862e-01	  -1.0593195748021901e-01	   3.2107834506110905e-02	   4.4248112657953503e-02	   6.9348167791374926e-02	   7.4066705990276149e-02	   2.5066467840227202e-01	   2.8214290521010410e-01	  -9.4279061189214627e-02	  -2.6721243664423479e-03	   1.0766904790006411e-01	   2.3099690424039526e-01	   9.6540833223816500e-02	  -5.8503652429292403e-02	   2.2274955592307871e-01	   1.5618731990498730e-01	  -1.0541637777738798e-01	   5.3834083959602930e-02	   3.9467580775039124e-01	   2.2026913174776666e-01	   3.2350000049505812e-01	   2.9397512067757342e-01	   5.4238474972407646e-01	   3.8667601593839718e-01	   4.4048983258721974e-01	   2.9374610997572359e-01	   5.6182350341892517e-01	   3.2685507300997513e-01	   1.8715456218250637e-01	   1.4655503929163086e-01	   2.2689179870708018e-01	   3.2548871322343548e-01	   3.4694312103132929e-01	   9.7733465046469320e-02	   2.7258475976570740e-01	   2.5277625291053174e-01	   3.2723804400738343e-01	   4.3754045991872625e-01	   3.6179007293800219e-01	   3.8057378613946852e-01	   3.7524783869881356e-01	   1.1825799774000227e-01	   4.7796835047110542e-01	   3.8925489818399994e-01	   3.0551380254984406e-01	   5.3780364353478671e-01	   3.6951942017214745e-01	   3.5640836172260454e-01	   3.7156074893266205e-01	   2.2670738698426732e-01	   3.4437141691274369e-02	   2.6510514168849436e-01	
   2.9141291525748736e-01	   5.1173029869947118e-01	   2.5733106995777644e-01	   3.5311397494793240e-01	   3.8862389854727031e-01	   6.3248624493284122e-01	   1.6193114448969159e-01	   4.1353309786914966e-01	   5.7021066527888786e-01	   7.4949465707254259e-01	   3.7787329704497247e-01	   6.2404050182854587e-01	   4.3103842584403940e-01	   5.7560079712022494e-01	   4.5392985411924253e-01	   0.0000000000000000e+00	   8.3824774299593910e-02	   4.5943322787731622e-01	   4.1291325941769186e-01	   3.8006055960910112e-01	   1.1161103724216903e-01	   1.6359974209964484e-01	   3.2164015319123246e-01	   3.2641110234215792e-01	   2.4378090786354928e-01	   3.1392814994940405e-01	   2.1983770311436784e-01	   2.4814170060661436e-01	  -1.3022945778938710e-01	   2.3364755688698793e-01	   1.6231801740031207e-01	   1.1255663901741808e-01	   1.5222108028580325e-01	   3.2745033367192122e-01	   3.0699590110186264e-01	   3.8180992770752420e-01	  -1.3292286808627196e-01	   1.7747570942107840e-01	  -2.2111046273737150e-01	  -1.3803330353276663e-01	  -3.5893901911998077e-01	   2.8484003693990445e-01	   2.8340433204178667e-01	   3.6997772229541631e-01	   2.5335304817363841e-01	   4.2733408315788790e-01	   1.2250433436023751e-01	   2.1027464183931330e-01	   2.2861883106993169e-01	   5.8284756094361589e-01	   3.9803925146898900e-01	   3.4994104247800145e-01	   3.0559726954813882e-01	   3.4658246187335290e-01	   9.7477781630731369e-02	   2.1153587126150597e-01	  -3.0604009822390362e-02	   4.5592165021858766e-01	   1.7083404235604177e-01	   4.2853021149981230e-01	   3.3034585900169022e-01	   6.2617696665983624e-01	  -5.7504746913099494e-02	   3.1871962917391461e-01	   6.2527399641293369e-01	   7.5454516566769381e-01	   2.9067973472460878e-01	   4.1103312517707696e-01	   1.8733476641648911e-01	   2.3369248365700077e-01	   5.6368150206138434e-01	   1.4034634124521400e-01	   5.3807596403648100e-02	   3.6785462710356376e-01	   1.4615266499738827e-01	   4.0244360314202859e-01	   2.9757042727426397e-01	   2.1160167268591626e-01	   1.7389056400222044e-01	   9.4944469655624419e-02	   2.9297063232106046e-01	   2.5531857790999202e-01	   4.4563251230520062e-01	   4.9060951600124603e-01	   5.0345645243303261e-01	   4.5791085049738889e-01	   4.8216483452928255e-01	   2.1481144214889242e-01	   4.1686481204969933e-01	   3.9282233323662857e-01	
   5.4902438142098997e-01	   2.4326181771128613e-01	  -1.6869669986179886e-01	  -1.9650217502397685e-01	   5.1719501519737043e-01	   2.9273683906025033e-01	   4.7838139200339025e-02	  -1.6725016409666318e-01	   4.4135063967726679e-02	   1.3072652475886867e-01	   4.8594855470006182e-01	   1.8678143787854753e-01	   1.4021138475719636e-01	  -1.1568712170037299e-01	   4.7539540378546596e-01	   8.3824774299593910e-02	   0.0000000000000000e+00	   5.0761967971168631e-01	   3.2437843591336624e-01	   4.8969522202865001e-01	   5.2959282649032469e-01	   2.0951188683654265e-01	  -2.1749926249374496e-01	  -2.8678645617123205e-01	  -9.7115319646149889e-02	   1.7962944761556045e-02	   1.5782698527437028e-01	   2.8120928434663983e-01	   6.8285094786327005e-01	   1.6580938616750887e-01	   5.1941653386106945e-01	   5.5726449059289940e-01	   5.8637156497274034e-01	   5.1274311785251614e-01	  -5.8495993890209583e-02	  -1.6012266210563397e-01	   1.2995870180047525e-01	  -8.5238175609957306e-02	  -4.9022798486275311e-02	   6.7560711396076611e-02	   1.7137695330539587e-01	   1.1885068374897613e-01	   9.6634689758901993e-02	   2.4152660312052010e-01	   2.0205011008412402e-01	   3.9823572196302492e-01	   1.4047146246047595e-02	   1.3437654628483922e-01	   2.4249865552819577e-01	   3.2522632615905195e-01	   1.6995380653652189e-02	   7.2601473785596331e-03	   1.2622764560202132e-01	   1.8307663390563439e-01	   6.6849906864367814e-02	   2.4320272968925538e-01	   6.1597249167917956e-01	   4.2350853152864265e-01	   5.1151263074635112e-01	   5.2675777461661211e-01	   5.6781842680415506e-01	   3.6392402675570540e-01	   5.7155402642740327e-01	   4.4181737926353193e-01	   1.1416025977690594e-01	  -2.6103338108382072e-03	   2.2754367211238219e-01	   2.1631038860918805e-01	   6.7572684334479205e-01	   6.0128325893466339e-01	   2.8942733445439550e-01	   3.0536723862455109e-02	   3.6125015773314140e-01	   4.0044638976487756e-01	   4.1679208583057292e-01	   1.7483677106997603e-01	   2.8130937563879471e-01	   3.2051576500032969e-01	   3.8848726925732202e-01	   1.7649580115856181e-01	   6.0970963776923282e-01	   5.7394337709625387e-01	   2.4409467363355491e-01	   4.0993865379491695e-01	   1.2743648810610597e-01	   1.2589303757981962e-01	   1.9651779784529133e-01	   2.2579015825603971e-01	  -1.7744595113899259e-01	   2.4117485726440330e-01	
