   0.0000000000000000e+00	   6.1958074329903412e-01	   1.3037816365913121e-01	   2.3473505976195588e-01	   2.2353284239491450e-01	   2.8432719791165667e-01	   2.7603201398225358e-01	   2.0232698604123589e-01	  -2.3324214975027652e-01	   3.3554680713964752e-01	   6.2115716439527380e-01	   2.0503767650867225e-01	   1.4655295119379741e-01	   1.4997497340203794e-01	   2.2355154315783624e-01	   4.4220752896966820e-01	   3.3949151506508601e-01	   5.4386977231434364e-01	   6.5373068475892893e-01	   6.4011520857908211e-01	   3.8099775996033353e-01	   4.2858454626284659e-01	  -1.3733550307723174e-02	  -1.0175076406601677e-01	   1.6080020600116593e-01	   1.8805569445947484e-01	  -3.5460836128533235e-02	   1.0773271067898099e-01	   2.3619632968025878e-01	   2.3052363815327145e-01	  -1.0633529101397601e-01	  -4.7920959986258518e-03	   2.5251033309875398e-01	   3.5442984569158470e-01	   1.0218054801913897e-02	   2.9335974839962031e-01	   6.4801896970995601e-02	   2.0130109548379280e-01	   3.4078181994381077e-02	   7.4736774702233583e-02	   1.3898418581162980e-01	   2.1348150226777951e-01	   3.5026985271820514e-02	   8.2269362780455574e-02	   3.0216011956301421e-02	   7.0869052661429839e-04	   2.8203374288965793e-01	   3.1692103409540529e-01	   2.3555073586769304e-01	   1.6678944526941442e-01	   3.9935190611275129e-01	   4.4390709379935345e-01	   1.2840764942369298e-01	   2.3185751673226324e-01	   1.9004098335639491e-01	   4.7550278464478213e-01	   7.5517132761010852e-01	   5.5792154125320104e-01	   6.0329877281105804e-01	   3.9724425096220894e-01	   7.4086183284797480e-01	   5.4513724271352093e-01	   4.1843527759242549e-01	   4.5057273458450053e-01	   3.9032264680994655e-01	   4.5988767789640939e-01	   5.0158347751118348e-01	   4.5032994254422393e-01	   6.0141111963480487e-01	   3.8949664947227181e-01	   2.4687353198950393e-01	   3.3835240514316939e-01	   4.9884966735282538e-01	   2.6764086247249708e-01	  -2.1403834056638989e-02	   8.5560314814637689e-02	   5.6649181932283676e-01	   6.0291834573987069e-01	   3.7499597561025350e-01	   2.7650127203915231e-01	   1.3366143382690504e-01	   2.4545957110444450e-01	   4.0670901741050691e-01	   4.2588553036343785e-01	   7.7862162113939648e-02	   2.8976366800240499e-01	  -6.8506212419430779e-02	   1.0838500163814225e-02	  -2.5656805344944758e-02	   3.2940266482711666e-01	
   6.1958074329903412e-01	   0.0000000000000000e+00	  -2.8063619092877270e-02	   2.1949242538301711e-01	   1.8847847263967956e-02	   9.6007405414571617e-02	  -2.2471395172938797e-02	   1.5267502185080811e-01	  -7.3792440173173213e-02	   6.7474474114541383e-02	   3.6722049904955079e-01	   4.1560593991880762e-01	  -1.3956293458490984e-01	   2.0919377022772367e-01	   1.3024561638132717e-01	   2.8044828541563877e-01	   1.6449764429004207e-01	   3.4928905431598689e-01	   4.4660673883193897e-01	   5.5736844286236542e-01	   6.3749530352791739e-01	   5.9803346688243453e-01	  -7.9310150688377323e-02	   4.7346684516312160e-03	   8.5245413565196548e-02	   1.6473127115780387e-01	  -1.8727472315396357e-01	  -1.0134922878268471e-01	   6.7759833939094682e-02	   2.7303242583516613e-01	  -1.6345687381040471e-02	   2.3743644102019418e-02	   2.6371605893398353e-01	   4.0031962724439041e-01	   9.3200184189251439e-03	   2.6535119909091381e-01	   8.2529479659790655e-02	   2.5950682096352207e-01	  -1.4601137317885447e-02	   2.8621788312094609e-01	   1.7094672748160333e-01	   2.3924958208197655e-01	   7.3019704787098405e-02	   1.5318186512602197e-01	   1.1772407600690327e-01	   1.1091800842614372e-01	   1.3703262622059281e-01	   3.2478184393505993e-01	   2.7500611836543948e-01	   3.0051860953105303e-01	   2.8118253074812705e-01	   4.2287316168098693e-01	   3.2837391048984688e-01	   4.1953160781968724e-01	   3.4268877816004378e-01	   4.1947940383050986e-01	   5.9741221724787785e-01	   6.3913555750491002e-01	   5.5652573220250545e-01	   6.5035281100742526e-01	   5.0955719740409300e-01	   4.8448882098972801e-01	   3.2777712662220748e-01	   4.6792069516063983e-01	   1.7958212409387656e-01	   2.5712244452994093e-01	   3.9858980640935104e-01	   4.3900828838980688e-01	   5.1846058214117685e-01	   4.3187909180826073e-01	   4.9349268736618068e-01	   1.3115942407740427e-01	   3.7303313397125870e-01	   2.6665745475502806e-01	   1.9402058598629546e-01	   1.4011679573316022e-01	   6.1935265767950787e-01	   6.1594062716039866e-01	   3.2818385052129201e-01	   1.3972376636540998e-01	   1.6288325590951755e-01	   1.8147566356172223e-01	   3.5130410691002290e-01	   4.4471442348063117e-01	   1.3665191594849171e-01	   2.8723901877121238e-01	   9.4572379250993779e-02	   3.8128146404432982e-02	   1.4447369149919762e-01	   3.1667384982457403e-01	
   1.3037816365913121e-01	  -2.8063619092877270e-02	   0.0000000000000000e+00	   8.4630128637364188e-01	   3.4032312267500830e-01	   3.4445021003659876e-01	   8.9482722691639927e-01	   7.3165677458230771e-01	   2.5085397895891237e-01	   3.4334956705986147e-01	   8.5987299687130120e-02	   5.6042658384591132e-02	   5.2408369493337592e-01	   3.1383718006671646e-01	   3.6247199046989553e-01	   2.9455585624438574e-01	  -6.7393217124058102e-02	  -1.1189476267596198e-01	   6.0309125529862306e-01	   3.2962200893394378e-01	  -9.6114465747168643e-02	  -9.5499984978046584e-02	   9.2046214067755339e-01	   7.8975201477773216e-01	  -4.7649164266407175e-02	  -7.3614984309689879e-02	   2.0264955692406519e-02	   3.5342568755260956e-01	  -6.0504597850023170e-02	   1.2971191294233651e-02	   3.8902680981984294e-01	   4.6329439376206571e-01	   4.8348022278356440e-01	   4.3684698138129296e-01	   5.6708072855732028e-01	   4.3127994147293736e-01	  -8.5985277166695837e-02	  -4.6432242250381353e-02	   7.1578825541574534e-02	  -1.1058442868527810e-01	  -5.1850540129495304e-02	   9.7662600807205638e-02	   3.1340338014590491e-01	   2.6988535326188456e-01	   4.6919236498103117e-01	   3.4415574873090271e-01	   2.7177112452417040e-01	   1.0273159893698756e-01	   1.7265641016632532e-01	   1.6855642437579443e-01	   4.7443909071814738e-01	   1.8284613230597430e-01	   2.8358333994462220e-01	   3.5442694619780796e-01	   3.4358194893558602e-01	   2.8703343239597717e-01	   6.1511898862623218e-02	   1.9564508337827247e-01	  -1.4233716240996055e-01	  -1.7127833886171406e-01	   1.9487903590685373e-02	   5.1911567171230313e-02	  -6.5415005189477723e-02	  -4.0750882977483957e-02	   4.1186734268069053e-01	   1.8208518379731900e-01	   4.5357538906412048e-01	   4.0909946026992694e-01	   3.2777193174614672e-01	   1.9224907688457837e-01	   6.0049967446179735e-02	   1.6242809072449013e-01	   7.5637024570644716e-03	   1.9981940763941811e-01	  -3.2392396989317285e-02	   1.6941922379397090e-01	   3.3227712818862482e-01	   2.0674052977699175e-01	   2.2452127884503614e-01	   2.2087899772747920e-03	   1.9726809349457641e-02	   1.2499497088184025e-01	   3.0212594686442018e-01	   1.3851361199623075e-01	   4.9546038427471584e-01	   4.2894799250110677e-01	  -1.9952279276494615e-02	  -1.2863464425635723e-01	   5.8231751441515500e-01	   5.4672497499825956e-01	
   2.3473505976195588e-01	   2.1949242538301711e-01	   8.4630128637364188e-01	   0.0000000000000000e+00	   3.4749941406206808e-01	   3.8675639386155269e-01	   8.0176183332255857e-01	   7.9576722047648363e-01	   3.2811593576108450e-01	   3.6350038877768048e-01	   7.0902178423224702e-02	   1.2792460340839718e-01	   3.7280140229904041e-01	   3.3876140859607451e-01	   4.6855972541672786e-01	   3.7209320956712733e-01	  -1.1265038740713972e-01	  -1.3430729807793418e-01	   7.1855626419556995e-01	   4.7748813696613723e-01	   6.0788995839253200e-02	   5.1547674566390284e-02	   7.8951144532079365e-01	   7.0899866462964789e-01	   6.0332824303096534e-02	   9.9219642882308143e-03	   3.3972207804979268e-02	   3.2437434857163955e-01	  -1.5419404033907846e-01	   5.0661073117982534e-02	   2.7811638024956165e-01	   3.1592464825841016e-01	   6.2440807815344490e-01	   6.0709067631942126e-01	   5.7448069859806994e-01	   4.8521023124873114e-01	  -1.5254842890499198e-01	   2.1689334411698971e-02	  -4.6945899386266051e-03	  -1.1231661957390460e-01	  -1.3194524848911207e-01	   1.0139910716008081e-01	   3.7760821738601347e-01	   3.2285987222750628e-01	   5.2765041947974844e-01	   4.0016009892558996e-01	   3.9849967144600518e-01	   2.9916423172373507e-01	   2.8097205038357259e-01	   2.4161067629693128e-01	   5.5679109931780812e-01	   2.5645632043083000e-01	   4.0333479809048378e-01	   4.8026297613819680e-01	   4.4619148629089145e-01	   3.4463121551466563e-01	   1.2847053657382079e-01	   3.3345032248522327e-01	  -6.9470002986523588e-02	   1.8826428498892538e-02	   1.5678462940238744e-01	   1.9726260167847762e-01	  -5.1494290980581815e-02	   2.8273819896475351e-02	   4.3693089423150466e-01	   2.3278891854438027e-01	   5.8201102125085136e-01	   5.5241245469153399e-01	   5.0312622254974815e-01	   2.8862293881318291e-01	   1.8011510097730588e-01	   1.3178151289171813e-01	   6.1121981079830523e-02	   2.3353664050473874e-01	  -1.5772408755152043e-01	   2.4060435127137866e-01	   5.2897245224309375e-01	   3.9397957552317481e-01	   3.7137021085659466e-01	   9.7226666222687108e-02	   5.0043013975626729e-02	   1.2651685249655759e-01	   3.9737033056399346e-01	   2.3205546963200821e-01	   5.3282441893502319e-01	   4.8603401344561648e-01	   1.2580984624244962e-01	  -1.5276003082509568e-01	   6.9114446807158680e-01	   5.7337176785949073e-01	
   2.2353284239491450e-01	   1.8847847263967956e-02	   3.4032312267500830e-01	   3.4749941406206808e-01	   0.0000000000000000e+00	   8.9457675474163212e-01	   3.6851462167976801e-01	   2.6271617659003854e-01	  -5.3448236319988393e-02	   7.6037252270941402e-01	   1.2712965192520706e-01	  -3.9404089953293642e-01	   9.4097279090657182e-02	  -1.7903855041318900e-01	   7.4603167711339957e-01	   6.4912964250235794e-01	  -3.8986849779244596e-02	  -2.5159056131187207e-01	   3.8165511173351541e-01	   1.9190667979732506e-01	  -1.7181702591291170e-01	  -1.0284304461778367e-01	   1.7205031374260121e-01	   1.3777302491822849e-01	   5.5955602809408989e-01	   5.0149088568847577e-01	   5.4278068879432084e-01	   7.1909875358041409e-01	  -1.1726592414719959e-01	  -1.2058913802193991e-01	  -2.8839194206748742e-01	  -1.1780722401989249e-01	   4.3862068048007197e-01	   2.6619616334664631e-01	   4.3068309544839806e-01	   3.4376372792182308e-01	  -3.6971827202991400e-02	  -2.5586303266833305e-01	   6.8060210611350621e-03	  -3.3588556356817456e-01	  -9.9760287061956637e-02	  -8.2841144772922801e-02	   2.3500475243790730e-01	   3.0088323449623977e-01	   3.3939760908482647e-01	   2.9300778093420332e-01	   9.6760276258174557e-02	   1.2676680413907615e-01	   1.2741909507054922e-01	   2.0818527522762009e-01	   1.5277701564437535e-01	  -1.2669266506452570e-01	   1.7781567818327365e-01	   2.8826555581108926e-01	   2.0049719880777528e-01	   2.5419237579295895e-01	   1.1163164882293571e-01	   2.8123059011181445e-01	  -9.5400687949967658e-02	   8.9636599734233269e-02	   6.1458813139438819e-03	   6.0288450958384861e-03	   2.4746444128944889e-02	  -2.1545511579421484e-01	   3.3722896499600918e-01	   1.1242385445188235e-01	   2.7440132679871060e-01	   2.4331451258544740e-01	   1.4171710420796624e-01	   1.5364929573314831e-01	  -2.1762312978612861e-01	  -5.7264871333859685e-02	  -6.6425385824511948e-02	   8.9942010642319603e-02	  -4.0719145750447650e-01	  -3.1448997235834233e-02	   2.4622366389808592e-01	   1.5551411816143768e-01	   3.1547306923334079e-01	   1.2623506813218693e-01	   6.2115201557489137e-03	   1.6027629714303160e-01	   2.0617113096880879e-01	  -6.1214519715974580e-02	   2.4125723845672875e-01	   1.4667211402701935e-01	  -4.6310487191597423e-02	  -2.2230805594197278e-01	   1.5104578451892134e-01	   9.7010473001171951e-02	
   2.8432719791165667e-01	   9.6007405414571617e-02	   3.4445021003659876e-01	   3.8675639386155269e-01	   8.9457675474163212e-01	   0.0000000000000000e+00	   4.2926402873171587e-01	   3.7234063715610660e-01	  -7.4148791849620813e-03	   8.5913725607039249e-01	   1.4677309153375359e-01	  -2.4507243062192352e-01	   1.2805534069117566e-01	  -5.2911163302331525e-02	   7.3657222501596142e-01	   7.3592513067928378e-01	  -3.1243118918480625e-02	  -2.2927048647932718e-01	   4.0233491153192502e-01	   2.3556892369666982e-01	  -7.4519779571787986e-02	  -5.2268316158969055e-02	   2.0736071105334980e-01	   1.9125151273285271e-01	   5.6553140540002234e-01	   5.1199806124580172e-01	   4.3998844618380023e-01	   7.4051525930037543e-01	  -1.0027823562280362e-01	  -8.8415340774303644e-02	  -3.4112668037786542e-01	  -1.8206605273642357e-01	   4.5829487098357985e-01	   3.0268238873098557e-01	   3.6570965716023413e-01	   3.5955686201753523e-01	   1.0421763911633459e-02	  -1.5521030431820187e-01	   7.8184874563094836e-02	  -2.4294904362308228e-01	  -1.2077948835717427e-02	   1.8565509595049330e-02	   1.6388718185597873e-01	   3.0086860241657493e-01	   2.8666416314848314e-01	   2.6777927436544779e-01	   7.5048427153334124e-02	   1.6086905145120617e-01	   1.6555192949857966e-01	   2.6905762238625691e-01	   2.0164751218769561e-01	  -1.8769561884699606e-02	   2.8762821492763402e-01	   3.9695557482903426e-01	   3.5961113406635514e-01	   2.6499773652213676e-01	   1.6263273943397816e-01	   2.9415657346511992e-01	  -5.4362286595931994e-02	   1.6766897865860847e-01	   4.2326504687430155e-02	   1.2290079871837334e-01	   8.5861441720722312e-02	  -1.2262872375023282e-01	   4.1556343971158244e-01	   1.5665996793894429e-01	   2.5503761366822930e-01	   2.4585705723859119e-01	   1.8875840268478003e-01	   1.5907214531121144e-01	  -1.2890874276065478e-01	  -6.7705312370486076e-02	   2.2499986323992301e-02	   1.5855230196792508e-01	  -4.8616174519926908e-01	  -5.6357103000878081e-02	   3.2447593847125755e-01	   2.2892987037810286e-01	   2.9315039743679255e-01	   2.2205887824181322e-01	  -9.3609736693495062e-03	   1.8066009873624858e-01	   2.4454971707557716e-01	  -2.9488915599912444e-02	   2.2653151323319842e-01	   1.2633941286760225e-01	  -8.5473385992754725e-02	  -3.0029088992566011e-01	   2.7256342680576118e-01	   1.5227490970568450e-01	
   2.7603201398225358e-01	  -2.2471395172938797e-02	   8.9482722691639927e-01	   8.0176183332255857e-01	   3.6851462167976801e-01	   4.2926402873171587e-01	   0.0000000000000000e+00	   8.3357058576520393e-01	   2.5827412357313034e-01	   4.1323933248395051e-01	   1.7501659110085049e-01	   1.1375351294642988e-01	   6.8696513121107428e-01	   4.5606494867254288e-01	   3.3954047499162265e-01	   3.0319729012335894e-01	   1.2065287779294789e-01	   3.5257834383438436e-02	   5.8516021908381433e-01	   3.2013247564653469e-01	  -1.3795592781036287e-01	  -8.1656532113507374e-02	   7.7739937267603154e-01	   5.9468382910109485e-01	   1.4437583881950971e-02	  -1.2240709676916935e-02	   9.4815167129884331e-02	   4.1725875239356580e-01	   7.7363736677559438e-03	   1.3835797890239176e-01	   2.4479799732963420e-01	   2.5950433730791839e-01	   5.0068994573097869e-01	   4.8707198314221600e-01	   3.3217692126079235e-01	   3.3656912224830354e-01	  -2.6630114365686776e-02	  -1.6025880160094201e-02	   2.9329490639293368e-02	  -9.5126112657587775e-02	  -8.6003122702432988e-02	   6.4073885814787887e-02	   2.0264417254581280e-01	   2.1979874288893952e-01	   2.9994587919574167e-01	   2.1737830283226217e-01	   3.2964131955253484e-01	   2.5644957381703953e-01	   2.1957749545089400e-01	   1.3099827801025163e-01	   5.4020091898045308e-01	   3.0185901340629762e-01	   3.2063039288645645e-01	   2.9107351121856484e-01	   3.7551099254610226e-01	   3.0506495942897416e-01	   1.3332361728209655e-01	   2.3355535498358801e-01	  -7.9153178453115480e-02	  -1.2452764223826607e-01	   2.4520303940403021e-01	   2.9337644380405503e-01	   1.7628528548288885e-01	   1.9195652597153043e-01	   4.7583400134040882e-01	   2.8767629620736979e-01	   4.9821868424296439e-01	   4.5006326122191387e-01	   3.6395009393668248e-01	   1.1139412666950119e-01	   8.5846428238735770e-02	   1.5472137369370417e-01	   8.1913435813560920e-02	   2.6547431580351089e-01	  -8.3041287813501480e-02	   1.4870383767062684e-01	   3.5542003861442412e-01	   2.1916941604703066e-01	   2.0698088865707126e-01	   8.8138506879423484e-02	   9.5173385206981549e-03	   1.5560143829855377e-01	   2.3607060119287132e-01	   7.3372996675825253e-02	   3.2966108789717574e-01	   3.1825448910315546e-01	  -5.9571353117185720e-02	  -2.0296928208667783e-01	   6.0274719847663283e-01	   4.3639357666039558e-01	
   2.0232698604123589e-01	   1.5267502185080811e-01	   7.3165677458230771e-01	   7.9576722047648363e-01	   2.6271617659003854e-01	   3.7234063715610660e-01	   8.3357058576520393e-01	   0.0000000000000000e+00	   3.3169751777214584e-01	   3.3188854535399176e-01	   2.8030252127650074e-01	   2.8955570924518881e-01	   6.5904895045259537e-01	   6.1518831968831644e-01	   3.3330100386381362e-01	   2.6024700353242858e-01	   1.0228476510476198e-01	  -1.2034723367252015e-01	   5.8297574599817192e-01	   2.5636445779053663e-01	  -8.5826793045729849e-02	  -5.7948122883733780e-03	   6.6256765240223603e-01	   5.5511036270535163e-01	   4.2339853542574399e-02	   1.6065331603832396e-02	   7.9288901671938167e-02	   2.9050698096869454e-01	  -1.4575908035066881e-01	   4.7275129799284513e-02	   1.2967752280263620e-01	   1.4624107728947960e-01	   4.4319514958201967e-01	   4.8772385694262610e-01	   3.2439963180972287e-01	   3.8832252975975523e-01	   2.1255436355116123e-02	   4.0300251556215375e-02	   2.6413393499998269e-02	  -5.3202746578927956e-02	  -1.1572270511791946e-01	  -3.1195020737682988e-02	   3.5671853419592101e-02	   4.5180980233681764e-02	   1.9022643360761274e-01	   1.4793560684553980e-01	   1.9591412566009656e-01	   1.8927938568879504e-01	   1.2817077440515146e-01	   3.3611387760293557e-02	   5.0483410083141167e-01	   3.4363682604803514e-01	   2.6976022555369061e-01	   2.2624465077046446e-01	   4.7415316311364947e-01	   1.7896556802384811e-01	  -1.4659338392623409e-02	   2.1890497746178722e-01	  -9.4017399222070350e-02	   2.7170075053732430e-02	   2.7852289627071208e-01	   4.9372587142333624e-01	   9.2035455109979708e-02	   2.0330311726836131e-01	   5.5487303850750413e-01	   4.7550876656519536e-01	   4.8249436890155883e-01	   4.1423181846758683e-01	   3.8828322128737780e-01	   5.3261030284700556e-02	   8.3758130696467981e-02	   2.7237309131060393e-02	   1.0303140039737427e-01	   2.1079579521490788e-01	  -3.0815021546962945e-02	   2.4305117810794094e-01	   4.2524790933052253e-01	   2.3516791441673884e-01	   2.1053382890718791e-01	   2.2463112964691480e-02	  -1.0838445125595139e-01	  -8.1478476332397354e-02	   1.4342012540678689e-01	  -3.7298752316425085e-02	   3.4055266081481972e-01	   2.2148989150251450e-01	  -2.1864028224476882e-02	  -2.5560602965833779e-01	   7.8093534018658151e-01	   3.3695345778713554e-01	
  -2.3324214975027652e-01	  -7.3792440173173213e-02	   2.5085397895891237e-01	   3.2811593576108450e-01	  -5.3448236319988393e-02	  -7.4148791849620813e-03	   2.5827412357313034e-01	   3.3169751777214584e-01	   0.0000000000000000e+00	  -4.8296129079043792e-02	  -6.3292714804208283e-02	   6.9649589317629282e-02	   3.6439450625161179e-01	   1.2900625897298551e-01	  -3.2455105173912514e-02	  -2.5781782450024288e-01	  -1.3737816131517211e-01	  -1.6522708975865380e-01	   1.4027890992102332e-01	   7.2545216993789685e-02	  -1.4850258675902667e-01	  -1.2046802429619457e-02	   2.8756245751364418e-01	   3.4928054482402621e-01	  -2.3856628485039622e-01	  -2.5469326881986409e-01	  -2.6266146511456223e-01	  -9.8846896799526712e-02	  -1.7016131426721584e-01	  -6.1061170107859969e-02	   1.4654706080540489e-01	   7.9617039455744470e-02	   5.1834766312856217e-02	   1.2750232775406262e-01	   2.4501831014432304e-01	   1.7321982937359912e-01	   1.2950172016420738e-01	  -3.0375596850126536e-02	  -1.5851896882812772e-02	   4.1546759106932856e-03	  -2.4784292957587387e-02	  -1.2846751223589425e-02	   3.4699531960365815e-03	   5.4190922907722270e-03	   1.2100730726595506e-01	   9.2085878665533624e-02	  -1.0584914507093035e-01	  -1.2415625928874702e-01	  -2.8304323730300111e-02	  -6.1177092357395865e-02	   1.6579346262517125e-01	   3.9788589132149610e-02	   5.8671888566296987e-02	   8.0856263162606176e-02	   2.3969427036443863e-01	  -5.8281653587465988e-02	  -2.2055529290503550e-01	   1.1476691707916445e-01	  -3.1420179192046105e-01	  -5.6853489192141858e-02	  -1.2544233191434967e-01	   1.1519448729530954e-01	  -2.1045560531196997e-01	  -5.3904467200054158e-02	   2.7890828283350227e-01	   2.0624962123614918e-01	   8.5026550962682079e-02	   3.6467255854762876e-02	   1.6212412392566780e-01	   4.7288175074526179e-02	   2.4739956269259886e-02	  -2.9998051683577946e-02	  -1.2892366225536668e-02	   1.2694658193435232e-01	  -4.4463234066383930e-02	   1.7776108767831561e-01	   6.3317437930906079e-02	  -9.5156981922940392e-02	  -8.2215647057451852e-02	  -1.3564580287546268e-01	  -4.1195719476212186e-02	  -9.0421234347741061e-02	  -1.5477115428117105e-01	  -2.3499294872597154e-01	   2.8311484383817354e-01	   2.2937545390495570e-04	  -1.7592384137620935e-02	  -1.4147109323830787e-01	   5.1991641267340549e-01	   9.3932595551820181e-02	
   3.3554680713964752e-01	   6.7474474114541383e-02	   3.4334956705986147e-01	   3.6350038877768048e-01	   7.6037252270941402e-01	   8.5913725607039249e-01	   4.1323933248395051e-01	   3.3188854535399176e-01	  -4.8296129079043792e-02	   0.0000000000000000e+00	   1.7233507397166387e-01	  -1.8834979953500236e-01	   8.5415380028210558e-02	  -5.1861609994589705e-02	   6.9383157885518165e-01	   8.5816333805060929e-01	  -4.8104846487680458e-02	  -1.9779467875761983e-01	   4.1763099393251368e-01	   2.0858416728979420e-01	  -1.1824766935386467e-01	  -1.8497626545494989e-02	   2.4352968347272735e-01	   2.1252147228643958e-01	   5.6972119326748827e-01	   4.6859713044088980e-01	   4.3311124706214688e-01	   6.6077441591633312e-01	  -6.9439853749154706e-02	  -1.1943136939929030e-01	  -3.7318979635924354e-01	  -1.9154860182799277e-01	   2.7270112024943072e-01	   1.2489928942825421e-01	   2.7337780041523285e-01	   2.7553784303128209e-01	   1.1963110560909105e-02	  -3.6476359858569646e-02	   2.3031063722418382e-01	  -1.1253043697578229e-01	   6.2465738558197099e-02	  -4.7848124351184559e-02	   7.6049497998623650e-02	   2.2597115965124598e-01	   1.4117651582514840e-01	   1.4841106886700745e-01	  -6.0582559231151514e-03	   5.4230582277573797e-02	   1.4441792018072541e-01	   2.8819162624367423e-01	   2.7296756146762419e-01	   8.6906131274689657e-02	   2.7028264127974755e-01	   3.7474757160325478e-01	   2.8082758427091703e-01	   2.9991042476999341e-01	   1.4147186399551873e-01	   1.5829227720247990e-01	   6.0679362660885236e-02	   1.7744995691427934e-01	   1.3249682089978902e-02	   9.5271472557076645e-02	  -6.9529524044455268e-02	  -1.6916797618991364e-01	   4.0708098793484321e-01	   2.0584080740826513e-01	   1.9865205276703546e-01	   1.8396557153624438e-01	   1.4430236471551083e-01	   1.2673235292667029e-01	  -1.1026149098436903e-01	   1.8213414335387298e-02	   2.0074784843668196e-02	   1.1971259490501902e-01	  -4.8866671896497427e-01	  -5.9885721815774819e-02	   2.2337563351538120e-01	   1.7626720106547661e-01	   2.8043791414497732e-01	   3.0270872414084093e-01	  -3.6981756101293256e-02	   1.0521410450797757e-01	   2.2833635112383907e-01	   1.3917730158682183e-02	   2.1192309523021041e-01	   1.8830299492237595e-01	  -3.0649593605754456e-02	  -1.4303124753787105e-01	   1.7043650552654049e-01	   1.8866631036283971e-01	
   6.2115716439527380e-01	   3.6722049904955079e-01	   8.5987299687130120e-02	   7.0902178423224702e-02	   1.2712965192520706e-01	   1.4677309153375359e-01	   1.7501659110085049e-01	   2.8030252127650074e-01	  -6.3292714804208283e-02	   1.7233507397166387e-01	   0.0000000000000000e+00	   2.2892291461716485e-01	   2.9377032218185811e-01	   2.2533560309527922e-01	   5.9227077868985067e-02	   2.2157517881098115e-01	   3.0288314329316907e-01	   1.5756745262528754e-01	   4.6046354824762736e-01	   3.2846878515164657e-01	   2.9723681710282590e-01	   2.5309056080784570e-01	  -6.3055838763637878e-02	  -1.0050894349259426e-01	   3.3734352880462636e-02	  -1.7779779073974903e-03	  -1.1837529969497437e-01	  -9.7740555844136878e-02	  -8.4810902261445442e-03	   2.8919228440811830e-02	  -1.3402196639631969e-01	  -9.1968736577242291e-02	  -5.8035998822831253e-02	   1.3174911869366346e-01	   9.3061359923797479e-02	   2.4335602287780628e-01	   1.6765026271635947e-01	   1.2651953913756642e-01	  -2.3014372024496764e-02	   6.8435198649912710e-02	   1.7563327506514814e-01	   2.5390421513899492e-01	  -1.4901514240724267e-01	  -1.5541730445169616e-01	  -8.6640156523229594e-02	  -9.5902439046836374e-02	  -6.4452182784372439e-02	   1.2465070802244602e-02	  -1.8041599959552784e-01	  -1.4112358091567972e-01	   1.7609703424087553e-01	   2.2959721705099773e-01	  -1.4911452780234044e-01	   2.5845086852374820e-02	   1.2837082438958503e-01	   8.2329859517934159e-02	   3.6387254822852022e-01	   3.8863128545946513e-01	   2.9778313708779036e-01	   1.8701807951383786e-01	   5.0782496468079197e-01	   4.9696761004530599e-01	   1.4111684150225284e-01	   2.6003119018691662e-01	   5.5428284224768709e-01	   5.6824153384080234e-01	   2.8918134058132283e-01	   1.9479096716465411e-01	   2.5788558386612953e-01	   5.5781478670809945e-02	   7.7210787590496183e-02	   1.6867076589476088e-01	   4.9369209269182956e-01	   2.2531568712609945e-01	   5.6411737553964975e-02	   6.9935399423760022e-02	   4.0888189664971142e-01	   3.9308902034920012e-01	   8.7212397455394747e-02	   1.7274648277327362e-01	   2.8368182495480277e-02	   7.6556971867972667e-02	   2.3382329342977404e-01	   9.5194655842060757e-02	   3.0949691673699387e-01	   1.8967810914584379e-01	  -7.8907785772444061e-03	   8.4503412738554551e-02	   2.5816908025158564e-01	   2.7267815056965466e-01	
   2.0503767650867225e-01	   4.1560593991880762e-01	   5.6042658384591132e-02	   1.2792460340839718e-01	  -3.9404089953293642e-01	  -2.4507243062192352e-01	   1.1375351294642988e-01	   2.8955570924518881e-01	   6.9649589317629282e-02	  -1.8834979953500236e-01	   2.2892291461716485e-01	   0.0000000000000000e+00	   1.9917942458064425e-01	   7.8694867646165600e-01	  -7.0622222478947200e-02	   2.8391520808858470e-02	   2.0233814084530871e-01	   3.8371394110860690e-01	   1.1593220905563090e-01	   6.0950496848821645e-02	   1.7100306864411471e-01	   1.3325557226833640e-01	   1.1008434049426928e-01	   9.5735007735012950e-02	  -2.7398288147456040e-01	  -2.8063880842891481e-01	  -2.0651655237846178e-01	  -2.2683134521334758e-01	   2.3729453250917737e-01	   3.7658537514124019e-01	   1.6060692854417644e-01	   1.0372647545495213e-01	  -9.0436002827686324e-02	   1.4797824553624330e-02	  -2.9360453630702110e-01	  -8.5597714444898831e-02	   1.3497713983433132e-01	   3.1240344969959055e-01	   2.1239456165152368e-03	   2.8733582698453863e-01	   1.2133816528456351e-01	   1.3121609086279432e-01	  -3.1170819103221070e-01	  -1.8565931931120933e-01	  -2.2822278786289973e-01	  -2.0995558545349771e-01	  -1.7240001704157456e-02	   9.4228295791380978e-02	   1.6703870873968202e-01	   2.0937161755982886e-01	   3.1163167471129061e-01	   6.3276856676119542e-01	   2.3770872909960236e-01	   1.3083869160469852e-01	  -1.5867855721546839e-01	  -6.6070429258142993e-02	   9.3558651367686457e-02	  -4.6579066139751907e-02	   3.0557528062719602e-01	   1.4643169812677556e-01	   2.7119447290357107e-01	   4.2400264001624066e-01	   2.1542422186896742e-01	   5.8818435527642932e-01	   1.4661386505377430e-01	   3.0412165167900884e-01	   3.4324572001496648e-02	   1.0230277811006129e-01	   1.3128511499177881e-01	  -1.7908798880683971e-01	   4.8501802213219358e-01	   1.6832117550440687e-01	   2.9089200246686842e-01	   2.2756220795987461e-01	   2.6297040162398061e-01	   1.8892562967882076e-01	   1.4091600868323664e-01	   2.0610375371278655e-01	  -1.1512052068471429e-01	  -1.4173673335037895e-01	  -5.6287330690433450e-02	  -9.1092576344328158e-02	   1.6657688009060717e-01	   2.8868380851764291e-01	  -8.1919796980547147e-02	   1.3488895777093968e-01	   1.0092336480577439e-01	   1.8901548215551911e-01	   1.9531660385504884e-01	   3.0934153546075638e-01	
   1.4655295119379741e-01	  -1.3956293458490984e-01	   5.2408369493337592e-01	   3.7280140229904041e-01	   9.4097279090657182e-02	   1.2805534069117566e-01	   6.8696513121107428e-01	   6.5904895045259537e-01	   3.6439450625161179e-01	   8.5415380028210558e-02	   2.9377032218185811e-01	   1.9917942458064425e-01	   0.0000000000000000e+00	   6.0008953646066820e-01	   8.1253586924761229e-02	  -8.6939335036261708e-02	   2.8918680665577157e-01	   7.4848769383510691e-02	   2.1438119762696778e-01	  -5.3038192150554955e-03	  -2.2088390452744400e-01	  -1.3097808151808787e-01	   4.1319805861527203e-01	   2.8410141942178413e-01	  -1.3341152483760482e-01	  -2.1326307194643054e-01	  -2.8531967664745379e-02	   1.6431807963524478e-01	   7.5544808858360207e-02	   1.1170734477932558e-01	   1.1896628502470716e-01	   4.1707224053240510e-02	   1.7842551633039089e-01	   2.1654143951354154e-01	   6.2962068099645749e-03	   5.0642807362982961e-02	   1.6282642784497753e-01	  -4.2361079139927864e-02	   6.6200574216041502e-02	   4.9936029701671346e-02	   3.6223490737181136e-03	   7.1685163589701242e-02	  -1.7659051435236953e-01	  -1.7660731299715887e-01	  -1.5980235992803235e-01	  -2.0055123602400890e-01	   9.0690054931810329e-02	   3.2781491478513773e-02	   4.4698944635844978e-02	  -1.5680992900544610e-01	   3.8319719285711079e-01	   3.4878009989415615e-01	   1.4571055583703439e-02	  -7.6174779659130776e-02	   2.1985651269335385e-01	   2.3184603468550793e-02	  -2.3670535637427523e-02	   1.3959676623783279e-01	  -5.8265648965895790e-02	  -9.2659398510655744e-02	   3.7031645354530301e-01	   4.3198609635139990e-01	   2.6125429232497910e-01	   3.5029657382182056e-01	   3.8513280479718637e-01	   3.7150800810401508e-01	   2.9886092905621631e-01	   1.8246649399887205e-01	   2.5740344731117504e-01	  -2.0237848093231741e-02	  -2.8652772932138217e-02	   9.5046812382454576e-02	   2.2058473486198041e-01	   2.8451865817280020e-01	   1.4078540559694350e-01	   2.0780863103348629e-01	   8.4472640358322665e-02	  -7.0634914312253591e-02	  -8.4525278762679887e-02	  -1.4081778292733454e-01	  -4.4388785100248282e-02	  -6.9363400001634712e-02	  -7.3128578044692680e-02	  -1.8832638549461214e-01	   6.8325580707452940e-02	  -5.0952845173898864e-02	  -1.5897041914960547e-01	  -1.9227375333866042e-01	   5.0979967280359406e-01	   1.0286270941321748e-01	
   1.4997497340203794e-01	   2.0919377022772367e-01	   3.1383718006671646e-01	   3.3876140859607451e-01	  -1.7903855041318900e-01	  -5.2911163302331525e-02	   4.5606494867254288e-01	   6.1518831968831644e-01	   1.2900625897298551e-01	  -5.1861609994589705e-02	   2.2533560309527922e-01	   7.8694867646165600e-01	   6.0008953646066820e-01	   0.0000000000000000e+00	   8.0784776854977536e-02	   4.1405955290414069e-02	   3.0081312422648659e-01	   2.6440598383907382e-01	   1.4201777040208680e-01	   4.8904622031084128e-03	   1.2760185213759068e-02	   4.0509322776276460e-02	   3.0860133801949385e-01	   2.1074926604126587e-01	  -1.7376989647714983e-01	  -2.1934330871370256e-01	  -5.7174517833355934e-02	   3.0703041420852853e-02	   1.7497418650672664e-01	   3.8350152338831728e-01	   1.8566296318469752e-01	   7.8712429760515207e-02	   1.9055314379021870e-01	   2.1315864763420966e-01	  -2.4057296330307948e-01	  -2.1534485030074584e-02	   1.5785910205498777e-01	   2.2848710938309952e-01	   8.9565223727279805e-02	   2.1160691711628982e-01	   5.8875645684707448e-02	   8.6001217950742670e-02	  -2.5088909407098464e-01	  -1.8277168860757370e-01	  -1.7692190209547259e-01	  -1.5282873324446333e-01	   8.7431487403381913e-02	   1.8761653652067489e-01	   1.9964094919894798e-01	   1.1599807389312396e-01	   3.8692927020590612e-01	   5.8502094594093723e-01	   2.6848031086233615e-01	   5.7144631807957945e-02	   6.1811402535638667e-02	  -2.8225889124340327e-02	  -5.4164617113883380e-03	   3.4541148252085416e-02	   1.3845413789055161e-01	   7.8174124431334036e-02	   3.6015315079651966e-01	   5.3187152214108357e-01	   3.6973120154786326e-01	   6.1418071304413657e-01	   2.1914844883064544e-01	   3.1636171230390742e-01	   2.3275142932017490e-01	   2.4494204668181380e-01	   2.1507908483242513e-01	  -1.4559811935490846e-01	   3.8698251354682800e-01	   1.1673505919244691e-01	   2.9990260944851549e-01	   3.0218437005219284e-01	   2.8434192799622088e-01	   2.2949630579251387e-01	   1.2005164973650173e-01	   7.6686902069090152e-02	  -2.4353870746830670e-02	  -6.7045661978094126e-02	  -1.0605019675555041e-02	  -3.9514622447736798e-02	   8.1445538028358078e-02	   1.4134411291627716e-01	  -2.6136642491126402e-02	   5.8732497287123313e-02	   4.2456435798731065e-03	  -3.1153057476571822e-02	   4.7252093499838221e-01	   1.9201477898108243e-01	
   2.2355154315783624e-01	   1.3024561638132717e-01	   3.6247199046989553e-01	   4.6855972541672786e-01	   7.4603167711339957e-01	   7.3657222501596142e-01	   3.3954047499162265e-01	   3.3330100386381362e-01	  -3.2455105173912514e-02	   6.9383157885518165e-01	   5.9227077868985067e-02	  -7.0622222478947200e-02	   8.1253586924761229e-02	   8.0784776854977536e-02	   0.0000000000000000e+00	   7.3730708954459800e-01	   5.4384106105636036e-02	  -1.5553626978203622e-01	   3.8368987583589298e-01	   1.6507434145217684e-01	  -1.3469934120569077e-01	  -9.7335497340685098e-02	   2.6444559599374062e-01	   1.9517971683815744e-01	   4.5022566943594294e-01	   2.9338120410034069e-01	   5.7398065795735542e-01	   7.2033863460221503e-01	   2.9513417102483813e-02	  -1.4630891099985121e-02	  -1.7507422238994019e-01	  -6.7185623989361509e-02	   3.7052092575557072e-01	   1.8680402699060350e-01	   3.8314046108481581e-01	   1.8299539486411365e-01	  -6.8251017435764852e-02	  -4.9406900153459055e-02	   1.5771079974813695e-01	  -2.2901103866569997e-01	  -1.5587601061299527e-01	  -5.2256994670397482e-02	   3.0166729514217749e-01	   3.2010970633253116e-01	   3.1772297480209977e-01	   2.6509122701716625e-01	   2.0291179937332043e-01	   2.1424909601861830e-01	   3.4188646228199948e-01	   4.2348069820297041e-01	   3.5630242249569766e-01	   1.3400633507977486e-01	   3.8276500328626895e-01	   5.1514369008146199e-01	   6.5776956486318983e-02	   2.0896837327737952e-01	   1.6803582610761769e-01	   3.4215071135534797e-01	  -1.8454266098189537e-02	   2.4104285346087201e-01	   1.7430800394451815e-02	   3.0926056385917697e-02	   2.6911780418474779e-02	  -9.8507815238171370e-02	   3.3095411271360198e-01	   1.3583313933846805e-01	   2.7078380639104022e-01	   2.8924482397200718e-01	   2.9113791353902574e-01	   2.5292599400452898e-01	  -8.8826540357292844e-02	  -1.7182012384061744e-02	  -4.2344477638074987e-02	   4.4745216276654773e-02	  -3.9689632126987895e-01	  -6.8612722943384094e-02	   1.1578073896757247e-01	   4.4421508626782548e-02	   3.5814419305495804e-01	   1.3269927689369726e-01	   1.0284378554415412e-01	   2.1248863638425619e-01	   3.7832821425177332e-01	   1.7544291802146850e-01	   3.1246723648631941e-01	   1.7636896576494854e-01	   8.9906739946925926e-02	  -2.4647631288959235e-02	   2.5283707172286829e-01	   1.6177576385597822e-01	
   4.4220752896966820e-01	   2.8044828541563877e-01	   2.9455585624438574e-01	   3.7209320956712733e-01	   6.4912964250235794e-01	   7.3592513067928378e-01	   3.0319729012335894e-01	   2.6024700353242858e-01	  -2.5781782450024288e-01	   8.5816333805060929e-01	   2.2157517881098115e-01	   2.8391520808858470e-02	  -8.6939335036261708e-02	   4.1405955290414069e-02	   7.3730708954459800e-01	   0.0000000000000000e+00	  -5.7789156960634414e-02	  -1.0027828184841872e-01	   4.4817204162955482e-01	   2.8992396592488145e-01	   3.1390839238721754e-02	   6.3757951145558711e-02	   2.0596951370225561e-01	   1.8639548871945463e-01	   4.1245376326211719e-01	   3.6209182577072868e-01	   3.8943879652377644e-01	   6.1276264017103199e-01	  -4.9060093719485521e-03	  -7.5376097046182838e-02	  -2.1084778004860957e-01	  -4.6724491567785090e-02	   2.8122131166609099e-01	   1.3985731543353425e-01	   2.4687148634835260e-01	   2.6167978172938067e-01	  -1.2046507441987877e-02	   8.5014622396602485e-02	   2.4521061340356423e-01	  -1.2678872271154395e-02	   1.0640428727257283e-01	   6.3088859571585609e-02	   1.8734561030489835e-01	   2.9581259180750141e-01	   2.0377526428690040e-01	   2.4029002666840588e-01	   1.1128216945349705e-01	   1.9327116124857766e-01	   2.3397181007511761e-01	   4.4417305538903018e-01	   2.8848626821102963e-01	   2.2202986141240283e-01	   3.4469290651325080e-01	   4.9578633723465049e-01	   1.3327841721056033e-01	   3.0241531651697517e-01	   2.9556754539506924e-01	   1.9748023062900227e-01	   2.4743812396403103e-01	   2.6375940394697206e-01	   7.2527955944258440e-02	   6.6636376714428250e-02	  -3.3687762252639919e-02	  -5.2590140301688265e-02	   3.4702089786700446e-01	   1.9284082733155444e-01	   2.5154104061409410e-01	   3.2043268457892826e-01	   2.0450709890260990e-01	   1.8594277337850348e-01	   5.6993365047777675e-02	   8.9297683655191681e-02	   7.3070247855847675e-02	   1.3200880853373959e-01	  -3.8484583113612436e-01	  -1.1889299736601956e-02	   2.9352956858222801e-01	   3.4130533946578046e-01	   3.2008096394122598e-01	   2.4647073573180719e-01	  -1.9433950728862948e-02	   1.1764166145076831e-01	   4.0178352066115597e-01	   2.4301653870329079e-01	   2.2641732611704335e-01	   3.3966476939777002e-01	   6.9545803167044742e-02	   3.7166241327070387e-02	   8.2095416256966730e-02	   3.3314611403883720e-01	
   3.3949151506508601e-01	   1.6449764429004207e-01	  -6.7393217124058102e-02	  -1.1265038740713972e-01	  -3.8986849779244596e-02	  -3.1243118918480625e-02	   1.2065287779294789e-01	   1.0228476510476198e-01	  -1.3737816131517211e-01	  -4.8104846487680458e-02	   3.0288314329316907e-01	   2.0233814084530871e-01	   2.8918680665577157e-01	   3.0081312422648659e-01	   5.4384106105636036e-02	  -5.7789156960634414e-02	   0.0000000000000000e+00	   5.7287025160469351e-01	   2.7446892073600127e-02	   9.2004499540009138e-02	   1.4117727234667438e-01	   9.7666971046709572e-02	  -1.5078429764390611e-01	  -2.8414725512313899e-01	   3.5126283685337822e-02	  -4.5867399219817631e-05	   1.7748741707583823e-01	   4.1862997580292549e-02	   4.4888955724568247e-01	   4.4749561670388716e-01	  -2.2428065206903408e-02	  -1.6050010979624288e-01	  -3.0264082690303482e-02	   2.9234338999102487e-02	  -3.0563873288402660e-01	  -2.0733137695977971e-01	   1.6385053056169321e-01	   3.0726875901599715e-01	   1.1188031732936635e-01	   3.4745706532857157e-01	   1.1784829232906953e-02	   2.6179309813883966e-01	  -1.5677491188413889e-01	  -1.7489175534358339e-01	  -3.1937920302869083e-01	  -3.2811255696280783e-01	   2.3593667832033677e-01	   1.6334252344176034e-01	   1.1422049867096717e-01	  -9.8904838323545269e-02	   1.1010249988202905e-01	   1.7302770592010264e-01	  -7.9052088185076225e-02	  -1.3728609828387062e-01	  -8.5663063548800905e-02	   6.3597366887122350e-02	   3.4184124499607871e-01	   3.7486337315011820e-01	   3.1008606951444623e-01	   1.7902406953166189e-01	   5.0970981609539467e-01	   3.5861936681443995e-01	   5.7794962334005318e-01	   5.1848660517943024e-01	   4.2411287288041805e-02	   1.3709212459573455e-01	   1.3912391579168959e-01	   2.1255530751224300e-02	   3.3478124702831824e-01	   1.8839467964539980e-01	   1.1622452836028502e-01	   1.8068591017087618e-01	   2.9413470591211138e-01	   2.0684011854488199e-01	   1.8817556213998957e-01	  -1.4207159268854208e-01	  -5.5026911552701605e-02	  -5.5154693500142835e-03	   8.1689337772115830e-02	   1.4685897959592850e-01	   4.5845273083886406e-01	   3.8636951644268103e-01	   1.9569579531188930e-01	   3.1488165171673332e-01	  -2.0191197520799356e-01	  -2.2577899259744388e-01	   4.1624648816214076e-02	   2.1005736082910492e-01	  -2.4658381057406330e-02	  -2.5670363430714555e-01	
