   0.0000000000000000e+00	   5.5362775708152367e-01	   4.2720592500291998e-01	   3.5651102556012620e-01	   9.9611386119832362e-02	   3.0523000786355875e-01	   5.6292935429603741e-01	   3.5303027387850255e-01	   2.7523350464065693e-01	   4.1344131681823582e-01	   5.1715727823124691e-01	   4.1201102432686021e-01	   7.1845923277368318e-01	   4.3290566707805966e-01	   6.4111550542026241e-01	   4.2749496419476785e-01	   3.5932452113132729e-01	   4.2548773699773473e-01	   4.5701474716289753e-01	   6.6175973278046907e-01	  -1.0391312291750573e-01	  -1.4794052173932720e-01	   4.2157550268587224e-02	   1.2071821958389871e-01	  -2.5610794390042151e-02	   1.8922948429245655e-02	   1.1532958892991491e-01	   7.4982252511336459e-02	   4.3657423289884811e-01	   1.9181590710246182e-01	  -1.7328820990006547e-01	   1.6715416562293289e-02	   2.2151497500965500e-01	   3.6673554343559905e-01	   1.8347220114403831e-01	   1.2345342782428001e-01	   2.6140674238121969e-01	   4.5534289889233398e-01	   1.4207012062310859e-01	  -1.5256428280568409e-02	   2.2128209113790773e-01	   2.8083982749126513e-01	   3.4833664814367438e-01	   3.6501109357398209e-01	   3.3394667574412729e-01	   4.6394418964207818e-01	   3.2582238187050799e-01	   3.5556358250922315e-01	   6.1117886700408208e-01	   4.7547005518425273e-01	   4.9483395704701622e-01	   4.6429086382508100e-01	   3.2749296369116565e-01	   2.7906470124843574e-01	   2.2692993242541959e-01	   1.8555215869881173e-01	   5.7436984022447435e-01	   4.1663701129964498e-01	   4.1868880745360665e-01	   2.9676331875154427e-01	   6.8047781253339146e-01	   4.5102501504669557e-01	   2.8744593567110321e-01	   3.2605519673953676e-01	   5.5896741589075349e-01	   4.1396860271415131e-01	   4.5552743406694501e-01	   4.3306497472795025e-01	   5.3494427585574533e-01	   4.8510627263765937e-01	   1.3844027864825259e-01	   1.4879495066681045e-01	   2.9027885335219145e-01	   2.1608441780863713e-01	   2.9024228870220020e-01	   4.6454359755991070e-01	   4.3057306858299460e-01	   4.7559736653259621e-01	   4.2994364357259401e-01	   1.2689059181726411e-01	   2.5552780525172625e-01	   2.7297328555476685e-01	   3.2418633604448138e-01	   5.0135678091991775e-01	   2.5478765974223933e-01	   1.9209265107687545e-01	   3.9307848741081752e-01	   3.6648593036330501e-01	   2.2775135618030146e-01	   3.6489953433782601e-01	
   5.5362775708152367e-01	   0.0000000000000000e+00	  -7.6727901924388345e-02	  -1.0099748964727268e-01	   1.2527658436211300e-01	  -7.5783326477824015e-02	   3.7003309311467759e-02	   7.3511431770409419e-02	   3.9680181114185059e-02	   8.1848417219796632e-02	   5.8389565537520938e-01	   4.9257203529247595e-01	   3.7095297335643379e-01	   4.0355887969606180e-01	   4.0233563167342767e-01	   5.2708124964451342e-01	   4.8460221052877306e-01	   7.0124893497990104e-01	   1.2866620051678387e-01	   4.8049787572800884e-01	  -8.0726692065714103e-02	   1.1650475972371313e-01	  -4.7782372403651234e-02	  -6.7158490941535670e-02	  -2.4324878664259339e-01	  -2.7222104015631254e-01	  -2.4119956129568357e-02	  -8.9569163257420203e-02	   4.5146118831149862e-01	   6.0376862418289667e-01	  -9.9197089211101291e-02	  -1.4187864978149672e-01	   4.8507354729766056e-01	   5.3669926723552153e-01	  -1.0992679707924194e-01	  -9.8373772079324573e-02	  -2.0583306532407413e-04	   3.7456881489176447e-01	  -1.4444295746544440e-02	   1.8097488305660447e-01	   1.5394095209775910e-01	   4.3146844442574739e-01	   5.6449384708166472e-01	   5.2195599975036777e-01	   2.5708642731306708e-01	   4.9622637383572271e-01	   5.0949220352310409e-01	   5.3572216432915809e-01	   7.0472840766140554e-01	   7.3890608724182716e-01	   5.3206315243450919e-01	   2.4044401479033947e-01	   6.8105567556659130e-01	   6.1189679066775848e-01	   4.2923784831763734e-01	   7.7958160848111829e-02	   5.9994565222518825e-01	   7.8867528705791334e-01	   7.1701354442973275e-01	   7.6391629486739299e-01	   5.8275699122627689e-01	   4.2409220759150174e-01	   4.9429026098421669e-01	   5.3283159257267820e-01	  -4.4393303567514204e-02	  -8.7254533076588620e-02	   3.3556740501211246e-01	   3.5841729824496060e-01	   7.6278880266887883e-01	   4.6711579561078131e-01	   6.9279036415420298e-02	  -2.4554692067525080e-01	   3.1042196889015039e-01	   4.8562748011552925e-01	   4.8793693312503739e-01	   4.9542979896386929e-01	   2.2845842476130329e-01	   7.8701734637070669e-02	   5.6692049667613131e-01	   5.5385874883268360e-01	   6.2987163208249641e-01	   6.2014460074074695e-01	   6.2860931178425494e-01	   6.1838481877441198e-01	   5.0862912458170506e-01	   1.7087309189580319e-01	   6.2184834956574919e-01	   4.4456378193325952e-01	   4.6218263697787487e-01	   2.9004152052080179e-01	
   4.2720592500291998e-01	  -7.6727901924388345e-02	   0.0000000000000000e+00	   7.0391565418710944e-01	   3.3437281947946551e-01	   4.6075932647007334e-01	   8.4306040168286955e-01	   4.0310116074016200e-01	   5.9778268173117122e-01	   4.1790985762086935e-01	  -2.4691610218867394e-01	  -2.5662331347458461e-01	   3.7399272608061657e-01	   1.9468383876887853e-02	   3.3021392422465323e-01	  -1.0332302356415531e-01	  -3.4895735828958002e-01	  -1.8178790917721144e-01	   4.3070514988935704e-01	   2.4731517136336045e-01	   2.5989549436574927e-01	  -7.0003948000317978e-02	   7.4012408877663582e-01	   7.2385258504620387e-01	   6.2199531222812054e-01	   6.7141399725517947e-01	   4.9708117070269570e-01	   4.5175282571371245e-01	  -2.2737072037301242e-01	  -5.2846161575936612e-01	   4.6726079804054799e-01	   5.6978564632538364e-01	   2.5290653025969653e-02	   1.8813242929289281e-01	   6.9221643651322462e-01	   6.0099259335854582e-01	   1.4697078476152819e-01	   4.5106377744992023e-03	   4.5725895389995219e-01	   4.5668826828004924e-02	  -1.3973029403713719e-01	  -8.8645480102403723e-02	   1.8418914723340790e-01	   1.5330837344656389e-01	   4.3877146658336486e-01	   3.7261404451938396e-01	   2.4242481656644826e-01	   1.5407117784792482e-01	   2.7238876711764159e-01	   1.3106947824474299e-01	   4.4355044922986697e-01	   6.2769757985520791e-01	  -1.3631231435094021e-01	  -4.2260601457595998e-02	   3.0284170306507646e-01	   3.0688079048628247e-01	  -9.7459757758661877e-03	  -6.0833205232039403e-02	  -2.5238679190168489e-01	  -3.6218515520458228e-01	   2.3742252871916700e-02	   3.5953640498276200e-02	  -3.9321066190553289e-01	  -4.2022371221601940e-01	   7.6590599889678823e-01	   5.0917706021795617e-01	   5.8753012087463685e-01	   3.4818501492329768e-01	  -1.4477374161626899e-01	   1.9026733216962388e-01	   2.0121821738428558e-01	   4.6174807080218150e-01	  -7.9851464625126725e-02	  -3.2494328046509369e-01	  -1.5019982815502290e-02	   8.4177643333765359e-02	   4.8076401979504890e-01	   5.4681672904997469e-01	  -1.8890726438258432e-01	  -2.7959067795392367e-01	  -5.4006236087509818e-01	  -4.0522476885702524e-01	  -1.3798371623026773e-01	  -2.1604148840305243e-01	  -2.0801374087101615e-01	   9.1441522573298163e-03	   1.6170474262020607e-01	  -5.8419110251138648e-02	   3.7350140281945235e-02	  -2.0583345600500505e-01	
   3.5651102556012620e-01	  -1.0099748964727268e-01	   7.0391565418710944e-01	   0.0000000000000000e+00	   2.8861875363580280e-01	   3.9013991897065892e-01	   6.7441410645003042e-01	   8.1358389925568253e-01	   5.6163673539327941e-01	   6.1953236073606921e-01	  -1.9353527769959838e-01	   1.7263901728299802e-01	   3.5544164448989518e-01	   4.3353192268623841e-01	   2.7511693704357831e-01	   2.6277231808207624e-01	  -2.8953749420243047e-01	  -2.1103312208121244e-01	   2.6157996108926473e-01	   4.4235948981601153e-01	   1.5855752521137939e-01	   1.9060732720833340e-01	   3.3688947470554753e-01	   6.8238519168261469e-01	   4.4794287260468235e-01	   4.9918153790468250e-01	   5.0115423175944152e-01	   4.3098323316755360e-01	  -2.7602942588068730e-01	  -4.2344404280099179e-01	   2.1471388162543995e-01	   5.0586652197076765e-01	  -2.1629942015423870e-01	   1.6142530989380688e-01	   5.6367935596165564e-01	   7.6412874029162370e-01	   8.5080024249683875e-02	  -1.6206742983723738e-02	   1.6897626565052959e-01	   2.0111525900861633e-02	  -9.7987369724747295e-02	   2.2903096472371817e-02	  -8.0469925030344197e-02	   6.6356293553772608e-02	   3.3846033842527390e-01	   3.2834774767248964e-01	  -1.1953956252633651e-03	  -2.2962017520796463e-02	   6.0175423933352186e-02	  -7.8743534513938951e-02	   2.2698669304416824e-01	   6.3816284048172489e-01	  -3.5218183861439828e-01	  -2.9922257057225765e-01	   9.9881759392173086e-02	  -9.9120955818124204e-02	  -1.2648708528327818e-01	  -7.9406615550302415e-02	  -3.6748806632979975e-01	  -2.6557934604043892e-01	   3.6503793623801024e-02	   2.8992377244092304e-01	  -2.7468318207982284e-01	  -2.9484237116332696e-01	   6.8853499286850584e-01	   6.6967761220729016e-01	   4.4144088686287164e-01	   4.7156416578766386e-01	  -1.4842946420193992e-01	   1.7415360026408500e-01	   3.9667339046861355e-01	   3.2261525614599451e-01	   4.8440549548064496e-02	  -1.4550114379954793e-01	   8.6391071681666903e-02	   2.2715134498260592e-01	   4.6765046078317740e-01	   5.8654780859213895e-01	  -1.8347428463136620e-01	  -1.9754324506733978e-01	  -4.2779644545636003e-01	  -3.6538853528154613e-01	  -2.9101460394416567e-01	  -7.5751979596523647e-02	  -1.0977599775099933e-01	   2.3527669068233037e-01	  -3.8147232473399524e-02	  -1.2860413504113497e-02	   2.5169552711443599e-01	  -7.2423449205754054e-02	
   9.9611386119832362e-02	   1.2527658436211300e-01	   3.3437281947946551e-01	   2.8861875363580280e-01	   0.0000000000000000e+00	   4.8837105742132481e-01	   1.8305122980071967e-01	   2.9593367656428698e-01	   7.8584809844920356e-01	   5.3324234170157347e-01	   3.2874005504025396e-02	  -7.1557168510186925e-02	   2.1607994971706360e-02	   2.2863357657700606e-01	   2.6441239526099752e-01	   3.0174047860137082e-01	  -3.5221134308216256e-01	  -1.7731390906803979e-02	   2.3650360732079312e-01	   1.4888550458415234e-01	   1.8922725645282967e-01	   4.5795573943851287e-01	   2.4448638228467218e-01	   3.7545311458798580e-01	   3.0408569329428004e-01	   2.6304457799563552e-01	   3.6791204063804078e-01	   2.6450763213954775e-01	  -2.1651376975769127e-01	  -1.0751439399050359e-02	   4.7416294546132554e-01	   3.3699893170205308e-01	   2.8599998123981157e-02	   7.0297280140710863e-02	   1.7037764605952893e-01	   1.7463985703686816e-01	  -3.1056311138325471e-01	  -1.8173634977876779e-01	   5.9449288070488618e-02	  -1.3647566058452032e-01	  -3.7134834415145584e-01	  -6.9030997367103927e-02	  -8.5679633447656417e-02	  -9.4126905633560312e-02	   1.2644824062495255e-01	   1.6728432227775647e-01	  -4.1190709049219648e-02	  -8.6491597391472774e-02	   5.4726922623458969e-02	   7.3774575860903989e-03	   2.1296997678956594e-02	   1.3959319827224304e-01	  -1.3781021966380036e-01	  -1.6870091502284704e-01	   1.5889664976332579e-01	  -5.8846585734932615e-02	  -9.9339844740734179e-02	   3.5455720209454178e-01	  -1.2826052357202239e-01	   2.1608821994412206e-01	  -8.7580555557555978e-02	   2.2394241529095063e-01	  -2.5992840203453443e-01	  -2.5442846433304978e-01	   2.1187141398882797e-01	   1.4496658520808342e-01	   2.2756069969718168e-01	   5.8697826320739228e-02	   1.2210841713728815e-01	   3.0013092997220647e-01	   5.4454734280918238e-01	   2.6745741708573767e-01	  -1.2013915025965519e-01	  -5.1620363091041600e-02	   1.4162741424407849e-01	   1.9673382095263245e-01	   5.1858879770894140e-01	   2.9916759591189901e-01	  -1.4482802066986783e-01	   4.2666682737209513e-02	  -1.2522789141221441e-01	  -1.3320731684307924e-01	   3.4096422380590397e-01	   9.9549107406182821e-02	   9.6706551781830977e-02	  -1.5803767468928520e-01	   3.1709349271516951e-01	   6.7321571236653582e-02	   5.3276369029597070e-01	  -4.3156818759557702e-01	
   3.0523000786355875e-01	  -7.5783326477824015e-02	   4.6075932647007334e-01	   3.9013991897065892e-01	   4.8837105742132481e-01	   0.0000000000000000e+00	   3.7538758440539061e-01	   2.6146795345408336e-01	   4.7035328002049148e-01	   5.8594751248669996e-01	  -1.4148635329796358e-01	  -2.5090592661161115e-01	   1.3422297744814060e-01	  -7.3915504358960426e-03	   2.9045640128435096e-01	  -3.9902025623805390e-02	  -8.8756649705578117e-02	  -1.5185416065879681e-01	   3.3728447909828818e-01	   2.8743463397471630e-01	   3.2636190652798158e-01	   9.8920555756783685e-02	   1.5790407162760495e-01	   2.9547601048038002e-01	   5.6429606861370141e-01	   6.4724208428143248e-01	   5.9210173579255820e-01	   6.3216663874788859e-01	  -5.1630799743166408e-02	  -2.2740008534204903e-01	   1.9406251876741748e-01	   2.8389825152427567e-01	   5.3573218963838170e-03	   4.5776147854157082e-02	   3.2351291532549059e-01	   2.7872131708700948e-01	   1.2339729760213550e-01	   7.9195089294286633e-02	   2.3010816810297324e-01	  -2.9682176486826729e-02	  -2.7459462523187910e-02	  -9.5230835299614361e-02	  -7.2304953315505786e-03	   9.1225806389253882e-03	   2.4984927865617726e-01	   2.0722746049895249e-01	   3.1125316472727281e-02	   1.7517269860478498e-03	   8.0745790332138495e-02	  -3.7775809421613890e-02	   1.4385787433496749e-01	   2.9866449251459609e-01	  -8.8363717105575543e-02	  -1.0414891179743396e-01	   1.9160194897330729e-01	   2.6037409106376558e-01	   1.2264309420303013e-01	   4.2437292943839550e-02	  -1.1341769506001398e-01	  -5.6330363687380286e-02	   8.1820972785856705e-02	   1.2350603016952179e-01	  -2.0083228368266948e-01	  -2.1022708361791204e-01	   4.6177098947065864e-01	   4.3426085492042898e-01	   3.0272801822293222e-01	   2.6493782838344698e-01	   7.0228650846997448e-02	   3.9465624859765991e-01	   3.4681816221549344e-01	   3.9999558745832864e-01	  -1.1846167387255207e-02	  -1.5905654113714962e-01	   7.3999410139457988e-02	   1.5101614366851435e-01	   2.7865917353315706e-01	   3.6233730856122559e-01	  -1.3867565486341232e-01	  -2.4619750035030841e-01	  -1.9231028015850934e-01	  -1.6947916135432181e-01	  -6.4031239136662255e-02	   9.7499746058492570e-02	  -7.2271943000885880e-02	  -7.1104233931296973e-02	   7.5349094255313387e-02	   2.8789971440798243e-02	   5.4625650216839752e-02	  -7.3937871584336581e-02	
   5.6292935429603741e-01	   3.7003309311467759e-02	   8.4306040168286955e-01	   6.7441410645003042e-01	   1.8305122980071967e-01	   3.7538758440539061e-01	   0.0000000000000000e+00	   5.6131183457784650e-01	   5.2114636107484535e-01	   3.5653029068216668e-01	  -1.1576546617915484e-01	  -1.0306033659524289e-02	   4.7689520582422645e-01	  -9.9089685218732397e-04	   3.4438972932444190e-01	  -1.2870594928925004e-02	  -6.2337886478011799e-02	   4.7470132402176790e-02	   5.4880207145642068e-01	   5.0261330029510676e-01	   1.0676140446655494e-01	  -1.7363206875519274e-01	   5.1797439449672322e-01	   5.7862030258608188e-01	   4.8434513177013794e-01	   5.3379125353399193e-01	   4.2395335413785462e-01	   3.9010930250007969e-01	   5.0419902249555004e-02	  -2.8947971299832492e-01	   3.6541980155644160e-01	   5.1436949488899164e-01	   2.0047934756787339e-01	   4.0574787043425931e-01	   4.3764789460919462e-01	   5.2697082558927777e-01	   2.5657486180578642e-01	   1.9530366280758737e-01	   3.3764012690251216e-01	   2.0000513810340896e-02	   1.3221282736171187e-02	   2.1638583156876542e-02	   3.2187897324296399e-01	   3.1894685404084971e-01	   5.2890977665725125e-01	   4.8988615322196716e-01	   3.6633068491690979e-01	   3.3505928350912767e-01	   3.3195330843970050e-01	   2.3147697347446666e-01	   4.4214179422396327e-01	   6.0260321975165854e-01	   2.7066379251866356e-02	   1.0155789407628843e-01	   2.7780275252760911e-01	   3.3421173083102340e-01	   1.9791896805428361e-01	   9.1991531014758866e-03	  -6.8133897362768259e-02	  -2.3826112620988327e-01	   2.2074143010976677e-01	   1.9122289793852892e-01	  -1.3292204837921187e-01	  -1.2409688607515575e-01	   8.0445019898644077e-01	   5.1690852410532395e-01	   5.9562237003843999e-01	   4.8205022499105610e-01	   1.6141331539646718e-02	   2.4190404579594837e-01	   1.5156533053981677e-01	   4.1523733955902559e-01	   1.0870371624209388e-01	  -1.2332497295776587e-01	   8.2352734367750258e-02	   2.6503152712371009e-01	   4.4426051764011276e-01	   5.6586603870883512e-01	  -1.9495893080669398e-03	  -2.6230987579093534e-01	  -2.7308143747221519e-01	  -1.7131218174034385e-01	  -6.9283517813631984e-02	  -5.0371157923898457e-02	  -8.2714460236420262e-02	   1.6357118470870519e-01	   1.1288398796809318e-01	   8.7099332422801434e-03	   6.5525064928190629e-02	   1.5474775177750219e-01	
   3.5303027387850255e-01	   7.3511431770409419e-02	   4.0310116074016200e-01	   8.1358389925568253e-01	   2.9593367656428698e-01	   2.6146795345408336e-01	   5.6131183457784650e-01	   0.0000000000000000e+00	   5.6839100333700598e-01	   6.0196211230116969e-01	  -9.1449357909910600e-02	   4.2385367953193637e-01	   3.7433387077981473e-01	   5.7808972269974257e-01	   2.3531235280228890e-01	   4.8539470339459179e-01	  -1.0637556304237797e-01	   3.0280428510127508e-02	   1.8937737110707373e-01	   5.3796128615233307e-01	   7.5480717002246967e-03	   1.7641432824064246e-01	  -1.5109782419431453e-03	   3.8709898397092884e-01	   2.0515507033340774e-01	   2.6150217659950448e-01	   3.3684462136121596e-01	   2.2814858929848750e-01	  -1.2363932264340627e-01	  -4.3987141146439132e-02	   1.4939492382928199e-01	   3.4250436427422315e-01	  -1.7111458919086905e-01	   2.9292477625350355e-01	   2.2896929514890874e-01	   5.8877021104092631e-01	  -6.6636130253760292e-02	   5.8857803163738065e-02	  -8.7852028239510618e-02	  -3.7478171818433409e-02	  -1.2475911382259536e-01	   9.6074031573470053e-02	  -6.1231818005298533e-02	   5.3309096460759611e-02	   3.6644780144617872e-01	   4.0363680948409997e-01	  -5.6064529824592362e-02	  -3.3113284042306922e-02	   3.6428059222675370e-02	  -2.6749851749055396e-02	   7.4872188426695310e-02	   4.7843301816063910e-01	  -3.1609428521725991e-01	  -3.1433782486519446e-01	  -1.9658054572937081e-04	  -2.4714474202408077e-01	  -7.9869649415650210e-02	   1.4834991173943721e-01	  -2.2345334009995688e-01	   4.0323143576423998e-02	   1.9716738867700626e-01	   6.0325480562628453e-01	  -5.6510410452727533e-02	   2.3779779110200912e-02	   5.5333176468630296e-01	   5.8082317721506860e-01	   3.7526380453405889e-01	   4.9000278843198386e-01	   1.2323119447176779e-01	   3.5303691336352006e-01	   3.9696840328550143e-01	   7.2692419873642486e-02	   1.1391764985666236e-01	   1.0718913645880333e-01	   9.2074629069014438e-02	   3.1595781196318345e-01	   3.8650906690455428e-01	   4.9560571415862842e-01	  -1.1622101120630292e-01	  -6.5558336537752143e-02	  -1.2592531450162714e-01	  -1.4178875237528887e-01	  -1.7031120452049442e-01	   1.4743840619067622e-01	  -2.1026378915946841e-02	   1.3959217284532166e-01	  -1.0508653940801020e-01	   5.5058027710108204e-02	   4.0698916847606970e-01	  -1.0241912281993616e-03	
   2.7523350464065693e-01	   3.9680181114185059e-02	   5.9778268173117122e-01	   5.6163673539327941e-01	   7.8584809844920356e-01	   4.7035328002049148e-01	   5.2114636107484535e-01	   5.6839100333700598e-01	   0.0000000000000000e+00	   7.0499505284500708e-01	  -4.9219443911621807e-02	  -3.0718815678911576e-02	   1.8940236956386622e-01	   2.6507744094464869e-01	   3.8549795728777880e-01	   2.8209555423175781e-01	  -4.2417633014992695e-01	  -1.0400784846204879e-01	   3.6890063964538833e-01	   2.7825536091386283e-01	   2.3089715401732161e-01	   1.8414103844381199e-01	   3.6258588035791794e-01	   5.1685306188118862e-01	   4.4166548174595310e-01	   3.8684482625799455e-01	   4.6800410696308403e-01	   2.9021964624489960e-01	  -3.2185829537638211e-01	  -2.0792621392794652e-01	   5.0614794389738438e-01	   5.1212833094808086e-01	  -1.1283554582355219e-01	   8.9724752030447302e-02	   3.0948185376309878e-01	   3.5492940058436367e-01	  -2.5832547905396308e-01	  -1.3780011909291484e-01	   5.3910947254971767e-02	  -1.2461984554453501e-01	  -3.5671150826176562e-01	  -1.5171781702150067e-01	  -6.2549290065288352e-02	  -1.0167127732781146e-01	   1.8857531639834674e-01	   2.0606082963995354e-01	   4.9815135039109060e-03	  -6.9476797345383368e-02	   3.8113457910364704e-02	  -2.6969883352869477e-02	   8.1154436148066694e-02	   3.2380446162154597e-01	  -2.2888588481882885e-01	  -2.3418989048030894e-01	   1.1386007031704423e-01	  -1.3687361826261468e-03	  -1.3367751055181934e-01	   2.1409262305298019e-01	  -2.8161584125557892e-01	  -3.3820546194389301e-03	  -7.9775812098182089e-02	   2.5930783685850123e-01	  -3.5139109869499113e-01	  -3.4589643219265498e-01	   5.2406827868983497e-01	   3.6902196347649746e-01	   3.2595614900706671e-01	   1.4648251791532058e-01	   1.2941806931299687e-02	   2.5336450112235448e-01	   5.3494129126699241e-01	   3.0337701044644633e-01	  -2.1137937747720742e-01	  -1.9231585917585975e-01	   6.9003883811370709e-02	   1.5389719359358794e-01	   4.9843023017379479e-01	   4.2100000368654522e-01	  -3.0851943271235938e-01	  -1.1145902220314438e-01	  -3.2932976244465184e-01	  -3.3436253223778500e-01	   1.6810784676541862e-01	   3.3617792210986444e-02	  -5.4912101762690985e-02	  -1.0897388844312018e-01	   2.2645038325215139e-01	   9.6049253680118487e-03	   4.8304183139071694e-01	  -3.6000461306248954e-01	
   4.1344131681823582e-01	   8.1848417219796632e-02	   4.1790985762086935e-01	   6.1953236073606921e-01	   5.3324234170157347e-01	   5.8594751248669996e-01	   3.5653029068216668e-01	   6.0196211230116969e-01	   7.0499505284500708e-01	   0.0000000000000000e+00	  -5.3362870355092351e-02	   4.4321599263382278e-02	   3.4837971655559863e-01	   5.3163928644138969e-01	   4.2876502927872878e-01	   4.3368492814708248e-01	  -2.2115992685190808e-01	  -1.4717655439688113e-01	   1.6974547499943479e-01	   3.6177249225747721e-01	   6.9901719740944890e-02	   1.9829111751871484e-01	  -3.1628963948800520e-02	   2.5120526089372119e-01	   2.9481151554573271e-01	   3.1791083620807586e-01	   4.0102665935639548e-01	   2.6300363058853438e-01	  -2.2230510980891915e-01	  -1.6248453400349816e-01	   2.0338376226223276e-01	   3.9734915395679138e-01	  -2.4509942484381478e-01	   7.1602661231816942e-03	   4.5964126967553653e-01	   4.7479845153613709e-01	  -1.8219722321981224e-01	   8.4093452947506836e-02	   2.5502521852077617e-02	  -3.4020472028702241e-03	  -2.1774458182071965e-01	  -1.6362656831177168e-02	  -1.9442097360973368e-01	  -1.0210656092674181e-01	   1.5221013071810000e-01	   1.5973970418834454e-01	  -1.2023927505578558e-01	  -1.8045035895043893e-01	   9.3158779571604587e-03	  -1.5735161569500863e-01	   1.1122122020664811e-01	   3.8069352482520946e-01	  -2.8234117826799432e-01	  -3.1722020539924461e-01	   2.0952505687902755e-02	  -8.2911867151260393e-02	   2.4774234021995148e-02	   1.8671706562898766e-01	  -1.7452247134568827e-01	   8.7609329578854367e-02	   9.0260756164789249e-02	   3.7190288926147497e-01	  -2.8421665829897452e-01	  -2.3795186281769826e-01	   5.2427272575012906e-01	   6.7078280351864306e-01	   2.8280967276372060e-01	   2.5265484875186239e-01	   1.1485563103962439e-01	   3.6027506618246535e-01	   6.3311217621829330e-01	   3.2095724943425225e-01	  -9.5995414624820252e-02	  -6.5006593397748391e-02	   1.4459615937773293e-01	   3.4577678413941371e-01	   4.6146448573253196e-01	   4.9414983167200494e-01	  -5.1242605796865829e-03	   9.5972133846023100e-02	  -2.4090513071131314e-01	  -1.6587129602172090e-01	  -3.6219510632020668e-02	   2.7580693422389735e-01	   1.3963428649833671e-03	   2.1722205963268550e-03	   1.3976578153765376e-01	   8.8774288497547343e-02	   3.0944545416017200e-01	  -1.9461145410306319e-01	
   5.1715727823124691e-01	   5.8389565537520938e-01	  -2.4691610218867394e-01	  -1.9353527769959838e-01	   3.2874005504025396e-02	  -1.4148635329796358e-01	  -1.1576546617915484e-01	  -9.1449357909910600e-02	  -4.9219443911621807e-02	  -5.3362870355092351e-02	   0.0000000000000000e+00	   6.6247961979415826e-01	   2.7337436273773041e-01	   3.7530831622957661e-01	   4.8378534461941147e-01	   5.3660758998496028e-01	   4.7631804456709759e-01	   5.1439956802331177e-01	   3.7953602910110623e-01	   4.2888470481016167e-01	  -1.3104486382350514e-01	   1.2755263200428862e-01	  -1.7212402773910623e-01	  -7.2109969191708437e-02	  -4.1464699875009314e-01	  -5.1238634772578262e-01	  -2.4719825995301842e-01	  -3.4362853362619705e-01	   4.5966435873615263e-01	   5.4695522840224897e-01	  -3.4373726428071627e-01	  -2.7236106095699758e-01	   3.1372375149588588e-01	   2.0194109230522123e-01	  -3.6512205435435074e-01	  -3.4979918000091814e-01	   1.8155757176640835e-01	   2.5658726134426579e-01	  -1.5524069117380646e-01	  -2.3271114571954396e-02	   3.0139688766179856e-01	   3.8182737481553830e-01	   2.2041639693915321e-01	   1.9704320720957819e-01	  -1.1495442990292509e-01	   8.6061708482997379e-02	   1.7936744026177592e-01	   2.6882085589674554e-01	   3.9913036640824801e-01	   4.0381187857571399e-01	   1.6502210198376169e-01	  -1.0565417668330705e-01	   4.5261917272397345e-01	   3.7436613208935476e-01	   1.0960088899114698e-01	  -8.4937761473059759e-02	   4.5578093365089833e-01	   4.9212141094347661e-01	   4.9357085115442301e-01	   4.8417425948691456e-01	   4.3993901510246297e-01	   1.7012838597586993e-01	   5.2973105888586913e-01	   4.5792775926703705e-01	  -1.2126093009818992e-01	  -2.7065498997734405e-01	  -6.6220014901085620e-03	   1.1266006595436540e-01	   5.4828556999221667e-01	   2.0273544605583044e-01	   3.4746735023528638e-02	  -1.6210341175981291e-01	   4.1651806020579352e-01	   4.3158440714924856e-01	   4.2709619072250904e-01	   3.2166094753323937e-01	   1.1759229047191502e-01	  -2.8955794297520786e-02	   4.7138688753733504e-01	   2.8784423717421848e-01	   6.1704155675187788e-01	   4.3074369838599635e-01	   7.4779747341779579e-01	   5.7682372455228581e-01	   6.0943695214227644e-01	   3.4049261767877720e-01	   5.2321254015551144e-01	   5.1653280307983518e-01	   5.2439240385053942e-01	   4.7256812171336893e-01	
   4.1201102432686021e-01	   4.9257203529247595e-01	  -2.5662331347458461e-01	   1.7263901728299802e-01	  -7.1557168510186925e-02	  -2.5090592661161115e-01	  -1.0306033659524289e-02	   4.2385367953193637e-01	  -3.0718815678911576e-02	   4.4321599263382278e-02	   6.6247961979415826e-01	   0.0000000000000000e+00	   2.9968091414978942e-01	   6.1900764161516086e-01	   3.2748952559875366e-01	   6.5045843383052082e-01	   3.9063654818143634e-01	   4.6565805373783936e-01	   1.4416627771836987e-01	   5.5150099747762737e-01	  -2.7162137080995480e-01	   1.7876222507279368e-01	  -3.3030822060575327e-01	   7.0525498547038996e-04	  -4.9255425716340623e-01	  -5.2356896384426832e-01	  -2.7133035127500388e-01	  -3.3168503685806139e-01	   3.2419086614765225e-01	   4.8152799587180251e-01	  -4.6203780029409791e-01	  -2.8655937066071380e-01	   9.0321612355621694e-02	   2.7420355539368446e-01	  -3.5714451049064777e-01	  -2.3789591226554385e-02	   6.0932343054278915e-02	   2.3367997779054558e-01	  -3.0102907799101186e-01	  -7.0419255643531020e-02	   2.0021480620674245e-01	   3.3313679274862018e-01	   5.9102491496005556e-02	   1.3858152065712331e-01	   7.2933477647802919e-02	   2.1424277826297827e-01	  -1.0694462023278214e-02	   1.1652579370477915e-01	   2.0700033106452198e-01	   2.6179339436401705e-01	   3.0833993208435093e-02	   3.0434447576893873e-02	   1.6090605093348714e-01	   1.1048819739674132e-01	  -1.9928117778014915e-02	  -3.4028735483123185e-01	   2.7072369212393199e-01	   3.9056814642003623e-01	   2.9434196911496541e-01	   3.8813259687435631e-01	   4.2048051285511057e-01	   3.8820954849972700e-01	   5.5888042878604083e-01	   5.4008862090667553e-01	  -2.0575066502900426e-02	  -1.3864681280091655e-02	   2.4790993796328951e-02	   3.3620007662946377e-01	   4.6965602420430141e-01	   2.6361901195979176e-01	   6.2549136310172150e-03	  -3.3681588255293393e-01	   3.5336475554488561e-01	   4.4658915950828315e-01	   2.7781600069138385e-01	   3.1356890936566462e-01	   1.7496324378979156e-01	   1.0781513284706219e-01	   3.0232939785313634e-01	   2.0588806967710399e-01	   5.1657024009801533e-01	   3.5814138947319329e-01	   3.9238637502212892e-01	   5.3651388798616484e-01	   4.6943713846136748e-01	   4.4852964262731143e-01	   2.0308382054109234e-01	   4.0736008450627803e-01	   5.3911404202480517e-01	   5.3762314264271271e-01	
   7.1845923277368318e-01	   3.7095297335643379e-01	   3.7399272608061657e-01	   3.5544164448989518e-01	   2.1607994971706360e-02	   1.3422297744814060e-01	   4.7689520582422645e-01	   3.7433387077981473e-01	   1.8940236956386622e-01	   3.4837971655559863e-01	   2.7337436273773041e-01	   2.9968091414978942e-01	   0.0000000000000000e+00	   4.8343118662363826e-01	   7.3875139652237842e-01	   4.1501639494406928e-01	   3.9294165273893134e-01	   3.8461982016590235e-01	   8.8705055312512326e-02	   4.6012800792172537e-01	  -6.3441479450415048e-02	  -8.3067333804271892e-02	  -4.9134190507226033e-02	   2.5108911768757451e-02	  -8.9949983324576960e-02	   3.6291540727432077e-02	  -7.3132635281819180e-02	  -4.4993724150760667e-02	   4.6090171598485041e-01	   2.2372275859204238e-01	  -1.5137286570559177e-01	   5.4198834797887660e-02	   1.7275184569968571e-01	   4.0891609431310333e-01	   3.9188963035330299e-01	   3.3477973784079296e-01	   2.8309873242293437e-01	   3.7054871008704771e-01	   1.3489261688558579e-01	   9.3774765768482607e-02	   2.2541810385815467e-01	   2.5550044634039870e-01	   1.4634513335860283e-01	   1.9225660618351151e-01	   2.6150699126859339e-01	   3.2407509644932075e-01	   1.6609103942719322e-01	   1.8286008918950009e-01	   4.5169952668662539e-01	   2.2788752850513960e-01	   3.9212787701638246e-01	   3.8891392749684162e-01	   1.1637522446985223e-01	   1.0129576286738688e-01	   1.2613946776095614e-01	   2.6816114091923176e-02	   4.0680470189892226e-01	   3.1768298376235987e-01	   2.3924868956630518e-01	   1.8017305458748645e-01	   6.9296146735493536e-01	   4.5096369597368280e-01	   3.1854545990409977e-01	   3.6009806242596254e-01	   5.7739472684445636e-01	   5.1390894590573122e-01	   3.3154674720214289e-01	   3.5168246671558534e-01	   3.0815588339467037e-01	   2.7945477481286701e-01	  -4.5267923847333365e-02	  -4.8466000957496515e-02	   2.7987239151718679e-01	   3.0090394807810111e-01	   1.3323864797160653e-01	   4.0727359753469294e-01	   1.8487159518272472e-01	   2.5298171693241933e-01	   2.9677656207329672e-01	   1.1426328098825947e-01	   2.1507607278731569e-01	   3.3173167438282664e-01	   1.2731551895063514e-01	   4.5641868978330424e-01	   1.3435152688157734e-01	   2.2765753222480092e-01	   2.0777311524191572e-01	   3.1296744708626667e-01	   1.8840244527124747e-01	   2.3467380160433077e-01	
   4.3290566707805966e-01	   4.0355887969606180e-01	   1.9468383876887853e-02	   4.3353192268623841e-01	   2.2863357657700606e-01	  -7.3915504358960426e-03	  -9.9089685218732397e-04	   5.7808972269974257e-01	   2.6507744094464869e-01	   5.3163928644138969e-01	   3.7530831622957661e-01	   6.1900764161516086e-01	   4.8343118662363826e-01	   0.0000000000000000e+00	   4.1621548960982013e-01	   7.7959939432408865e-01	   7.8456887052322372e-02	   1.5118038398257394e-01	  -1.1014420251397819e-01	   3.6563788834034527e-01	  -9.8839588187076749e-02	   3.5731723485866645e-01	  -2.6852510792861384e-01	   3.0107877040243668e-02	  -2.0180652081332670e-01	  -1.9054174921203379e-01	  -3.3747401906762120e-02	  -1.5782784043739689e-01	   4.3432996992074688e-02	   2.7093438660961083e-01	  -1.4894247205879538e-01	  -8.0039204715840695e-02	  -1.6631946031798500e-01	   1.4136177758012547e-01	   1.7582504671261082e-01	   2.9657780487225721e-01	  -2.5169859234502334e-02	   2.4110972500857325e-01	  -7.8282886801282620e-02	   1.6068936023889452e-01	  -5.3497657725341735e-02	   3.0543162487573305e-01	  -1.3047415989063968e-01	   1.9280999521176373e-02	   1.3050263932094580e-01	   2.5903129475328501e-01	  -1.2609576842212442e-01	  -1.1541595448096191e-01	   1.9944173674043095e-01	   8.0034354543640121e-02	   1.4637985292203903e-01	   3.1903221783651781e-01	  -1.8535271773116052e-01	  -2.2777282409316876e-01	   5.1747205602679064e-02	  -4.0372090319103893e-01	  -4.6293300896189048e-04	   3.7330927588730667e-01	   6.6983525359860879e-02	   4.0617882379988690e-01	   3.5559513397237097e-01	   5.5230485036443833e-01	   1.3412419599837083e-01	   1.8636780898859068e-01	   1.7768302419066542e-01	   3.7735278554299018e-01	   2.1176469721645308e-01	   3.6183741583305090e-01	   3.5072091025917018e-01	   3.4244741639698018e-01	   3.4429480657657485e-01	  -9.8882647714718247e-02	   1.8492704887119657e-01	   3.3466222840236237e-01	   2.5355749124101140e-01	   3.2741828044516563e-01	   2.9948739968094823e-01	   2.9788773893080212e-01	   1.5190923320951530e-01	   3.5914024016815749e-01	   1.6517911044645267e-01	   1.7661824804916296e-01	   1.4947571122118430e-01	   4.7727064070343578e-01	   2.7835334483338992e-01	   2.3492251337889669e-01	   1.7921711644080990e-01	   3.3243683281981323e-01	   5.4603245467744888e-01	   2.2793140250472795e-02	
   6.4111550542026241e-01	   4.0233563167342767e-01	   3.3021392422465323e-01	   2.7511693704357831e-01	   2.6441239526099752e-01	   2.9045640128435096e-01	   3.4438972932444190e-01	   2.3531235280228890e-01	   3.8549795728777880e-01	   4.2876502927872878e-01	   4.8378534461941147e-01	   3.2748952559875366e-01	   7.3875139652237842e-01	   4.1621548960982013e-01	   0.0000000000000000e+00	   4.6252422857285425e-01	   2.4850383327343017e-01	   3.3719218463113432e-01	   3.5864088694047769e-01	   4.7953157038972460e-01	   8.7080353371728314e-02	   1.3765369730962745e-01	   8.4510044495150677e-02	   1.7965626084001890e-01	  -5.1228752818101769e-02	  -2.5223229863364290e-02	   7.2877230442687747e-03	  -3.8808069025680007e-02	   3.4243993047966803e-01	   2.0364532570787192e-01	  -1.2580635759714404e-01	   1.1635661002972000e-01	   2.1637319171878217e-01	   2.5427800794505773e-01	   2.3296197094663232e-01	   1.5046388661286114e-01	   2.0076857813958982e-01	   2.8490871943402574e-01	   1.7081895058583277e-02	  -6.2532804629952018e-02	   1.8923715059146692e-01	   2.0549569831962189e-01	   6.8618046767010263e-02	   1.8477993751090303e-02	   5.5394661929996689e-02	   1.1024588686602069e-01	   9.9712778016279896e-02	   9.3540571958948882e-02	   3.2089140504370056e-01	   1.4882997788747104e-01	   2.6517162454487270e-01	   2.0338379688048039e-01	   1.8408473393712435e-01	   1.5246153035101642e-01	   1.9899196388836926e-01	   5.9294836135986018e-02	   4.3427435854596108e-01	   3.8698054514071661e-01	   1.5044594311952905e-01	   2.0642632077660819e-01	   4.7593266380981125e-01	   2.3139576657675637e-01	   2.3422947045392395e-01	   1.7790710448305491e-01	   4.6871195472617316e-01	   3.7665267441884098e-01	   1.3775261696437666e-01	   1.5753150591261597e-01	   3.3991372352198213e-01	   2.4927731237878678e-01	   2.1242567709083315e-01	   1.0356753756375993e-01	   3.1977003883577987e-01	   3.0362543041102996e-01	   3.2008487778780803e-01	   3.5953802728190587e-01	   2.2768277535965770e-01	   1.7427669644498328e-01	   2.1308116249451764e-01	   5.4125786462918574e-02	   2.1372919947311433e-01	   2.2298039079112389e-01	   4.9642907826795846e-01	   5.8619309554727317e-01	   3.5531648930278564e-01	   2.6841073720908615e-01	   4.4920737095488283e-01	   3.2645750529101747e-01	   4.6221939896887954e-01	   2.2920236377062522e-01	
   4.2749496419476785e-01	   5.2708124964451342e-01	  -1.0332302356415531e-01	   2.6277231808207624e-01	   3.0174047860137082e-01	  -3.9902025623805390e-02	  -1.2870594928925004e-02	   4.8539470339459179e-01	   2.8209555423175781e-01	   4.3368492814708248e-01	   5.3660758998496028e-01	   6.5045843383052082e-01	   4.1501639494406928e-01	   7.7959939432408865e-01	   4.6252422857285425e-01	   0.0000000000000000e+00	   2.9332350030016274e-01	   4.3665494540319960e-01	   1.0812155170715043e-01	   5.3142175537968050e-01	  -4.8208253846439224e-02	   3.9214504930232907e-01	  -3.0024867502292091e-01	  -1.5846352092751575e-02	  -3.3891050143593415e-01	  -3.0245247215627014e-01	  -2.7037698723703589e-02	  -1.5485801432501348e-01	   2.2804582312371588e-01	   5.5005676366881040e-01	  -1.1952337123834575e-01	   2.9541292077591621e-02	   8.4938022850238035e-02	   3.5393354603576982e-01	  -5.5495381873690325e-02	   1.0540210636521224e-01	  -1.3612264939364643e-01	   1.7475061502580821e-01	  -2.6811796370107144e-01	  -8.2643305549538852e-03	   5.0051848530621633e-02	   2.2777637921554350e-01	  -3.4073997982747477e-03	   8.5077588327473183e-02	   3.0724787190183345e-02	   2.2449702821396633e-01	  -1.2537010775172427e-02	   3.8028452763933254e-02	   2.2378491201920736e-01	   1.9795524629788303e-01	   4.6186500035650606e-02	   7.4361499480456741e-02	   9.7393211224940657e-02	   2.7362592362573775e-02	   7.2176941849352402e-02	  -2.7289894879740628e-01	   2.3113522297887032e-01	   5.9741519682853306e-01	   2.7760443825977227e-01	   5.7796586513059833e-01	   4.9291246905845343e-01	   6.5926092009708470e-01	   3.8563583691758296e-01	   4.2743271769431701e-01	   8.6011139737091902e-02	   1.5579991783811706e-01	   9.0581766977517603e-02	   2.4451866211248402e-01	   4.5010701157621558e-01	   3.2996960776814821e-01	   3.7319176768023771e-01	  -2.2047948488657165e-01	   3.6588265443626472e-01	   5.0597980824891575e-01	   4.0059229586513778e-01	   5.2528659971365588e-01	   2.1275383577977708e-01	   1.5550909315492062e-01	   2.7778607848784648e-01	   3.5583780404498794e-01	   4.6938940085621028e-01	   3.9897111444033045e-01	   4.2275239082795901e-01	   6.3181577150444646e-01	   4.3662461487355736e-01	   2.0630547014720238e-01	   2.8335949697320106e-01	   4.2245745721731043e-01	   6.8329457243975200e-01	   1.4519047431953658e-01	
   3.5932452113132729e-01	   4.8460221052877306e-01	  -3.4895735828958002e-01	  -2.8953749420243047e-01	  -3.5221134308216256e-01	  -8.8756649705578117e-02	  -6.2337886478011799e-02	  -1.0637556304237797e-01	  -4.2417633014992695e-01	  -2.2115992685190808e-01	   4.7631804456709759e-01	   3.9063654818143634e-01	   3.9294165273893134e-01	   7.8456887052322372e-02	   2.4850383327343017e-01	   2.9332350030016274e-01	   0.0000000000000000e+00	   7.2264673898956133e-01	  -5.0694974613634388e-03	   4.6774241270481720e-01	  -1.9767085989766658e-01	  -9.5309102354381198e-02	  -4.1911746004424405e-01	  -3.9926486823393337e-01	  -4.0180096287097472e-01	  -3.2242404677210945e-01	  -2.5475640634318519e-01	  -1.2470870320576333e-01	   8.5984179633746782e-01	   7.4674393203474598e-01	  -3.5969249046420249e-01	  -2.4299700302535299e-01	   4.6880363545254849e-01	   4.9334060694481574e-01	  -3.1003834197691915e-01	  -2.6408388044404102e-01	   2.8751863250600068e-01	   4.2098127896353799e-01	  -1.2865392225900374e-01	   4.4105679987531114e-02	   4.6272498704401610e-01	   4.1045728223817868e-01	   2.1141056966159102e-01	   2.6830059727549072e-01	  -6.3253645652070228e-02	   1.4606795631929453e-01	   1.9212886609584723e-01	   3.0347191742011009e-01	   3.4765214978828246e-01	   3.5625346762968579e-01	   1.1167830624854318e-01	  -1.6036923683169740e-01	   4.8362844428972929e-01	   3.9682324707405636e-01	   4.9283855411014411e-02	   3.5686873437924926e-02	   6.7365057526614802e-01	   4.2571966815648288e-01	   7.1193356002231001e-01	   5.1763611335830340e-01	   7.3984608921181283e-01	   3.4034284691030858e-01	   8.3813035259780533e-01	   8.5490732971266803e-01	  -1.0079690164626776e-01	  -1.3214585388638117e-01	   1.1419368178786039e-02	   2.5088463733562039e-01	   4.5567249556147404e-01	   2.9029115548892159e-01	  -2.4816514326421385e-01	  -4.1378058846873267e-01	   5.1503552339908110e-01	   5.8173813007057007e-01	   2.7445708850374761e-01	   3.9998409970301085e-01	  -2.4593313500117261e-01	  -2.2037708034684442e-01	   5.5630739006468355e-01	   2.6398370088533862e-01	   8.1575096026276872e-01	   7.6800472605859871e-01	   2.9104174656851745e-01	   5.7825409218099910e-01	   3.2139494797078283e-01	   2.3134314081931937e-01	   7.5299158008003117e-02	   2.5928221708626753e-01	  -9.8409092110875104e-03	   6.1823468426873363e-01	
