   0.0000000000000000e+00	  -3.5065855031014603e-01	   7.1816436189903232e-01	  -6.4971042117715469e-02	   1.0974755934211931e-01	   5.7732194031257600e-01	   8.0479790127256878e-01	  -2.6616886057967631e-01	   1.6814053684640634e-01	   3.8250550184319765e-01	   8.6535779010655078e-01	  -3.6522554080537029e-01	   6.5975753835840578e-01	  -1.9134572940367528e-01	   5.5117947307347714e-01	   2.1470185592486166e-01	   2.1733652940880338e-01	  -1.8195495633977615e-01	   5.2987729377481407e-01	   5.9217969737900271e-02	   1.2891314910200885e-01	  -2.2509328378614621e-01	   6.3571158661490690e-01	   6.6706068128143711e-02	   3.0793402144852394e-01	  -1.1218724626955043e-01	   1.2011206127779049e-01	   3.5173412761538764e-02	   5.0093111718005989e-01	  -4.4297289501089621e-01	   7.7657705333805449e-02	  -1.5038383384500725e-01	   2.6769142811213659e-01	  -1.9247798981517594e-01	   1.3044098876661284e-01	   3.0074693399313313e-01	   5.8985883791420321e-02	  -2.6786077507000694e-01	   6.3374897197760771e-01	  -4.6170010792386224e-02	   4.9781483286661216e-01	  -2.4881723558091193e-01	   3.1296787533466530e-01	   1.8766175372828645e-01	  -1.0104154094132645e-01	   3.1818216507754421e-01	   3.7329209914586992e-01	   3.7968207959482603e-01	   3.8929821608907667e-01	   5.1921695891851494e-01	   2.9827333035155495e-01	   3.9002838983964161e-01	   1.1345770124959827e-01	   5.3164431793991573e-01	   8.8014766646264425e-02	   7.0926007462841112e-01	   8.4174073525711601e-01	  -3.7845029203356217e-01	   5.0338022916191993e-01	  -2.0476706128610905e-01	   5.4461711998967277e-01	  -2.8450458699561443e-01	   3.6901931976960534e-01	  -4.4074218513694774e-01	   9.8518141884177735e-02	  -1.5829761810890935e-01	   1.8144698908593987e-01	   1.3357423519607461e-01	   1.6098119741218392e-01	   2.0968044174672340e-01	  -1.6295527403380894e-01	  -1.3877575273587288e-02	   2.0198097650723343e-01	  -1.4943278748538258e-01	   8.6253486371579882e-02	   3.9579621160427320e-01	   1.8040121118636127e-01	   3.6270221748140513e-01	  -1.3547385293358805e-01	  -3.1217209379431254e-01	   1.1853799539854587e-01	   4.2285725463275088e-02	   4.3458878728549200e-01	   2.2418492044683547e-01	  -9.1797067945145097e-02	   5.6662143483694272e-01	   2.9082320486792290e-01	   4.2590163757855387e-01	  -4.5793044601438138e-01	   7.9561342581456840e-01	
  -3.5065855031014603e-01	   0.0000000000000000e+00	  -9.7042290511295065e-02	   7.8378294308995222e-01	   8.4557110563056773e-02	  -1.8023883966127457e-01	  -3.4749922563302926e-01	   8.2870446298641220e-01	   1.5579384281354586e-01	   1.3678768357714879e-01	  -3.5662880429385352e-01	   9.2391049640124701e-01	  -1.0883641236298594e-01	   6.6590181436374474e-01	  -1.9763331153636143e-03	   4.3651048421409044e-01	   3.6468350919261916e-01	   5.1053467253780627e-01	   3.7188931192398511e-01	   6.8491036571939246e-01	   4.9643130655965290e-02	   5.5296471486079479e-01	   1.0993496207400626e-02	   6.0221802743501152e-01	   2.2022214629176409e-01	   3.9433073170755828e-01	  -8.2256906749872516e-02	   1.4272167621757331e-01	   3.6129183062788894e-02	   6.6310369243507017e-01	   2.6575899391912078e-01	   6.1556184364751187e-01	   2.7984492693542407e-01	   7.5265780435789842e-01	   3.7095651346057373e-01	   4.1058998625847465e-01	   4.2343112791505422e-01	   6.7116704062013166e-01	  -1.2702295806698616e-01	   4.8969384762889068e-01	  -4.0474876753042344e-01	   4.5585608137201139e-01	   4.6147486398613202e-01	   6.9402167942028770e-01	   4.6244272488381788e-01	   5.1324949688116406e-01	   4.1512313970281767e-01	   4.5269983106269829e-01	   5.1115769137842137e-01	   3.7812077663334043e-01	   5.4117006725421479e-01	   4.1613951652453723e-01	   5.7911161572882208e-01	   2.4700848609759524e-01	   6.7208844798276712e-01	   7.0874082180335765e-02	  -5.0269996252602492e-02	   8.7998126262092669e-01	   1.0758912624073191e-01	   5.9899369607374475e-01	   2.7528855434852106e-01	   6.6440429410085633e-01	   2.5228933858724700e-01	   7.7121685163821585e-01	   6.1337594690257635e-01	   6.5054773169091273e-01	   4.0669752788116409e-01	   4.1836037793560077e-01	   5.9411038820866047e-01	   5.0347678379677419e-01	   6.6613549935847138e-01	   2.5203695697703055e-01	   3.2929849442491343e-01	   5.4432937851234242e-01	   4.2370018519886404e-01	  -1.2011586168658245e-02	   6.1832357297705598e-01	   4.2262741717963137e-01	   5.8821241797115098e-01	   3.9544023020968722e-01	   6.4878257854895616e-01	   4.9087220199193249e-01	  -1.8849058081461749e-02	   1.2222904897315123e-01	   7.1655146364215083e-01	   1.1328026673365041e-01	  -5.2591230237218012e-02	  -3.0787871459062049e-01	   8.2032548091578139e-01	  -1.6605619115634337e-01	
   7.1816436189903232e-01	  -9.7042290511295065e-02	   0.0000000000000000e+00	   3.2473511386827647e-01	   3.7366880349837860e-03	   3.8947608427174102e-01	   9.1966762073374508e-01	   1.1400178116838497e-01	   3.6128574308005409e-02	   4.7679952567912237e-01	   5.9293617603194126e-01	  -1.1958584484094933e-01	   7.1862382430394800e-01	  -3.9618522035440050e-02	   2.0534226289725713e-01	   6.3785114300960538e-02	   2.6551678095195996e-01	   1.0228654596147513e-01	   5.9070726338386514e-01	   8.9678950581680295e-02	   1.4587440001160384e-01	  -1.2112302487552803e-01	   9.1993986214445200e-01	   4.2392142275162714e-01	   5.9040357650567699e-01	   2.2321546722631930e-01	  -4.9653501690265910e-02	  -4.4240266184481000e-02	   3.9549634815568091e-01	  -1.6875036166265439e-01	   2.8305192285686252e-02	  -1.2882396379615690e-01	   3.6273025079032256e-01	   1.3778512616875224e-01	   2.7338578127443164e-01	   4.9010469513300270e-01	   1.7072633362444017e-01	  -1.2040987012701590e-01	   4.7295349501338552e-01	   1.6694261762675898e-03	   3.1063051064315134e-01	  -2.2263479568632777e-01	   6.0890886629657393e-01	   3.8640154606656107e-01	   1.2352036203625860e-01	   5.5963777178859342e-01	   6.5827453914078637e-01	   5.5882783505497435e-01	   6.1411766406411172e-01	   5.4200852452903736e-01	   5.3261290227296998e-01	   4.7785502438112371e-01	   2.8212516781070252e-01	   6.2912705291357041e-01	   2.3372227154660696e-01	   6.5144835557743952e-01	   6.2208394786684529e-01	  -2.8222180029407767e-01	   2.5433496290865060e-01	  -3.5312503306902054e-01	   4.7981038240819451e-01	  -2.8958923900048344e-01	   2.8544906091058825e-01	  -1.9846575243195685e-01	   3.0209229129562920e-01	  -1.2579736628551660e-01	   3.5073895919402798e-01	   2.4387321027008196e-01	   2.6631522518486406e-01	   1.5108163339517511e-01	  -3.3790756423795337e-02	  -1.0571295674181277e-01	   7.4586933655860416e-02	  -3.1904010753064194e-01	   2.5270183227996329e-01	   2.1008117333349974e-01	   4.9613360518406913e-01	   5.9497601873635131e-01	   1.5147780680416076e-01	  -1.4875236165000041e-01	   2.2553426591351142e-01	   2.4156113264715617e-01	   1.2204626401525878e-02	  -9.7409307166269540e-03	  -4.1978387263596359e-02	   4.5131489791119966e-01	  -1.2485168275232890e-01	   1.6057955195900725e-02	  -1.3753208149517415e-01	   7.3000043852228180e-01	
  -6.4971042117715469e-02	   7.8378294308995222e-01	   3.2473511386827647e-01	   0.0000000000000000e+00	   9.1317323757965835e-02	   6.5703625052996512e-02	   8.5827263119322220e-02	   9.4764409018576146e-01	   2.0038424859146137e-01	   4.5683835675026868e-01	  -1.6834532857200955e-02	   8.1114641505568919e-01	   3.3481834630253104e-01	   7.9194403194946728e-01	   2.1439440713742923e-02	   4.8688849827725023e-01	   2.9447371351577678e-01	   4.9126926895324541e-01	   5.7511691468710602e-01	   5.7785443858661756e-01	   8.4263960160274945e-02	   5.3183069627166346e-01	   3.2708382043839057e-01	   8.4352313622645525e-01	   3.8786580279538974e-01	   4.7022467518822553e-01	  -1.9380329450180928e-01	   1.1353949085024265e-01	  -8.9043489198009189e-03	   4.9884054888385787e-01	   1.7018279966561684e-01	   4.9259957140157773e-01	   3.8035585427469859e-01	   7.5038673934625566e-01	   4.0653855918479287e-01	   6.7389009768429597e-01	   4.1080224717636182e-01	   5.2130455900902661e-01	  -1.4764422390644062e-02	   4.1042757883304798e-01	  -3.1407743802243759e-01	   2.3392554585212588e-01	   6.5612210653311698e-01	   8.0263001669869161e-01	   5.2975223042731379e-01	   8.2286633475046922e-01	   6.5093137227259135e-01	   7.2441912503373529e-01	   7.1074539222439026e-01	   6.3789751375534942e-01	   7.8314907160292013e-01	   7.3476903295539120e-01	   5.6614350606038655e-01	   3.7182437365877857e-01	   6.2885453974486316e-01	   3.2493287142027377e-01	   4.3517887212848091e-02	   5.1758591731218795e-01	   2.3807730919478132e-01	   3.7617908349112156e-01	   4.1998142994060406e-01	   5.3976652097079458e-01	   2.7466168677716818e-01	   5.8518708346948445e-01	   7.0681769226835922e-01	   7.0000620353182952e-01	   6.3060551211907767e-01	   7.0313620531225862e-01	   5.7903884807002604e-01	   5.1007514481344463e-01	   6.3689375079618993e-01	   2.1737486586196422e-01	   2.6589289438203073e-01	   3.1689553252622316e-01	   4.7476031484130576e-01	   8.2512031226647159e-02	   7.8252310116184320e-01	   6.4560443270602375e-01	   4.8726345536362203e-01	   3.1891239965958962e-01	   5.7837073205450618e-01	   5.3715255677681029e-01	  -1.5922784592333206e-01	  -9.8739418297118742e-02	   5.6434974156254936e-01	   3.5383185331588751e-01	  -2.1254537732199902e-01	  -3.4719901116843710e-01	   7.3662645601461518e-01	   2.0118219423448030e-01	
   1.0974755934211931e-01	   8.4557110563056773e-02	   3.7366880349837860e-03	   9.1317323757965835e-02	   0.0000000000000000e+00	   4.1079198046536702e-01	   1.3150905559949980e-02	   2.2527192857537001e-02	   7.4091284566144000e-01	   2.7494483102339018e-01	   1.8981257602423410e-01	   3.1074788656105953e-02	   2.6139108669312239e-01	   1.7001718766295731e-01	   4.7142546791214357e-01	   3.0909520975756521e-01	   9.3999382926940336e-02	   5.1362303304885865e-02	   3.1027673555636581e-01	   3.7218593478468764e-01	   2.7724308698368638e-01	   3.3544269402337479e-01	  -9.2821109268860329e-03	   1.8114846877665097e-01	   3.7009653247087332e-01	   1.9358773546510416e-01	   4.3505473517604853e-01	   3.4896349174397256e-01	   1.9726895471334627e-01	   1.4322309649278567e-01	   2.1119180033686957e-01	   5.0456301253838730e-02	  -7.9052479605895044e-03	  -6.1326188876137236e-02	   2.6903408790435068e-01	   2.3381237328171886e-01	   8.9774431516781800e-02	   1.0601546401727184e-01	   3.4571978342085602e-01	   2.3279881104109723e-01	   2.6861193141911453e-02	   2.5374725655129663e-02	   1.2812141400983784e-01	   1.3067081539047290e-01	   2.6780147895460704e-01	   3.1828082924579212e-02	  -5.3219467882912944e-02	   1.4129000082038379e-01	  -5.4082346472942938e-02	   1.9587202079843540e-02	   6.0061792192088763e-03	   8.6257608449540141e-02	  -1.8715165874174577e-01	  -1.9614648263215156e-01	  -2.4267276447815678e-02	   1.6038990052470015e-01	   1.3186900549630579e-01	   2.2402092688774911e-01	   4.3006759961833552e-01	   4.6565780114876765e-01	   1.4356761769075305e-01	   1.6117791719472385e-01	   1.5005792058293360e-01	   3.5960246183105171e-02	   2.5625401660562841e-01	   2.5039379391545274e-01	   3.3374030451124548e-01	   2.7985240034478281e-01	   1.9074533919790090e-01	   5.1820462491412700e-01	   2.1579037467203843e-01	   3.5146672235725696e-01	   1.1899417087791425e-01	   3.0185507709056147e-01	   1.3732155043811287e-01	   1.3556349155741021e-01	   9.8097136233444553e-03	   7.9542880745981662e-02	   1.1162842519316546e-01	   5.0076214467365009e-02	   9.5464999314934601e-02	   1.8276100030718512e-01	   3.4911082251636305e-01	   1.1701105105157658e-01	   2.1059446967264694e-01	   2.1651555230241296e-01	   4.7323471366314862e-01	   3.0629064448647825e-01	   5.4956225507487584e-02	   5.8196541396248781e-02	
   5.7732194031257600e-01	  -1.8023883966127457e-01	   3.8947608427174102e-01	   6.5703625052996512e-02	   4.1079198046536702e-01	   0.0000000000000000e+00	   4.2464485037490707e-01	  -1.0578832868814803e-01	   6.0050867099119143e-01	   6.2396612715346678e-01	   4.6812055463422525e-01	  -1.1605134433161626e-01	   4.1321995013845253e-01	   9.5021729698386057e-02	   5.1602365453010668e-01	   3.5823400756408097e-01	   1.3749525526654738e-01	   1.3557842110287172e-02	   4.6665545506047723e-01	   1.2902580560438132e-01	   2.9045008287698842e-01	   1.1442157276166562e-01	   2.2499375494648988e-01	   7.5979016257436235e-02	   2.8459547570119159e-01	   6.5572535046357749e-03	   3.3830029680510842e-01	   3.7721103694044533e-01	   1.9806656428080519e-01	  -2.5538986763361082e-01	   2.1943988060866645e-01	  -1.3260823422171759e-02	   2.9801629405762675e-01	  -1.4993171035196382e-01	   2.5983882024826538e-01	   3.3461850947942756e-01	  -2.5189275884459357e-02	  -1.6766568025627954e-01	   4.4904131725078655e-01	   2.0588291535563852e-02	   4.4182293196223979e-02	  -1.8071752178632483e-01	   2.1703896401055239e-01	   2.5458487831060927e-01	   1.5335378520332668e-01	   3.1882410296868052e-01	   1.9137232064947679e-01	   4.8145105198393678e-01	   2.3385943301505174e-01	   4.2077520595658535e-01	   2.6245235329220984e-01	   4.4373103194821101e-01	  -1.5942288610754723e-02	   3.1158497294243725e-01	   3.4775925022272419e-02	   5.9683701353476182e-01	   4.9898728811225146e-01	  -1.5251143273440554e-01	   5.9766083624840882e-01	   1.0555761002560422e-01	   4.4886519169960859e-01	  -2.4483379054969882e-02	   2.8671161145983398e-01	  -1.9367787281368870e-01	   3.1253589715670760e-01	   2.0174398445301925e-01	   4.3784661484278437e-01	   4.1623801359395690e-01	   1.0435596422242503e-01	   3.9924063874225002e-01	  -5.7423567855680535e-02	   1.2368413617091052e-01	   2.1153565038268773e-01	   3.8371007914640959e-02	   1.0268649163175773e-01	   3.2106762772055397e-01	   1.8324988646585511e-01	   3.3809336586013461e-01	  -3.2681891823635789e-02	   6.7413051483102976e-03	   4.7467779647249603e-02	   2.0533258958277664e-01	   2.8982546814193311e-01	   5.3139648721333609e-02	   2.2216713533427940e-02	   5.4034856856788627e-01	   2.0717088569459718e-01	   2.7388616531252019e-01	  -2.1760214901831904e-01	   4.3436557554640931e-01	
   8.0479790127256878e-01	  -3.4749922563302926e-01	   9.1966762073374508e-01	   8.5827263119322220e-02	   1.3150905559949980e-02	   4.2464485037490707e-01	   0.0000000000000000e+00	  -1.0749977002740195e-01	  -3.3429666679981401e-02	   3.3736716712699488e-01	   6.7474239935763414e-01	  -3.7437618197359063e-01	   7.4599901258392998e-01	  -1.9696864000219433e-01	   2.1294681232888651e-01	  -7.4988143590802331e-02	   1.0755236330362818e-01	  -1.3099315959593738e-01	   5.1987014425137756e-01	  -4.4870791586430613e-02	   3.0023482983878403e-02	  -2.4164053929905885e-01	   8.0338288319594109e-01	   1.3518655749009895e-01	   4.2474667478585282e-01	   5.6728502292521847e-02	  -1.2928895378436101e-02	  -1.0160276396868782e-01	   3.8410271169783489e-01	  -4.0958949735684447e-01	  -3.1862009823460644e-02	  -2.6805982697721165e-01	   3.2361250358260324e-01	  -4.2285520868668103e-02	   7.4306343249362528e-02	   2.8521372127126032e-01	  -3.6483316238515195e-02	  -3.1181142658639821e-01	   4.3368282125878410e-01	  -1.8583874445143700e-01	   4.8010217037966785e-01	  -2.5897341733586038e-01	   3.8764028648206594e-01	   1.7414383325497651e-01	  -7.1339729192147622e-02	   3.7292041281333410e-01	   4.3992711234006748e-01	   3.9318012611495134e-01	   4.2593249581959602e-01	   4.8823307076704514e-01	   3.0576608188398186e-01	   3.6364711869986355e-01	   6.0501316264624003e-02	   4.9999128160507489e-01	   5.9413666139960318e-02	   6.8120156540951160e-01	   6.4991517691254219e-01	  -4.9694182913471285e-01	   3.1310425616606363e-01	  -3.8566183863755521e-01	   4.5953523312838801e-01	  -3.6066889722369999e-01	   2.7643063126983847e-01	  -3.1727271317881323e-01	   4.8958640421897431e-02	  -2.5806155693247873e-01	   1.6829873257345507e-01	   1.3324541837536730e-01	   4.0490412606965551e-02	   4.3139887907533730e-02	  -2.1654342040659508e-01	  -4.6979590885366303e-02	   4.2026844679380589e-03	  -3.7537996559637776e-01	   1.2611672407147448e-01	   2.2502994771483523e-01	   2.5389459629738564e-01	   3.8509262516174864e-01	  -8.8250997277347115e-02	  -3.6538721197445967e-01	   3.7550374078674509e-02	   8.9803795336714953e-02	   4.3361166793567767e-02	  -6.6877631577732286e-02	  -2.6932448869532993e-01	   4.7622450576787773e-01	  -1.0156125947141731e-01	   1.4197485760182454e-01	  -4.0156730436444277e-01	   7.5883960122314820e-01	
  -2.6616886057967631e-01	   8.2870446298641220e-01	   1.1400178116838497e-01	   9.4764409018576146e-01	   2.2527192857537001e-02	  -1.0578832868814803e-01	  -1.0749977002740195e-01	   0.0000000000000000e+00	   1.1990857353523471e-01	   3.1037769136123455e-01	  -1.6039712552933649e-01	   8.6149810423046480e-01	   1.8717021687683635e-01	   8.0271597717524634e-01	  -1.1000408267545002e-01	   4.3013410312448280e-01	   2.0899183107547090e-01	   4.2679700373005991e-01	   4.0351206318216970e-01	   5.2590868342180264e-01	  -3.9988471763797509e-02	   5.6551123470054843e-01	   1.3643166127237608e-01	   7.4239255729989784e-01	   1.9231242580815067e-01	   3.9624232042736729e-01	  -2.7197871683608282e-01	   1.1195738024954256e-01	  -1.3037887148897556e-01	   5.3748271421579275e-01	   8.7060589555702381e-02	   4.5811693960967120e-01	   3.5763197042061268e-01	   8.0266200821488576e-01	   2.7061294717192963e-01	   5.3256474361492434e-01	   3.7348154096576547e-01	   5.7643071936390577e-01	  -2.4822409805162976e-01	   3.2931469010937614e-01	  -4.1921900243712895e-01	   2.5586907126589686e-01	   4.8622507264154585e-01	   7.2201377807268818e-01	   4.6078528210606728e-01	   7.3325123584546592e-01	   5.0580683046871788e-01	   5.6085645283590424e-01	   6.2207136451261980e-01	   5.3644182431760468e-01	   6.7097090099503209e-01	   6.2960824239166824e-01	   5.0755973058180925e-01	   2.4495390688865920e-01	   5.9863582916364999e-01	   1.3249362593454428e-01	  -1.2800973833944040e-01	   6.0028983339297382e-01	   1.2717938091241091e-01	   4.3200167903314668e-01	   3.5423584553456061e-01	   6.6147819801412311e-01	   2.1768528159236739e-01	   7.0028297140665863e-01	   6.2126363581071808e-01	   7.7043753436614648e-01	   4.9941624947281693e-01	   6.1039085734825549e-01	   4.7265745567202921e-01	   3.8442336590862608e-01	   6.0325461094277599e-01	   2.3697222965904716e-01	   1.8530842402004127e-01	   3.7064665474337849e-01	   4.1279313117893385e-01	   1.9041190162948786e-02	   6.8435996190253667e-01	   5.1165134231770371e-01	   4.4911649373341395e-01	   3.1568003022203522e-01	   5.1676599149444469e-01	   4.5270073860892290e-01	  -2.1791030319422333e-01	  -1.4128667307314910e-01	   5.6038489750096843e-01	   2.2013942935076372e-01	  -2.5132199489923557e-01	  -4.2381286713558969e-01	   7.9403817255840192e-01	   3.9499620044763676e-03	
   1.6814053684640634e-01	   1.5579384281354586e-01	   3.6128574308005409e-02	   2.0038424859146137e-01	   7.4091284566144000e-01	   6.0050867099119143e-01	  -3.3429666679981401e-02	   1.1990857353523471e-01	   0.0000000000000000e+00	   4.8454255392978063e-01	   2.3206813786826030e-01	   1.4731636900858686e-01	   1.9942586980458057e-01	   2.4457656687855400e-01	   5.0070002733039376e-01	   3.9664578092861869e-01	   1.0095869235980176e-01	   1.3094431608476456e-01	   3.1873401857410483e-01	   4.2754139527130475e-01	   5.1911910019929108e-01	   3.2668714930339005e-01	  -8.8010051203315842e-02	   2.3399105950349011e-01	   2.5953047034471932e-01	   3.2041380119144436e-01	   4.3126677068355085e-01	   4.1804269806097377e-01	   1.9113985114811566e-01	   2.1969093500153036e-01	   9.7706672315206619e-02	   3.5511434643700004e-02	  -1.3053733996170990e-03	  -1.4475485927042040e-02	   2.4815050911440117e-01	   2.9049189539638781e-01	   1.5510274106430477e-01	   2.0351579228166464e-01	   3.8367892148701355e-01	   3.7980354156473689e-01	  -1.6839569999607706e-01	  -4.4164982505351620e-02	   1.4291169268066906e-01	   2.9030133556190130e-01	   2.9725193089448410e-01	   1.9198899525497384e-01	  -3.7633979850282100e-03	   2.8805200892576033e-01	   7.9651362374576332e-02	   1.7716891783361960e-01	   1.3907588658369019e-01	   2.8485355422195574e-01	   4.1443120343625101e-03	  -1.1174279491192440e-01	   1.1704545162785465e-01	   1.9978687198804621e-01	   1.3153171663958388e-01	   2.7983903883956762e-01	   5.6210629586495986e-01	   5.5924822301675414e-01	   1.9687479617919987e-01	   2.2641699257865772e-01	   2.0404928997010688e-01	   7.1987790619536945e-02	   3.2182769911408438e-01	   3.7516401029122215e-01	   4.4829357498112449e-01	   3.6589837698375371e-01	   2.1682304781672662e-01	   5.0571185737233593e-01	   1.8162674080276547e-01	   2.1899783367167980e-01	   1.7079177271638557e-01	   3.8490150027207848e-01	   2.0092640272980861e-01	   2.9649685862171449e-01	   2.2491431600384720e-01	   3.0211647005188458e-01	   1.5479654533102938e-01	   2.0500165564452871e-01	   1.7246813480652479e-01	   3.0410375384793503e-01	   3.0965645059199515e-01	   1.2851835099826409e-01	   3.0479031217932295e-01	   3.4646831355692570e-01	   4.1939843151017042e-01	   3.1116186961541586e-01	   1.6282889554132929e-01	   1.4667736103164086e-01	
   3.8250550184319765e-01	   1.3678768357714879e-01	   4.7679952567912237e-01	   4.5683835675026868e-01	   2.7494483102339018e-01	   6.2396612715346678e-01	   3.3736716712699488e-01	   3.1037769136123455e-01	   4.8454255392978063e-01	   0.0000000000000000e+00	   3.5026873895078603e-01	   1.9051100480638045e-01	   4.8838239664760374e-01	   3.6739470740265628e-01	   3.0857783099022412e-01	   4.0965741259073574e-01	   3.2910613913924347e-01	   3.4271778157428046e-01	   4.1338425360024411e-01	   1.8650373332076284e-01	   4.8533651627196250e-01	   3.0433048629595733e-01	   3.9523577763269491e-01	   4.9237312394314592e-01	   4.2219967648919848e-01	   4.0458546730752687e-01	   1.6983021652222471e-01	   2.9687686445344741e-01	   1.3684611618420123e-01	   1.5629098338119737e-01	   2.8002639904659874e-02	   9.8022146103928370e-03	   1.8188815738306846e-01	   8.0668033800900027e-02	   2.6950670556668227e-01	   5.5032463275845256e-01	   3.4322730488091019e-01	   1.4543791296377290e-01	   3.6799490140315394e-01	   2.2060643224939414e-01	  -7.3671676630276323e-02	  -1.0386739817436247e-01	   5.7856134461784769e-01	   5.3048851461998070e-01	   4.0184085145352505e-01	   6.1994464714793129e-01	   5.8836179664593158e-01	   7.2230706970043213e-01	   5.5824831651135132e-01	   4.9519345552781924e-01	   6.2912904764470712e-01	   6.3918959065006142e-01	   3.6297409329457908e-01	   4.9413444434206066e-01	   2.3659182485805091e-01	   5.1095414073167700e-01	   3.9538149807510625e-01	   5.4278920930930508e-02	   3.5582313252437159e-01	   5.2067374233241183e-02	   3.3413133574667947e-01	   7.4995704179920009e-03	   1.3664853580226080e-01	  -8.5292896898181772e-02	   4.4468661096313578e-01	   3.1180593744068047e-01	   5.7062869952998585e-01	   5.7646492978233443e-01	   3.6934617494665345e-01	   4.7337650028051348e-01	   2.5644366507816280e-01	   8.8368694895980648e-02	   2.0626757550379554e-01	   1.5419099394744107e-01	   3.8112803818974211e-01	   4.2387810143251003e-01	   5.5347882589014574e-01	   6.5117290279779183e-01	   3.2684694388037461e-01	   2.0764679799829608e-01	   2.2799457651157673e-01	   3.9814195433676119e-01	  -7.3522592914921581e-02	  -7.1625877379170144e-02	   9.6470658530764475e-02	   4.4189370473082024e-01	  -1.1462038053871673e-01	  -1.1255544921681154e-01	   1.1159331756030900e-01	   4.4398857362195376e-01	
   8.6535779010655078e-01	  -3.5662880429385352e-01	   5.9293617603194126e-01	  -1.6834532857200955e-02	   1.8981257602423410e-01	   4.6812055463422525e-01	   6.7474239935763414e-01	  -1.6039712552933649e-01	   2.3206813786826030e-01	   3.5026873895078603e-01	   0.0000000000000000e+00	  -2.9710406658241290e-01	   7.8056849083209279e-01	  -9.8461883216051579e-03	   5.3072148734135005e-01	   2.7154991248006116e-01	   3.4952088024620236e-02	  -1.5090500865482878e-01	   4.8533353381816746e-01	   1.2289317222799413e-01	   1.1963452673560981e-01	  -1.8669765923840431e-01	   4.9327325988588805e-01	   1.8285561454872284e-01	   1.5666945967252480e-01	  -9.1112031052436995e-02	   7.0516938392386957e-02	   5.5841787015148393e-02	   2.9157053827571178e-01	  -3.3701391414334031e-01	  -6.6135918142783745e-02	  -2.1291185192558376e-01	   1.7005236428968643e-01	  -2.0314820524555199e-01	   1.0749122144159649e-01	   2.8816933421058433e-01	   1.2421253853087602e-01	  -9.6552550460777153e-02	   5.6035645797647449e-01	   6.1121033312146009e-02	   4.3215863873339094e-01	  -2.2834667721110294e-01	   2.5127356373649051e-01	   1.6846054067284733e-01	  -3.8817502189861131e-02	   3.1424237854221837e-01	   2.8798969881151959e-01	   3.3644825538403061e-01	   2.8136832183606492e-01	   4.8993376939308320e-01	   2.7693335370989558e-01	   4.3792367719294767e-01	  -7.6983953179899441e-04	   3.1685789402539177e-01	   4.7255258655008237e-02	   5.9812953412862757e-01	   5.8279003523943329e-01	  -3.8013883514132896e-01	   5.8902449107036392e-01	  -5.5913844051100448e-02	   4.1572019459994408e-01	  -1.4417701936815741e-01	   2.5157198493890104e-01	  -3.8971197628047549e-01	   1.1380603177262126e-01	   4.2137591435748856e-02	   2.9660179161839889e-01	   2.9086749582333143e-01	   1.9409423985465343e-01	   2.5587187079426443e-01	  -1.4639091307033561e-01	   1.2038919400447173e-01	   1.0382621431786182e-01	  -1.4058988319897722e-01	   1.4642552361710792e-01	   4.2569313513122359e-01	   1.7742902796214288e-01	   3.6050960497126089e-01	  -2.5217799702294308e-01	  -2.3862320281510951e-01	   6.6067104433035928e-02	   5.8946322470887103e-02	   3.6888992370420404e-01	   1.4581967570489035e-01	   2.2541221183406970e-02	   5.7633469497626777e-01	   3.4317239999272658e-01	   4.8376424025970410e-01	  -3.3304595078657784e-01	   7.8687072484776688e-01	
  -3.6522554080537029e-01	   9.2391049640124701e-01	  -1.1958584484094933e-01	   8.1114641505568919e-01	   3.1074788656105953e-02	  -1.1605134433161626e-01	  -3.7437618197359063e-01	   8.6149810423046480e-01	   1.4731636900858686e-01	   1.9051100480638045e-01	  -2.9710406658241290e-01	   0.0000000000000000e+00	  -5.3206584924301414e-02	   8.1464405494255687e-01	   3.9698197041526169e-02	   5.7456998421392091e-01	   3.6613466978577858e-01	   6.3202053960430471e-01	   3.8040241265828106e-01	   5.9466751437572896e-01	   6.2972779957640446e-02	   6.2675506037981044e-01	  -6.1218762818715369e-02	   6.6155695071714493e-01	   1.4940159869249833e-01	   4.1086744858309682e-01	  -1.2182134298957351e-01	   1.6648213246555357e-01	  -2.1512401638566325e-02	   7.2284306073595872e-01	   3.1539895739198576e-01	   6.6308896977361953e-01	   2.2990351264228165e-01	   7.0890141547300212e-01	   3.1333310043760843e-01	   3.8918980542006387e-01	   4.4957491735737315e-01	   7.4088525981992914e-01	  -1.7011591953274419e-01	   5.2962073076869842e-01	  -3.9837707585680637e-01	   4.9831275154960580e-01	   4.9146038046696805e-01	   7.2077268978263920e-01	   5.9001169012373844e-01	   5.8701041211160043e-01	   4.0045552048972471e-01	   4.9621490113341710e-01	   5.2058941031903783e-01	   4.0311130680832741e-01	   5.7491080105363113e-01	   5.0800660678793264e-01	   5.5380620264859681e-01	   2.4104993911954481e-01	   5.8037100483297777e-01	   7.5081691881507734e-02	  -1.2303029585696412e-01	   8.0497025182172521e-01	   8.8162367245545353e-02	   5.6164939053847340e-01	   2.0844037452508005e-01	   6.5595169915563323e-01	   2.6636390872965271e-01	   7.3929518955082596e-01	   6.6727919210544040e-01	   7.5190045957773011e-01	   4.2604996322481492e-01	   5.3853794852697712e-01	   6.1107461476305769e-01	   5.4145487266312198e-01	   6.9159916067873639e-01	   2.9069933484163790e-01	   3.6543681478584034e-01	   5.4321555187588910e-01	   4.7159404763870960e-01	   4.5253661915959337e-02	   6.3760656616621192e-01	   4.7885613414704420e-01	   5.5872905411777340e-01	   5.6260027817097602e-01	   6.6822485953983424e-01	   5.9526147397763340e-01	  -3.0410503812565604e-02	   1.5458410626284058e-01	   7.5940807917483311e-01	   2.3332134131354876e-01	  -7.5025164362275742e-02	  -2.8886547732483125e-01	   8.4071173056552984e-01	  -1.3434952219004864e-01	
   6.5975753835840578e-01	  -1.0883641236298594e-01	   7.1862382430394800e-01	   3.3481834630253104e-01	   2.6139108669312239e-01	   4.1321995013845253e-01	   7.4599901258392998e-01	   1.8717021687683635e-01	   1.9942586980458057e-01	   4.8838239664760374e-01	   7.8056849083209279e-01	  -5.3206584924301414e-02	   0.0000000000000000e+00	   2.8915150805611628e-01	   4.2579140074392086e-01	   3.3378965588674048e-01	   1.5570581942746345e-01	   1.2060496616275033e-01	   5.5237727103524259e-01	   1.8732350895001726e-01	   7.7424668214623987e-02	   9.5934768925620750e-02	   5.9044360733565582e-01	   4.3619108366074733e-01	   3.2569701786476779e-01	   1.4155317236717305e-01	   3.6981199855586587e-02	   1.1406444954988265e-01	   2.7144482592746511e-01	  -9.8178918375139423e-02	   3.2158393125299722e-02	  -8.4695933640345819e-02	   2.2061247632329511e-01	   1.6296675612883196e-02	   2.1394865340497732e-01	   4.1813017741137487e-01	   2.3176667480559948e-01	   4.4891619239680873e-02	   4.1365605462810323e-01	   1.6927487095817381e-01	   3.8785455610797415e-01	   1.9226059289510255e-03	   5.3522731588534100e-01	   3.7895737938987217e-01	   2.6534687343767427e-01	   5.2324569962136691e-01	   4.9499259644963245e-01	   5.6853542817264091e-01	   4.6092497592436166e-01	   5.5710123392761723e-01	   4.9213132505411727e-01	   5.7565828441893929e-01	   8.8169226288003028e-02	   3.3277502512030838e-01	   1.1916693335086070e-01	   6.6993033652802714e-01	   4.7698863090976124e-01	  -2.7611972003298146e-01	   5.2525757264407247e-01	  -3.9765248075583643e-03	   4.9022657271261905e-01	  -2.8465068108122934e-02	   3.6293773370615889e-01	  -1.0939123242079660e-01	   3.2670144590938693e-01	   1.9288968790785979e-01	   4.5622196256284386e-01	   4.9841877714881450e-01	   3.1948294841094482e-01	   4.1079962159956551e-01	   4.9540903674054705e-02	   1.2459974790668452e-01	   1.5643985158963786e-01	  -9.2444931370667754e-02	   2.4038276464836830e-01	   3.4658898484805228e-01	   3.7507043724248390e-01	   4.8655504669094440e-01	   8.0483780324363249e-02	  -8.5490552807077180e-02	   2.2948976020318168e-01	   3.5397101243796564e-01	   1.2321337163303676e-01	  -3.8112481898543563e-02	   4.4654168308198974e-02	   6.6660735403159799e-01	   1.2704742364781874e-01	   2.0586180508055868e-01	  -1.0455858732259253e-01	   7.6489442048398759e-01	
  -1.9134572940367528e-01	   6.6590181436374474e-01	  -3.9618522035440050e-02	   7.9194403194946728e-01	   1.7001718766295731e-01	   9.5021729698386057e-02	  -1.9696864000219433e-01	   8.0271597717524634e-01	   2.4457656687855400e-01	   3.6739470740265628e-01	  -9.8461883216051579e-03	   8.1464405494255687e-01	   2.8915150805611628e-01	   0.0000000000000000e+00	   1.8841025841406822e-01	   7.0482329149255196e-01	   1.8338249734931092e-01	   5.2419176274527479e-01	   3.7315758203978511e-01	   4.9480986863392395e-01	   2.0488630841289324e-02	   6.9648846715714408e-01	  -8.2661880046337066e-02	   6.9032617836885435e-01	   1.4598792145806838e-01	   3.4745677807275166e-01	  -7.2585990064824954e-02	   2.2729572792873182e-01	  -1.4303398630986483e-01	   5.4116183123279959e-01	   2.2739562088333182e-01	   5.8523327399526992e-01	   1.8516783087770822e-01	   5.2250647903920366e-01	   3.4261670722420973e-01	   4.7227370328405371e-01	   4.1167342116772127e-01	   6.3263500113219995e-01	  -5.8423142265290488e-02	   5.1749422498006847e-01	  -2.4642979834445181e-01	   4.6033501092177109e-01	   4.8863233891772540e-01	   6.6746983382658764e-01	   6.0130819915366895e-01	   6.2271300382477546e-01	   3.6194416579716315e-01	   5.9492348787620031e-01	   4.3513126405259972e-01	   4.6292744649454776e-01	   6.3598268663239865e-01	   6.7547276228144870e-01	   3.9440127943115388e-01	   1.6087220670439678e-01	   4.6604925665329311e-01	   2.6101114365562206e-01	  -1.2265556326524331e-01	   5.3272974178649146e-01	   3.0964492388542086e-01	   5.5092990270663944e-01	   2.6950482887355331e-01	   6.2822768453956335e-01	   2.2580335073297736e-01	   5.5294159983800795e-01	   6.3143097709958085e-01	   8.1514719193611229e-01	   5.7652729772140354e-01	   7.6027358972357484e-01	   5.5332537232506340e-01	   6.1616887543266419e-01	   6.0235305288231655e-01	   3.9229025271142859e-01	   3.9815986827404959e-01	   5.0412517154102721e-01	   3.2936642758100543e-01	   1.6527539336394001e-01	   5.7652194807840151e-01	   4.7264668581672764e-01	   3.8315048042940625e-01	   4.6681640131974556e-01	   5.0741316243122747e-01	   5.6778258899900347e-01	  -7.8475175734532859e-02	   1.0801075115796685e-02	   6.1209435698498993e-01	   3.9240087909185367e-01	  -8.8674101449085260e-02	  -1.5001463612572402e-01	   6.8177824525152020e-01	   6.0256810512734876e-02	
   5.5117947307347714e-01	  -1.9763331153636143e-03	   2.0534226289725713e-01	   2.1439440713742923e-02	   4.7142546791214357e-01	   5.1602365453010668e-01	   2.1294681232888651e-01	  -1.1000408267545002e-01	   5.0070002733039376e-01	   3.0857783099022412e-01	   5.3072148734135005e-01	   3.9698197041526169e-02	   4.2579140074392086e-01	   1.8841025841406822e-01	   0.0000000000000000e+00	   6.3403814062186004e-01	   3.0156963254666297e-01	   1.2848469363010515e-01	   4.2679647183931346e-01	   2.8033276443847593e-01	   2.4577920906426642e-01	   2.9208100300057543e-01	   2.0713804156869736e-01	   1.9640327197431234e-01	   3.1325221645777507e-01	   5.1483149949115445e-02	   3.6350232393995052e-01	   2.1305471559901146e-01	   4.9580181272337820e-01	   1.3062659056591160e-02	   3.6851772876435751e-01	   1.4019280755609970e-01	  -2.7025744162472047e-02	  -2.1048766164737487e-01	   3.8706443641770322e-01	   2.4687575945992191e-01	   2.9615951934971707e-01	   2.6165582378671393e-02	   5.8523778419155448e-01	   3.9426345002324092e-01	   3.6590059430284883e-01	   2.8863044373799418e-01	   3.5320663338871539e-01	   2.6409275260076015e-01	   3.4982144095903928e-01	   1.7143552760975769e-01	   1.5882692736207327e-01	   3.8680682044078718e-01	   1.8566331478676751e-01	   2.3742008401369780e-01	   2.0205959080809680e-01	   2.8517430393680387e-01	  -7.4158292020959443e-02	   1.7288675187531316e-01	  -6.8024624609926088e-02	   3.9970760904879082e-01	   5.0127958923571525e-01	   3.3459770901114030e-02	   3.8352507056001006e-01	   1.9339477679473255e-01	   2.5756020559592385e-01	  -1.0508059539062417e-01	   3.7725745291805501e-01	  -2.0496072159799533e-01	   3.8337753324417745e-01	   1.3482277056489633e-01	   2.8376822166326254e-01	   3.0575949113362633e-01	   4.6472132278970368e-01	   6.6207169970197577e-01	   1.2184846474905617e-01	   1.8921421821290307e-01	   5.0403066031605337e-01	   3.5935012746555639e-01	   4.4202121942577985e-02	   3.9646108627590193e-01	   1.3249561928901327e-01	   2.7080447557531384e-01	   4.9050727359263011e-02	   1.1704033993043787e-01	   3.2362864710070838e-01	   3.1842029717630854e-01	   7.3294535314766240e-01	   4.6573343829113734e-01	   3.7237180898645195e-01	   5.7681814660700226e-01	   6.2391228888224570e-01	   4.9254861239226694e-01	  -8.7403070053830745e-02	   3.3563332767676585e-01	
   2.1470185592486166e-01	   4.3651048421409044e-01	   6.3785114300960538e-02	   4.8688849827725023e-01	   3.0909520975756521e-01	   3.5823400756408097e-01	  -7.4988143590802331e-02	   4.3013410312448280e-01	   3.9664578092861869e-01	   4.0965741259073574e-01	   2.7154991248006116e-01	   5.7456998421392091e-01	   3.3378965588674048e-01	   7.0482329149255196e-01	   6.3403814062186004e-01	   0.0000000000000000e+00	   4.0135981173179064e-01	   4.5814925258806782e-01	   4.3895215634486173e-01	   4.3705358136284461e-01	   2.3951851264213342e-01	   5.4821372648495359e-01	   5.1313529514988507e-02	   5.5278965130033075e-01	   1.7151958916361215e-01	   2.5056945750602766e-01	   2.5781866577009288e-01	   4.1698705069710562e-01	   3.1471723136374385e-01	   4.2692686742011776e-01	   4.6747756849850591e-01	   5.4083653827491929e-01	   9.7967186039199031e-02	   1.9245964799206633e-01	   3.2660723209202058e-01	   4.3498901189727257e-01	   5.6735120149225882e-01	   4.7026799553374243e-01	   3.0986588430510564e-01	   5.8681833496254421e-01	   3.0313158265588162e-02	   4.2647081305528833e-01	   5.0175071456640574e-01	   5.9378115193294556e-01	   5.9588159230606330e-01	   5.0478728045612331e-01	   3.2168956115451164e-01	   5.2749015277710898e-01	   4.5526600885098484e-01	   4.6598886388582550e-01	   5.3711280140379780e-01	   5.9011590416876181e-01	   3.5176568080758752e-01	   3.0876665838274081e-01	   3.1532484046406639e-01	   3.5596530183507757e-01	   2.9859199888209687e-01	   4.2272819346052037e-01	   3.6883219279583740e-01	   4.3305723608784591e-01	   3.2441570436684158e-01	   4.0475175448793910e-01	   4.5084509469609013e-01	   2.2675198462253149e-01	   5.6577700171112688e-01	   6.0158762960494605e-01	   3.5787621517685941e-01	   5.2006141424060759e-01	   6.1165563196325068e-01	   6.9373952696926955e-01	   6.0791162845525526e-01	   2.1775930080964356e-01	   6.1621094780097274e-01	   4.8937310695061242e-01	   2.8291152758649502e-01	   3.6042834794131473e-01	   4.2124162438803159e-01	   4.4647258610048990e-01	   4.0935683147231461e-01	   4.8763903938694186e-01	   6.2206882123413965e-01	   5.4231387418150456e-01	   5.0542200517989333e-01	   5.0802588310189889e-01	   6.0329448843974176e-01	   5.2754725296620442e-01	   3.9930577896587494e-01	   2.0167760086749642e-01	   3.7785402882839803e-01	   2.8871701087387291e-01	
   2.1733652940880338e-01	   3.6468350919261916e-01	   2.6551678095195996e-01	   2.9447371351577678e-01	   9.3999382926940336e-02	   1.3749525526654738e-01	   1.0755236330362818e-01	   2.0899183107547090e-01	   1.0095869235980176e-01	   3.2910613913924347e-01	   3.4952088024620236e-02	   3.6613466978577858e-01	   1.5570581942746345e-01	   1.8338249734931092e-01	   3.0156963254666297e-01	   4.0135981173179064e-01	   0.0000000000000000e+00	   6.6978161176258777e-01	   3.1808095113087270e-01	   3.6822492526112617e-02	   3.0677943593987655e-01	   3.0557333727023017e-01	   2.4493185152400898e-01	   3.2774041704077211e-01	   3.8290531587126653e-01	   3.8210111999115182e-01	   2.3483157051574388e-02	   1.5866984532500522e-01	   7.0975407767460630e-01	   5.0890518995473599e-01	   6.9218001922401395e-01	   4.2650047501113197e-01	   3.2023012033730458e-01	   3.4636546810065760e-01	   3.5619311871365733e-01	   3.4781427250578689e-01	   6.3799119316185327e-01	   3.5929366317440237e-01	   6.9396863947339460e-02	   3.5101590808956196e-01	  -2.4964114668808775e-02	   2.4420489726772537e-01	   6.2088961058928838e-01	   6.1205514188504706e-01	   6.3471031365391384e-01	   4.6115773634995127e-01	   4.8856442797903887e-01	   4.9907792670046780e-01	   5.7239209574073713e-01	   3.4626635903741154e-01	   4.8645634441132446e-01	   3.2910326513419519e-01	   3.8347691111043342e-01	   5.5390257905748141e-01	   1.0570342158242514e-01	   2.4713434928976713e-01	   5.7955391188244842e-01	   4.4344311698421335e-01	   4.8038548333146636e-02	   6.9447400380873686e-02	   3.2237323845698829e-01	   1.7632403389281792e-02	   6.9880888377014760e-01	   3.5355742695991904e-01	   3.4060657952284507e-01	   1.1226468479273652e-01	   1.2037827619678108e-01	   1.7494171079374066e-01	   6.1886070992350362e-01	   4.3315035105541011e-01	   5.9973299051133988e-01	   2.9983017274250918e-02	   5.0850570994684352e-01	   3.6249323320421750e-01	   4.0822870349747176e-01	   4.0437516581694621e-01	   4.7799636272424539e-01	   4.9597431687797289e-01	   7.6404574452436935e-01	   5.4521937296546252e-01	   7.2037558239689892e-01	   5.9962299005388331e-01	   7.0489878583953156e-02	   2.9885097112404757e-01	   2.4864732831842726e-01	   3.1021463856810561e-01	   5.0147208811384125e-02	  -2.0184611994581714e-01	  -2.9981008018973680e-03	   2.3856798900790716e-01	
