   0.0000000000000000e+00	   6.1612071451407424e-01	   6.8928261774674082e-01	   6.5662646959594873e-01	  -5.1784389644143489e-02	   3.5807811156073344e-01	   7.3050094315818825e-01	   5.7902410185431985e-01	  -1.8053354922219950e-01	   5.2723468114050598e-01	   5.4497203064555766e-01	   6.0931896116065154e-01	   5.8545674156390715e-01	   6.5705390966463983e-01	   1.9936615329621588e-01	   6.6771153342090250e-01	   6.2628200538916445e-01	   4.1732996076528817e-01	   8.3510141147595474e-01	   8.2675815737224112e-01	   6.4299206035667300e-01	   5.5473390300541603e-01	   5.9447709336041865e-01	   6.4729634207813624e-01	   2.3776713557354068e-01	   4.6087671459880258e-01	   2.9645682522826761e-01	   1.8273229814473602e-01	   8.7897357165760037e-01	   5.3142153559391303e-01	   6.1890100213474364e-01	   6.0017296964733347e-01	   7.8024011440231056e-01	   8.0536270434971247e-01	   3.7215335281907425e-01	   6.1989606640394168e-01	   2.8245794142294245e-01	   5.9345181046246331e-01	   6.4567079801696514e-01	   6.9522340718408637e-01	   6.3448476115264407e-01	   7.1077608355713418e-01	   4.8505445066076858e-01	   4.4554076302289730e-01	   1.9175211717170754e-01	   3.6680521138833022e-01	   4.9993183882059578e-01	   5.5998052921107599e-01	   3.7786350573378669e-01	   4.5831640014960467e-01	   5.9828026097120313e-01	   5.6669850581257242e-01	   3.9899549958896147e-01	   5.8474838005690144e-01	   5.6779209093199023e-01	   6.9247094124569686e-01	   7.5898127143378447e-01	   4.6528789622767552e-01	   6.4245496165953098e-01	  -2.5621580754506273e-01	   8.2450315802623830e-01	   4.2346206042626677e-01	   6.4488198045791267e-01	   6.4066695396853912e-01	   3.9001611365373512e-01	   4.7801132582186390e-01	   6.0947094158417525e-01	   5.6485214649324555e-01	   7.9575405450359127e-01	   4.5021179695494334e-01	   1.6350691925767558e-01	   4.6452978567322600e-01	   6.7573710526731712e-01	   7.5710723031705185e-01	   6.0811513174602438e-01	   7.9433922923591949e-01	   6.5439601314923768e-01	   7.0752081695867652e-01	   5.5524608550081500e-01	   4.4976846436851425e-01	   7.6642197010418012e-01	   8.5139021732027320e-01	   5.3093131076675526e-01	   7.8387513928624564e-01	   5.3099672071871318e-01	   7.4068425914083535e-01	   5.3418794115788604e-01	   6.2557381403412982e-01	   2.5483832520529437e-01	   7.7419799227100095e-01	
   6.1612071451407424e-01	   0.0000000000000000e+00	   5.8447304961045099e-01	   7.5570594353425236e-01	  -1.7630770709727650e-01	   3.3458813793174813e-01	   4.8828917664127830e-01	   7.2496316938624639e-01	  -2.5074413152385316e-01	   2.9573510757318722e-01	   5.1184809241494544e-01	   6.9601522470582244e-01	   4.9993283678399048e-01	   6.0868219828205028e-01	   2.1048016510606354e-01	   4.9450290046614193e-01	   2.3598324904622289e-01	   8.2945108828592129e-01	   8.1438290515556289e-01	   8.5813731597204190e-01	   4.4037844223224532e-01	   6.0803275543451196e-01	   6.5212036479372948e-01	   6.8588802566416884e-01	   3.6796631373359201e-01	   4.6438898947542118e-01	   4.0666382168412191e-01	   2.3608275529127848e-01	   4.4143515778716513e-01	   8.1848350602584929e-01	   7.0289413832544012e-01	   5.8588649516616909e-01	   7.6986825522242253e-01	   7.8845483820203088e-01	   4.6765947093194954e-01	   6.4330816403369739e-01	  -1.0369932983471426e-01	   6.4286717435179042e-01	   5.8731397386150697e-01	   6.3672674420699704e-01	   4.5851501228757596e-01	   8.2155553538797288e-01	   5.0112148195511663e-01	   5.3365471968659683e-01	   2.8049721692251417e-01	   5.5533849500163934e-01	   6.3795225836610492e-01	   5.5074794104126856e-01	   4.4008685766492411e-01	   5.3383495876222387e-01	   6.0648344922635045e-01	   4.9377154305566989e-01	   6.0825210589634815e-01	   5.5360124388906684e-01	   6.2216332296937638e-01	   3.5862054361912565e-01	   1.6605131790245814e-01	   8.7322712573486683e-01	   3.4006609700626772e-01	  -1.3094987801885874e-01	   5.3580434389768239e-01	   5.5761646651438079e-01	   3.2741004875670593e-01	   5.9553241819706293e-01	   4.5337323431100751e-01	   4.5378529807105561e-01	   6.3123012682620261e-01	   6.2516667997258812e-01	   8.2932162844434076e-01	   5.2674188580596404e-01	   5.8838503995083369e-01	   2.2722981309421666e-01	   6.3563147846314738e-01	   7.0922361916384391e-01	   6.9058979345440930e-01	   5.0930795903244608e-01	   7.4380097655555277e-01	   6.4010718508103348e-01	   3.3489509044768762e-01	   6.6779287009648547e-01	   7.6701624056136786e-01	   7.8453611024371372e-01	   6.9768668923737642e-01	   4.9598624491660975e-01	   7.4977110769491628e-01	   7.8275639366768746e-01	   6.6089388404247207e-01	   2.4081402320377288e-01	   7.2219385505291445e-01	   4.6840748979614355e-01	
   6.8928261774674082e-01	   5.8447304961045099e-01	   0.0000000000000000e+00	   8.7561897052373294e-01	   1.1865416493204360e-01	   3.4966190056039187e-01	   9.1797863577488947e-01	   7.3655753096209109e-01	  -3.7693660444832418e-02	   5.9523532212875230e-01	   6.2015021406612481e-01	   5.4274825019392814e-01	   5.4606951448036534e-01	   7.4702502865652098e-01	   1.5295468577014559e-01	   6.5628972254279749e-01	   1.8098243629180940e-02	   3.4960451574880930e-01	   6.8057691917154806e-01	   7.0113610160638551e-01	   4.5593727951474688e-01	   4.3405644959153106e-01	   9.4411876416887441e-01	   9.2695593296194057e-01	   5.9966638748818524e-01	   7.1594306793782703e-01	   3.9262044777813643e-01	   1.7722406255466377e-01	   4.6241251090743474e-01	   3.6629792848878950e-01	   6.6780859002330484e-01	   6.5135792936758274e-01	   7.0583018630015415e-01	   6.7110901487740293e-01	   7.5772792955689505e-01	   8.2717739748388197e-01	   1.2562748789339884e-01	   6.7238802539774334e-01	   7.5369147520559743e-01	   8.3711626772677128e-01	   4.6115719028200453e-01	   6.2161661964860637e-01	   7.5208591826213012e-01	   6.3703476913800627e-01	   6.1380702784402552e-01	   6.3249049196818652e-01	   8.1935209906889317e-01	   7.7290676547542014e-01	   6.5535553986382422e-01	   6.2681483606397403e-01	   7.6985282018203915e-01	   6.4490630629774881e-01	   6.5169991233799152e-01	   7.2491294903804238e-01	   7.7655018664852982e-01	   6.9757807875928834e-01	   2.7022271717318136e-01	   3.6386943207547995e-01	   3.4255242038244277e-01	  -5.2360835644608839e-01	   6.2813919080077185e-01	   1.8657720396658595e-01	   1.9154738449887462e-01	   3.3831115180642224e-01	   6.3676464607457128e-01	   5.4185289610928911e-01	   7.8953075381972748e-01	   7.6330306943206971e-01	   6.8529618883791710e-01	   4.3972199147824942e-01	   1.1281817791042970e-01	   5.4531839145720484e-01	   3.8818725515487007e-01	   5.1160279469173653e-01	   4.0956566408015671e-01	   5.9450775548354551e-01	   7.0920161796547321e-01	   7.7599591880393159e-01	   2.4752170533847723e-01	   3.5843382492831943e-01	   4.9972578700775594e-01	   6.3592258222771414e-01	   3.6229306334950051e-01	   7.1131344087062609e-01	   5.1163726980844904e-01	   7.3478882060457140e-01	   4.5044932299513341e-01	   4.8288809823305701e-01	   6.1753918624274573e-01	   8.7801283887338455e-01	
   6.5662646959594873e-01	   7.5570594353425236e-01	   8.7561897052373294e-01	   0.0000000000000000e+00	  -2.5429750903344928e-01	   2.3964564442341435e-01	   8.8341741431511567e-01	   9.4690928015504572e-01	  -3.8996583770919929e-01	   5.2585969830301083e-01	   7.2359222657624156e-01	   7.8636747934305062e-01	   7.1422219064500947e-01	   8.8899780055412836e-01	   7.7265446599048507e-02	   7.8011360256080842e-01	   6.1522596160397791e-02	   5.4368867119417974e-01	   8.1510662144415491e-01	   8.4618586520431816e-01	   3.3931560203072109e-01	   4.5327598607676650e-01	   9.2015796814165096e-01	   9.6444670411446909e-01	   3.3703212406206623e-01	   5.5757691422982369e-01	   2.0328076417699326e-01	  -4.1094885299974682e-02	   4.3365676735862535e-01	   6.3581352212501496e-01	   6.3699450491612120e-01	   5.6927638889879029e-01	   8.0892248504903286e-01	   8.0030939772191445e-01	   6.4072154829731576e-01	   8.2303400000831495e-01	  -4.4241036518723673e-02	   7.6017101080492488e-01	   7.0996224400990016e-01	   8.3373291201551136e-01	   4.3625119152782410e-01	   7.8130572083660899e-01	   7.0919891604189478e-01	   6.1253497722204997e-01	   5.0872085456431260e-01	   5.9887869374035474e-01	   8.3310048402002379e-01	   7.6707278716509286e-01	   6.5112963382963462e-01	   6.4359705709872450e-01	   8.0547492293780043e-01	   7.0585537790560893e-01	   7.2408228925471230e-01	   7.4529049824467941e-01	   8.5559615007452905e-01	   6.6058616199072739e-01	   1.1278915989679754e-01	   5.2342806101260364e-01	   2.6840175910610042e-01	  -5.1583389790719925e-01	   6.2412205993477976e-01	   4.6132748996390510e-01	   2.9941165743180326e-01	   5.6270823786264856e-01	   5.6971775814347336e-01	   6.2449270986976746e-01	   7.4895586944492731e-01	   7.5937188180980120e-01	   7.8076163432153534e-01	   4.0881048015289734e-01	   3.5594403705566269e-01	   2.4800154161287091e-01	   4.3459740969165728e-01	   6.2217826272840959e-01	   5.8476814746491401e-01	   6.4466274830144310e-01	   8.6435353988009211e-01	   8.3377638297430323e-01	   1.5826282082475279e-01	   4.3450129205220955e-01	   6.2114812565380517e-01	   6.9473178281250769e-01	   5.0943697727334325e-01	   6.8891109078288204e-01	   6.9425756625199297e-01	   8.3497421671452732e-01	   5.6892087062520780e-01	   4.0879215018721199e-01	   7.7723273590138775e-01	   8.3084121116977727e-01	
  -5.1784389644143489e-02	  -1.7630770709727650e-01	   1.1865416493204360e-01	  -2.5429750903344928e-01	   0.0000000000000000e+00	   5.4713120131298032e-01	  -1.2105402049137300e-01	  -4.0269487551274347e-01	   9.4639174405997195e-01	   2.3238393267857038e-01	  -2.6579239907430535e-01	  -4.3135604164503838e-01	  -4.3244597633547988e-01	  -3.6494007080305180e-01	   3.8725506886460209e-01	  -3.0387341857460110e-01	  -1.6144906465475101e-01	  -2.4247889850349907e-01	  -2.9836098905323666e-01	  -3.0595956407913955e-01	   2.3547733443827948e-01	  -3.0946298198862500e-02	  -6.1858408924950870e-02	  -1.5124383680733156e-01	   7.0962795262841238e-01	   4.7141168401924388e-01	   6.4876326195396461e-01	   7.4777209019493873e-01	  -2.2433922966530989e-02	  -4.2367067844490208e-01	   1.2337803048352278e-01	   2.9166308568641963e-01	  -2.8102564367728400e-01	  -2.6557817948561974e-01	   1.4040463125122166e-01	   8.1821470563981247e-03	   2.8593882759406197e-01	  -2.7617387306695740e-01	  -4.4150262464701197e-02	  -8.5993885537494166e-02	  -3.2804798139526657e-02	  -2.7741074122166226e-01	   5.5861973373868314e-02	   6.3124232264226046e-02	   2.2765800360132263e-01	   1.2049032054794220e-01	  -2.3414990959874114e-02	  -2.8492943489270312e-02	  -1.4470596617360159e-03	   3.0632779608672122e-02	  -2.1981003047001899e-01	  -2.3728878185192934e-01	  -1.7878096240699429e-01	  -1.4125310314552120e-01	  -3.3191487505159506e-01	  -2.0575618286387579e-01	   1.8110878683284953e-01	  -1.2334663718447558e-01	   1.0857311454716928e-01	   2.4452445427616767e-01	  -1.0866562536203017e-01	  -2.7701042104577367e-01	  -3.7335566617523008e-01	  -3.7587456474540126e-01	   9.5513042240132698e-02	  -1.1388164443564925e-02	  -9.4048810363814832e-03	   1.4909546028969951e-02	  -2.1601872362331975e-01	   5.7789228698748495e-02	  -2.5441769064321346e-01	   5.7871570798038396e-01	  -5.7201539418041212e-03	  -2.0040753855779286e-01	  -2.5713605231361070e-01	  -2.8186240509151855e-01	  -3.9506399258339864e-01	  -2.6402904297299945e-01	   1.5690521315820885e-01	   1.0985202169649348e-01	  -2.1881377624340526e-01	  -1.1076433371343514e-01	  -2.3039149592067051e-01	  -7.5405590216764485e-03	  -2.8284145560876961e-01	  -2.1317770915012424e-01	  -2.5792342372094457e-01	  -4.2554676163033732e-02	  -2.8835155943554275e-01	  -6.9763322445031500e-02	
   3.5807811156073344e-01	   3.3458813793174813e-01	   3.4966190056039187e-01	   2.3964564442341435e-01	   5.4713120131298032e-01	   0.0000000000000000e+00	   1.7333648335142443e-01	   1.0286187488671604e-01	   4.3108795621584128e-01	   7.0207881940897776e-01	   1.9124440532009432e-01	  -2.4979139000776739e-03	   1.2736657164971485e-01	   1.1616512538948325e-01	   5.6756045812742228e-01	   2.6023621406465081e-01	   1.7049192487950951e-01	   2.1691723561048190e-01	   3.0974830432507289e-01	   2.6090822354256543e-01	   4.6020491114120110e-01	   3.0808175004198873e-01	   2.8270141556708633e-01	   2.4568387815458256e-01	   6.5422773361933051e-01	   5.7979197566175222e-01	   8.3426662291786591e-01	   8.0742363346464530e-01	   3.5517550474685911e-01	   1.5075621780705478e-01	   5.9037854237001897e-01	   6.6776974109068776e-01	   2.8506212300064948e-01	   2.9781030935350328e-01	   3.4533141209347296e-01	   4.3822578738956275e-01	   3.2487015514507495e-01	   1.5910791813725914e-01	   3.8659227092644471e-01	   4.1551574897699051e-01	   3.1398686671562193e-01	   3.6134280921853845e-01	   2.7859783123017101e-01	   4.1420669701909507e-01	   1.7660660815026444e-01	   3.0014349136154123e-01	   2.9766668642336758e-01	   2.4389610519013269e-01	   9.6202131921538508e-02	   9.6048648586838148e-02	   5.5473752775093157e-02	  -8.8805895536636661e-02	  -5.4420584831486929e-02	   2.7580734699749414e-02	   1.0188623480524295e-02	   2.8066678496620600e-02	   3.3610245376278047e-01	   3.1408667571098287e-01	   4.4027956478829544e-01	   1.9796201213225789e-01	   3.1402118307947552e-01	   3.1516064379318881e-01	   3.2829359098880517e-02	   3.6085014804984820e-02	   4.1551557951075635e-01	   4.2501118533299853e-01	   4.1438442604945142e-01	   3.7004588807456762e-01	   3.1007315333662777e-01	   2.1492118313388869e-01	   2.2257493386840621e-01	   5.9275668144537907e-01	   4.8240220180866811e-01	   3.8806646296691383e-01	   3.2366591543795054e-01	   1.9767217553795652e-01	   1.4329752194119727e-01	   1.7127257864417558e-01	   3.8307208422891992e-01	   5.0490855544555002e-01	   3.3262582934419033e-01	   3.4844669026627395e-01	   4.0359481403457270e-01	   4.0635546884697982e-01	   3.0354529608517533e-01	   2.8328251578774771e-01	   2.5163605891406138e-01	   1.6901919689946088e-01	   9.9293867352350865e-02	   2.3702829204226986e-01	
   7.3050094315818825e-01	   4.8828917664127830e-01	   9.1797863577488947e-01	   8.8341741431511567e-01	  -1.2105402049137300e-01	   1.7333648335142443e-01	   0.0000000000000000e+00	   8.0614382864205558e-01	  -2.7582569077413083e-01	   5.9434387610153294e-01	   6.6811412662827152e-01	   6.4822170137402613e-01	   6.7414043416062996e-01	   8.5136421953398755e-01	  -8.9818344499960952e-03	   7.6186525060750132e-01	   1.1590836433664740e-01	   2.3629668229147455e-01	   6.9417701921810193e-01	   7.1458386378463601e-01	   3.3902718868431481e-01	   3.2184041298488103e-01	   8.6301931576492352e-01	   8.9224279631032288e-01	   2.9294661954700113e-01	   5.4106746265944561e-01	   1.0792719151872157e-01	  -9.1367060876465206e-02	   5.2217595583824106e-01	   3.6547745131836362e-01	   4.9033834372851104e-01	   4.6856082645270836e-01	   6.8877905174088061e-01	   6.7826046459731959e-01	   5.8240752435890086e-01	   7.4321928827676165e-01	   7.0209531079459375e-02	   6.4415183212902039e-01	   6.5489923080630430e-01	   7.6825604223967092e-01	   4.5341519972382033e-01	   5.8213426109242761e-01	   7.0914310699668714e-01	   5.5204132500339775e-01	   5.0420142349366504e-01	   5.2391976461739476e-01	   7.5736309314507422e-01	   7.6178450811707421e-01	   6.5857926865961658e-01	   6.2354159015268329e-01	   8.0571745119094262e-01	   7.4088506319635994e-01	   6.2849998453377687e-01	   7.6269618269814565e-01	   7.9879846686194167e-01	   8.0157225653688680e-01	   3.0104194880833501e-01	   2.3363742013542194e-01	   3.2163424287271725e-01	  -6.4157009218704886e-01	   6.9441198141749660e-01	   2.3857801052567223e-01	   3.2818640902000351e-01	   4.5461425774101449e-01	   5.1108135470706628e-01	   5.2933036030498326e-01	   7.0036509199782249e-01	   7.0103352845146194e-01	   6.5585964571222544e-01	   3.5122789612049254e-01	   6.7745945380074724e-02	   3.7574657934214495e-01	   3.4063301734582091e-01	   5.1645296427488152e-01	   4.3058284848510303e-01	   6.9865087074734533e-01	   7.4123591852573922e-01	   8.1323824331712458e-01	   1.7589843810937061e-01	   2.2980278628330431e-01	   4.5991953728813517e-01	   5.9775499782581043e-01	   2.6095802080340924e-01	   7.0411597785474767e-01	   4.5289058967345186e-01	   6.9577039842789934e-01	   3.5333762071464436e-01	   4.8014640537840064e-01	   5.2632516384197214e-01	   9.4109315076854616e-01	
   5.7902410185431985e-01	   7.2496316938624639e-01	   7.3655753096209109e-01	   9.4690928015504572e-01	  -4.0269487551274347e-01	   1.0286187488671604e-01	   8.0614382864205558e-01	   0.0000000000000000e+00	  -5.3202335601452355e-01	   4.0062019511101576e-01	   6.5990486350249844e-01	   8.4151745466052930e-01	   6.7674831355994136e-01	   8.6642807879576833e-01	  -7.8764350117727602e-02	   7.1904205534296595e-01	   5.9597676250840642e-02	   5.7577328723981513e-01	   7.6345135767426697e-01	   8.0652512617380845e-01	   1.5806279171207996e-01	   3.5157856229364781e-01	   7.9436897756406588e-01	   8.8021876699388002e-01	   1.5176298461619522e-01	   4.5884996252285104e-01	   1.4528482089412788e-02	  -2.0663725868919375e-01	   3.9392934942608404e-01	   7.2005296731957191e-01	   5.0187655019075406e-01	   3.9554984432701040e-01	   7.4551210333942575e-01	   7.6176700865808822e-01	   4.2961164382435696e-01	   6.7833044886115534e-01	  -2.1352799060215150e-01	   7.0083858153860046e-01	   5.5546229558866733e-01	   7.0703215359589422e-01	   3.5214633522101429e-01	   7.2406789588497833e-01	   6.4941752384647444e-01	   5.4983771557919714e-01	   4.5263668412279767e-01	   5.4472953874093544e-01	   7.8276603994246541e-01	   7.1161397938541127e-01	   6.4112053324498719e-01	   6.4520699202914966e-01	   7.7551800800086790e-01	   7.4152521743108168e-01	   7.4869860214915251e-01	   7.1636680259403507e-01	   8.2903562729842761e-01	   6.2556745759106913e-01	   1.0783408543739353e-02	   4.9794679986077817e-01	   1.0277373153483843e-01	  -5.5157390623328562e-01	   5.0726374124972018e-01	   5.0280755463761462e-01	   2.9626202338623098e-01	   6.5293497965265623e-01	   3.9392721341248282e-01	   5.1786202659837866e-01	   5.9180468975041989e-01	   6.5385941818455406e-01	   6.9682302732410939e-01	   3.0546730936464639e-01	   4.3511255770580209e-01	   3.2009125990360043e-02	   3.9125926948314249e-01	   5.7097354149555468e-01	   5.7386665008630489e-01	   5.4105406035673975e-01	   8.1819278570943932e-01	   7.6323283042155188e-01	   6.5250664573415010e-02	   4.0096271015478147e-01	   5.8377281359005528e-01	   6.4138248348178450e-01	   4.4416853185119343e-01	   5.5787323531640332e-01	   6.8562558686035180e-01	   7.9290314289652675e-01	   4.6110128602315131e-01	   2.5238290231413646e-01	   7.5151918380549487e-01	   7.0712425704921134e-01	
  -1.8053354922219950e-01	  -2.5074413152385316e-01	  -3.7693660444832418e-02	  -3.8996583770919929e-01	   9.4639174405997195e-01	   4.3108795621584128e-01	  -2.7582569077413083e-01	  -5.3202335601452355e-01	   0.0000000000000000e+00	   9.8349958153091666e-02	  -3.1846876673131419e-01	  -5.0795890985619785e-01	  -4.9189326028403901e-01	  -4.7106603738975483e-01	   4.6182492101470807e-01	  -4.1214905267798230e-01	  -1.8810648841463889e-01	  -3.2191931400262175e-01	  -3.8623401640569466e-01	  -3.9519786894144948e-01	   2.4505380717072656e-01	  -1.7615199387315757e-02	  -1.8899442539762776e-01	  -2.7768507480303045e-01	   6.0730409235546090e-01	   3.0043041888048222e-01	   6.0091928494313085e-01	   7.3508662969052319e-01	  -1.2281423365460439e-01	  -5.0711395314002505e-01	   4.5965462723499398e-02	   2.2107610370380129e-01	  -3.6706907051469506e-01	  -3.6451915090847298e-01	   9.9522138154489709e-02	  -9.2989363230454647e-02	   3.0971447872870173e-01	  -3.6560147189525272e-01	  -1.0187235898292092e-01	  -1.7938381631648648e-01	  -6.8910268587569337e-02	  -3.4450077621610653e-01	  -8.5146699513279731e-02	  -5.8499284244318134e-02	   1.2087635323979345e-01	   4.5588754008877942e-02	  -1.6555808868616573e-01	  -1.6281389796616583e-01	  -1.0139717669172774e-01	  -6.3049687415942163e-02	  -3.0536240693682037e-01	  -3.3740531792254680e-01	  -2.5862188345778520e-01	  -2.4048816637166076e-01	  -4.0481605412167299e-01	  -3.2049516460854310e-01	   1.3134249397136305e-01	  -1.4258805061865149e-01	   1.4536087568255152e-01	   4.2444573994420398e-01	  -1.6284820470313752e-01	  -3.1838800281947527e-01	  -3.7928918648567000e-01	  -4.9715549971358619e-01	   4.7333644498104184e-02	  -6.1655653292165172e-02	  -4.7978293627048064e-02	  -4.6744882698926578e-02	  -2.6885234841026351e-01	   5.1006703593274708e-02	  -2.8066319895488800e-01	   5.2250062486241733e-01	  -6.6061359741101028e-02	  -2.4966624963418288e-01	  -2.8817610678589067e-01	  -3.2906458967358071e-01	  -4.7078306428376365e-01	  -3.6429562840228696e-01	   1.2143789713147093e-01	   3.3051538042905289e-02	  -2.7860731976250591e-01	  -2.2420922314341579e-01	  -2.1456401627726440e-01	  -9.2220000219049025e-02	  -3.4803386701279160e-01	  -3.3378650382586800e-01	  -2.1696025119906323e-01	  -3.4382831006427479e-02	  -3.4139774035461146e-01	  -1.9260459854163220e-01	
   5.2723468114050598e-01	   2.9573510757318722e-01	   5.9523532212875230e-01	   5.2585969830301083e-01	   2.3238393267857038e-01	   7.0207881940897776e-01	   5.9434387610153294e-01	   4.0062019511101576e-01	   9.8349958153091666e-02	   0.0000000000000000e+00	   4.7245719834562871e-01	   2.5767018082274729e-01	   4.9125579822536658e-01	   5.3027541100209719e-01	   3.7475895966358841e-01	   6.4350674002168107e-01	   1.0448098138895007e-01	   9.5083018102003078e-02	   4.2892227346885520e-01	   4.0857413881077742e-01	   4.6718534562067726e-01	   3.4816315045840279e-01	   5.2585420284768658e-01	   5.1204336514804427e-01	   4.1687445321688327e-01	   4.7829780818384765e-01	   5.1189487910109865e-01	   4.2600802833451212e-01	   3.8136558559195466e-01	   1.0618130911958051e-01	   4.3884659772939516e-01	   5.1644925150889398e-01	   3.9969513191212636e-01	   4.1205647248680394e-01	   4.6720072155830350e-01	   6.0905555260532107e-01	   3.4512453287013156e-01	   3.7651637790073794e-01	   5.3458482923945538e-01	   6.1836830443274393e-01	   4.5761481612037802e-01	   4.2286985875072758e-01	   4.4456178205976682e-01	   4.6671026323323822e-01	   3.0637745930182003e-01	   3.8821353110557782e-01	   4.7051857202068548e-01	   4.7698991333105395e-01	   3.5112316886430306e-01	   2.8294362774281068e-01	   3.9161088840727665e-01	   2.7221258464991938e-01	   1.7271445413771719e-01	   3.4798082865108954e-01	   3.7993406229055904e-01	   4.2788675274607868e-01	   3.5673216024736276e-01	   1.1494423622611072e-01	   4.9103736162894795e-01	  -1.7822516578541384e-01	   5.5005108762096822e-01	   2.9566054838527850e-01	   1.1928362682582502e-01	   1.0641182792401735e-01	   5.0360861931517897e-01	   5.2566210682534276e-01	   5.9056345390553444e-01	   5.6291220499103045e-01	   4.1389202644536710e-01	   2.0327573727581194e-01	   1.4461440930860403e-01	   5.6179550106404652e-01	   4.3940845751651592e-01	   4.6201524620016821e-01	   4.1060258426867891e-01	   4.9995959997208778e-01	   4.1658657445045721e-01	   4.7968243701686741e-01	   2.4528932952718663e-01	   3.5922148679904220e-01	   2.7992146191791034e-01	   3.5419245763909391e-01	   2.6037604297918759e-01	   5.6368243137195295e-01	   3.3272316532352542e-01	   3.8166688789401360e-01	   2.2258581113931442e-01	   3.1691203209306962e-01	   2.3695766256384387e-01	   5.9676370529389877e-01	
   5.4497203064555766e-01	   5.1184809241494544e-01	   6.2015021406612481e-01	   7.2359222657624156e-01	  -2.6579239907430535e-01	   1.9124440532009432e-01	   6.6811412662827152e-01	   6.5990486350249844e-01	  -3.1846876673131419e-01	   4.7245719834562871e-01	   0.0000000000000000e+00	   7.1557760894553613e-01	   8.8870266304348466e-01	   8.0250528212168271e-01	   4.5658153622409375e-01	   7.9220419155037514e-01	   1.7153553772586014e-01	   3.7096077927775817e-01	   7.1024902622380393e-01	   6.5170388793410805e-01	   3.1767254521917887e-01	   3.4981227439680018e-01	   7.4512785868945697e-01	   7.1865604990495979e-01	   1.4537116973246292e-01	   2.7917949301199524e-01	   2.5276400178901237e-01	   6.2553913071099698e-02	   4.1978797638316234e-01	   4.9943703882814683e-01	   6.3036651279991085e-01	   5.6760448309181188e-01	   7.2282933227069224e-01	   7.0285600613780663e-01	   5.4395376753037494e-01	   6.2669642633607570e-01	   1.3421572265756293e-01	   5.7734002288989639e-01	   6.5318583356078164e-01	   6.8897711210760970e-01	   3.8987977554306830e-01	   6.7065964451741045e-01	   3.5986999298989486e-01	   2.9784469269868846e-01	   1.4796018128900565e-01	   2.2357477212038512e-01	   4.5206753317470749e-01	   3.8303067394062373e-01	   3.0978059750095205e-01	   2.9330943627495792e-01	   6.1844737691321772e-01	   3.6550058139433206e-01	   3.4032541048706783e-01	   3.6783816246183837e-01	   6.0492747226743382e-01	   4.0468837553028220e-01	   1.0194174195659433e-01	   3.9911759535483782e-01	   3.6066538750716903e-01	  -2.5059398418716300e-01	   7.0419554151934394e-01	   5.9209426054286629e-01	   4.4939056587486326e-01	   4.6275931792771102e-01	   7.1156984463742312e-01	   7.0182020381749999e-01	   6.5005102604095510e-01	   4.4518040738608133e-01	   6.0556600094049107e-01	   1.8821154096325696e-01	   3.0620893076302108e-01	   1.5893178802907673e-01	   4.7144307160818394e-01	   5.6112199061049273e-01	   6.2630166256668929e-01	   6.5451840234797665e-01	   7.4974667420768859e-01	   7.3529682023561294e-01	   1.7603241643879791e-01	   3.0751589029438409e-01	   5.3633869879898155e-01	   5.3894575504074793e-01	   6.1215673025500295e-01	   6.0433654882200649e-01	   6.8246435397528338e-01	   6.2333311372016187e-01	   5.6050193062655218e-01	   3.4760644970950932e-01	   6.6547924916464507e-01	   7.0384954338251116e-01	
   6.0931896116065154e-01	   6.9601522470582244e-01	   5.4274825019392814e-01	   7.8636747934305062e-01	  -4.3135604164503838e-01	  -2.4979139000776739e-03	   6.4822170137402613e-01	   8.4151745466052930e-01	  -5.0795890985619785e-01	   2.5767018082274729e-01	   7.1557760894553613e-01	   0.0000000000000000e+00	   7.7712234861570162e-01	   8.5649644161144733e-01	   1.1775907218477299e-01	   7.5731721208678882e-01	   2.8170418854708495e-01	   6.2810708350522770e-01	   7.9301204692359017e-01	   8.1010560303855872e-01	   1.7231216512795999e-01	   3.5675828190687009e-01	   6.3788965876683079e-01	   6.9603282223371299e-01	  -5.8651411928471800e-03	   2.5863335065184279e-01	  -3.3625802145060451e-04	  -1.6714255658530480e-01	   4.7497559271448625e-01	   7.4911638136066150e-01	   4.4319034784097788e-01	   3.5827742763930159e-01	   7.5839317265775197e-01	   8.0529423305177605e-01	   3.0559566878035593e-01	   5.0545670453321567e-01	  -1.0833202344030872e-01	   6.5508050652317595e-01	   5.2173149251562267e-01	   6.0000590211968696e-01	   4.1423301418478553e-01	   7.4526816433377796e-01	   4.7441266576324215e-01	   3.7161031752578733e-01	   2.7663790125654186e-01	   3.8486362862085388e-01	   5.9429553606683361e-01	   5.3163532249787027e-01	   4.5727724403766751e-01	   5.4154798692209349e-01	   7.1603661265699492e-01	   6.6295734703793952e-01	   6.0345741633209127e-01	   6.0456827763907528e-01	   6.9878804804040207e-01	   5.4535286498152802e-01	   8.3055679333094684e-02	   5.3147195791282287e-01	   2.4482982598746986e-01	  -3.3941207651724969e-01	   6.2424099422710011e-01	   6.5898310909534441e-01	   4.9787900954748260e-01	   7.8714369041499976e-01	   3.6865079668971723e-01	   5.3690348693875045e-01	   4.7666148969934491e-01	   4.6136049712462213e-01	   7.2672024713980665e-01	   3.0032962558763143e-01	   4.6473367291201367e-01	  -3.7597742053902070e-03	   4.7477370852416201e-01	   6.2776358469614857e-01	   6.6963669918079527e-01	   6.1230401717416649e-01	   7.7232060716679052e-01	   7.3587662301706069e-01	   9.3059410778097068e-02	   3.3852677338996406e-01	   6.5158573689771493e-01	   6.9491909934315754e-01	   5.0017805827216910e-01	   5.5874924734779263e-01	   6.2899112569698068e-01	   7.2426415007241340e-01	   4.7180569561083491e-01	   2.4894267731211145e-01	   6.3247869796382572e-01	   6.3723731519788329e-01	
   5.8545674156390715e-01	   4.9993283678399048e-01	   5.4606951448036534e-01	   7.1422219064500947e-01	  -4.3244597633547988e-01	   1.2736657164971485e-01	   6.7414043416062996e-01	   6.7674831355994136e-01	  -4.9189326028403901e-01	   4.9125579822536658e-01	   8.8870266304348466e-01	   7.7712234861570162e-01	   0.0000000000000000e+00	   8.5255300093392161e-01	   3.2190657586728622e-01	   8.8055354553296961e-01	   3.0041444671683742e-01	   4.1143941392712369e-01	   7.1899506821665293e-01	   6.9970791567284496e-01	   2.8364233947256562e-01	   3.8096756267102017e-01	   6.7140254056572835e-01	   6.6723275928543602e-01	  -2.2947638480066930e-02	   1.8821231284800061e-01	   9.1543733691779122e-02	  -9.7897613897630520e-02	   4.7905042665481568e-01	   5.1599086338790201e-01	   4.9025709227247355e-01	   4.3490007849096490e-01	   7.2766183060877077e-01	   7.2861731597714696e-01	   4.4344763486974981e-01	   5.2632961474709994e-01	   1.6226771369040793e-01	   6.2768775292994283e-01	   6.5187424263753591e-01	   6.8861284200827300e-01	   5.2098575742489839e-01	   7.2921568274129434e-01	   3.4996213724070735e-01	   3.1594481603156105e-01	   1.0834176526383552e-01	   2.0500571116391042e-01	   4.4011261617656855e-01	   4.0768984071747549e-01	   3.0745420322174322e-01	   2.8554912309834612e-01	   6.6177850970430852e-01	   4.5089243513683691e-01	   3.6322613083874311e-01	   4.3621126654895714e-01	   6.7143578763604728e-01	   5.6225940637472771e-01	   1.6227924109889716e-01	   3.6836683549449323e-01	   4.4473135105844896e-01	  -2.8233864048414237e-01	   7.7778194925285304e-01	   5.8346168884725080e-01	   5.3953083389679890e-01	   5.5315541246131172e-01	   5.7160502199838481e-01	   6.0891809051793311e-01	   6.0408713315629359e-01	   4.1646631825153207e-01	   6.7160486163727628e-01	   1.9914798371694470e-01	   2.4196253801161910e-01	   8.9335631263480098e-02	   4.8335440563182674e-01	   6.2741122626659296e-01	   6.7861671228363007e-01	   7.6287911378025974e-01	   7.5445436463609949e-01	   7.3756118283804462e-01	   9.3496568661394247e-02	   2.8177316037223915e-01	   5.5079066823734169e-01	   5.7282668813424764e-01	   5.4938440938462962e-01	   6.2859195689281500e-01	   6.1331776765940416e-01	   6.2027250570051706e-01	   5.5084789896671049e-01	   4.0392779876610907e-01	   6.0751410729138433e-01	   7.1283920862545536e-01	
   6.5705390966463983e-01	   6.0868219828205028e-01	   7.4702502865652098e-01	   8.8899780055412836e-01	  -3.6494007080305180e-01	   1.1616512538948325e-01	   8.5136421953398755e-01	   8.6642807879576833e-01	  -4.7106603738975483e-01	   5.3027541100209719e-01	   8.0250528212168271e-01	   8.5649644161144733e-01	   8.5255300093392161e-01	   0.0000000000000000e+00	   1.2244010274482091e-01	   9.1174521428887423e-01	   1.3292075044924806e-01	   4.5679435107017874e-01	   7.6765650428473897e-01	   7.7571024303042857e-01	   3.1070615636659460e-01	   4.3439608328356455e-01	   8.1744567471039964e-01	   8.3935097863162089e-01	   1.4057115941445014e-01	   3.9959076797938298e-01	   9.1819638406976406e-02	  -1.1997385671782018e-01	   4.4855128243442388e-01	   6.0077801744693815e-01	   5.1525900230258326e-01	   4.5593279095358169e-01	   8.0732577260502580e-01	   8.1677183820799570e-01	   5.5452045359111701e-01	   7.1646485903312862e-01	   8.1040450166748976e-02	   7.3285281093454535e-01	   6.9085979704519251e-01	   7.9618879740825188e-01	   4.4018526001709879e-01	   7.1943875742708163e-01	   5.9627445339136975e-01	   4.6322175568605461e-01	   3.8727366815531605e-01	   4.4770582738606807e-01	   6.8612936592287488e-01	   6.4787482080058589e-01	   5.5307361585311621e-01	   5.3992128588476340e-01	   8.4795069954831537e-01	   7.1111685512724887e-01	   6.0675098676523964e-01	   6.5119534627417952e-01	   8.4494037939062716e-01	   7.3473406514572259e-01	   1.2707687161075215e-01	   4.0692935784978423e-01	   3.0619378202596537e-01	  -5.0754104445291015e-01	   7.3412829672258517e-01	   5.3431734891381466e-01	   4.3015063131862197e-01	   5.8427832113226885e-01	   5.8733251433967126e-01	   6.4922990589511709e-01	   6.6744359703571543e-01	   6.0635594252766534e-01	   7.1453111017965121e-01	   2.8110106068238938e-01	   3.7282330978175282e-01	   1.7312786045293771e-01	   4.3495949300126480e-01	   6.2987852430712843e-01	   6.3213463517104129e-01	   7.3194402412684223e-01	   8.6761497868423532e-01	   8.7611467750718941e-01	   1.2361512511772629e-01	   2.8616064524415513e-01	   5.8346788529259530e-01	   6.5675075688707873e-01	   4.4903839905638421e-01	   6.5402356031757214e-01	   6.2386365862384552e-01	   7.4459256228186643e-01	   4.5710429648428974e-01	   3.5217300377030580e-01	   7.0603814685577104e-01	   8.4153309893246719e-01	
   1.9936615329621588e-01	   2.1048016510606354e-01	   1.5295468577014559e-01	   7.7265446599048507e-02	   3.8725506886460209e-01	   5.6756045812742228e-01	  -8.9818344499960952e-03	  -7.8764350117727602e-02	   4.6182492101470807e-01	   3.7475895966358841e-01	   4.5658153622409375e-01	   1.1775907218477299e-01	   3.2190657586728622e-01	   1.2244010274482091e-01	   0.0000000000000000e+00	   3.0846919169035347e-01	   1.5071922139078942e-01	   1.2312128216529428e-01	   2.6636517445286167e-01	   1.6703169481205277e-01	   5.4784495196722005e-01	   3.7506876351533480e-01	   2.2583797016659971e-01	   1.2029458101337537e-01	   3.9448680286941923e-01	   2.0474753222259451e-01	   7.2319101622474813e-01	   7.1295262578039853e-01	   2.4539959864378197e-01	   6.5954955213554364e-02	   5.4692224032576120e-01	   6.4031894307498749e-01	   2.5509089221458553e-01	   2.6535282864269610e-01	   3.8081594087042125e-01	   3.0556295586070981e-01	   4.6948302490465077e-01	   7.9894295490811187e-02	   3.8603231239288660e-01	   3.1161683793138417e-01	   2.4712262594787501e-01	   3.3059216644614875e-01	  -4.3641773668404729e-02	   6.7411739619261390e-02	  -3.6413527975122782e-02	   1.1381104241774556e-02	   1.0369897374849692e-02	  -3.3597243729513435e-02	  -1.4462565737808819e-01	  -8.3005760319323135e-02	   1.2928307038850098e-02	  -2.7658338496565860e-01	  -2.0023882771629203e-01	  -1.3652396420649376e-01	  -6.5659684500348717e-02	  -1.7379299116453317e-01	   2.0468162978747340e-01	   2.7026599615080821e-01	   5.2657258243744509e-01	   4.9398277511574384e-01	   3.8578310982568953e-01	   4.4093444697679218e-01	   1.4570556657741091e-01	  -2.5430752327518579e-02	   5.9164333631738819e-01	   5.6079511517346325e-01	   3.5574561278073469e-01	   1.0839989699562423e-01	   2.5871564909347500e-01	   4.7839821921264063e-02	   2.1972638164353814e-01	   4.4514295197499398e-01	   4.3959930020391980e-01	   3.6898057904318105e-01	   3.7706292309349643e-01	   2.5987363536397340e-01	   1.2512644270898082e-01	   1.2437062803454359e-01	   2.7735792984234842e-01	   3.6727595234460764e-01	   2.9809289887018331e-01	   2.1978788161194904e-01	   5.7995723596630055e-01	   4.2302531879426264e-01	   3.4817920240586642e-01	   1.3690544865702214e-01	   4.4490540419066898e-01	   2.5614113419182383e-01	   1.7018637266593184e-01	   1.6154804511532594e-01	
   6.6771153342090250e-01	   4.9450290046614193e-01	   6.5628972254279749e-01	   7.8011360256080842e-01	  -3.0387341857460110e-01	   2.6023621406465081e-01	   7.6186525060750132e-01	   7.1904205534296595e-01	  -4.1214905267798230e-01	   6.4350674002168107e-01	   7.9220419155037514e-01	   7.5731721208678882e-01	   8.8055354553296961e-01	   9.1174521428887423e-01	   3.0846919169035347e-01	   0.0000000000000000e+00	   2.8440333198908924e-01	   3.6561497774849455e-01	   7.4817643060264960e-01	   7.1882753819425171e-01	   3.7591990856427249e-01	   3.8925103415841023e-01	   7.3124432011926999e-01	   7.3162901595401020e-01	   8.3342085736026250e-02	   3.2454270587185430e-01	   1.5812856184028529e-01	  -2.1467774415239699e-02	   5.3430862698981141e-01	   5.1489719712810222e-01	   5.0958840716790399e-01	   4.9692140578938870e-01	   7.5322835145828848e-01	   7.7986210677960544e-01	   5.0355537607854961e-01	   6.7342822403677738e-01	   2.4201802836831432e-01	   6.6313214924683384e-01	   6.6088533873231836e-01	   7.6287506260760263e-01	   4.9226211577892798e-01	   7.1993266538329892e-01	   4.7094038291290025e-01	   4.3177251632376645e-01	   2.5911424366442848e-01	   3.1888954923630253e-01	   5.7317602056533878e-01	   5.7764472166483705e-01	   3.9665435253816517e-01	   3.8986025130310986e-01	   6.8930780335380826e-01	   5.3702499059707787e-01	   3.9152852346016226e-01	   5.2963347449103026e-01	   6.9253510673837626e-01	   6.6844020237363866e-01	   2.6253999575471432e-01	   3.0848205373309578e-01	   4.3148554765326336e-01	  -3.6966802113000263e-01	   7.6290824312912342e-01	   5.6319029817652688e-01	   5.1364695447916264e-01	   5.3758232361707059e-01	   5.9316682535152920e-01	   6.6960692467266503e-01	   5.9307171764094579e-01	   4.7441711875845682e-01	   6.7704434244432143e-01	   2.0582578827388717e-01	   3.1186723734199318e-01	   2.2516031622078891e-01	   5.0234605586508585e-01	   6.6044812824246857e-01	   6.4238703496788785e-01	   7.7437924582714490e-01	   7.6347280318438226e-01	   7.9591689565416857e-01	   1.5896469542736888e-01	   3.1255719038638985e-01	   5.8132219144599340e-01	   6.3674664928999580e-01	   5.0876069412686986e-01	   7.4644364060900814e-01	   5.7878154134285409e-01	   6.4526250662454232e-01	   4.7188172774135306e-01	   4.3045783187776143e-01	   5.4834324496503373e-01	   8.1162058751056287e-01	
   6.2628200538916445e-01	   2.3598324904622289e-01	   1.8098243629180940e-02	   6.1522596160397791e-02	  -1.6144906465475101e-01	   1.7049192487950951e-01	   1.1590836433664740e-01	   5.9597676250840642e-02	  -1.8810648841463889e-01	   1.0448098138895007e-01	   1.7153553772586014e-01	   2.8170418854708495e-01	   3.0041444671683742e-01	   1.3292075044924806e-01	   1.5071922139078942e-01	   2.8440333198908924e-01	   0.0000000000000000e+00	   2.2969599705373256e-01	   5.0487425556904109e-01	   4.7689879991687634e-01	   3.7326642524073045e-01	   2.3760827286495614e-01	  -4.8555980840698100e-02	   3.0520141492240815e-02	  -2.1320945232822947e-01	  -5.8805274415083944e-02	   1.5209066416615818e-02	   5.4299827928513789e-02	   8.0584503676428665e-01	   3.5233827016345320e-01	   2.4089854223190815e-01	   2.1617389828952155e-01	   3.9247416437128146e-01	   4.6348924128147218e-01	  -1.3333607126285191e-01	   5.7504699496644385e-02	   2.6918445744976094e-01	   1.5965157100006019e-01	   1.8129559413361584e-01	   1.5627889174655671e-01	   5.1489514127011160e-01	   4.1581584698755314e-01	  -1.0008157224094849e-01	   2.8222170053517636e-02	  -3.8258131215485180e-01	  -1.5078539665389201e-01	  -1.0329772168089107e-01	  -1.1824068724859256e-02	  -1.9077926304591677e-01	  -4.4681453829105516e-02	   8.7139191889972645e-03	   1.0961653680024520e-01	  -1.5482746607959821e-01	   7.5270567761087398e-02	   4.9804207012013185e-02	   2.3698424680972424e-01	   7.2165544293708650e-01	   3.0066957378172759e-01	   5.5423454133940420e-01	   1.7221362246815669e-01	   4.9575447100899717e-01	   3.0977373348099446e-01	   8.3726804070546446e-01	   5.0643753577726058e-01	  -8.0121133810127060e-02	   6.3341250200814603e-02	   6.2197555960829799e-02	  -1.1388264498097173e-02	   4.2825043264005125e-01	   2.6922765065573073e-01	   5.1577758236926634e-03	   1.2952190959131532e-01	   5.5151909081775352e-01	   5.6365707044689528e-01	   4.6516258361345636e-01	   5.3715797405537336e-01	   1.6201089023510448e-01	   2.0001918373520233e-01	   5.1352553997042327e-01	   1.8406928558612234e-01	   6.3331519262220004e-01	   5.8005368064098428e-01	   3.9492485998566751e-01	   4.2698244004806135e-01	   1.8238390095837875e-01	   3.0416167496996310e-01	   3.1245899809927502e-01	   4.4814220851766018e-01	  -2.3202551201088328e-01	   2.3366563848716373e-01	
