   0.0000000000000000e+00	   3.7257222334984996e-01	  -1.3899987749123771e-01	  -4.3445776140319425e-01	  -3.9577075708104459e-01	  -2.3904605370311352e-01	   3.1910231212023754e-01	  -2.6717906729536967e-01	  -3.6909021879613713e-01	  -2.0402476910974995e-01	   3.3735391755225341e-01	   4.3989397642690969e-01	   2.5153867484457787e-01	  -3.6245026704570749e-02	   6.7146646970201972e-03	  -2.8036976346607045e-01	   2.4080058144007294e-01	   8.2260518198550819e-02	   2.7307567158523288e-01	   3.3865537645945520e-01	   1.3213639938215627e-01	   1.7399213848370648e-01	  -4.0092310440761031e-01	  -5.3590654408668903e-01	  -4.4486805255451251e-01	  -4.8605524777868869e-01	  -1.0480018311544712e-01	  -1.6565512716554587e-02	   4.6110232394018263e-01	  -9.1531049065663991e-02	   1.2094521851754152e-01	   1.5184853831014988e-01	   3.8937955449670547e-01	   3.1135359038653898e-01	  -1.2926369606054994e-01	  -2.2337395883096434e-01	   2.6594234813106676e-01	  -5.6464008438483614e-02	   2.2912045479467219e-01	   9.9729123878539827e-02	   4.0339161191785100e-01	  -9.1950205287452416e-02	  -5.5642825774757876e-02	   1.5804335359351190e-01	   5.4512441749905938e-02	   1.3109609717709558e-01	  -1.0819370662853841e-03	   8.6311703931397740e-02	   2.7520360630991181e-01	   2.4690348563207284e-01	  -6.9412802654695909e-03	   1.2226522916441564e-01	  -8.3671772264347105e-02	   4.2204309405563151e-01	   1.0970998122537259e-01	   6.2407390294605225e-01	   8.3595588054421188e-01	   4.3069387791296543e-01	   7.6367131796348531e-01	   4.4178389244575517e-01	   6.0485429341949803e-01	   3.0977733787639888e-01	   3.5297501402911124e-01	   4.0586359780567788e-01	  -2.0259407539186558e-01	  -1.4505340057616013e-02	   5.0829108488778263e-01	   3.4114896856961879e-01	   7.6440100638693065e-01	   5.4478231794352838e-01	  -4.8107538040711145e-03	   5.0840642823999893e-01	   5.1596325002893395e-01	   3.7000092150297736e-01	   2.3774854086205399e-01	   5.5924065458832639e-01	   1.0346619334973409e-01	   2.8499711347585988e-01	  -1.5606540019354423e-01	  -1.4367436208130940e-01	  -1.6773681426673498e-01	   1.0897250322257991e-01	   2.1188560038299517e-01	   4.0755168405708586e-01	  -3.3335363513083227e-01	   2.1904785281010145e-01	   2.7320672995430406e-01	   5.6070340091793103e-01	  -5.1732182664220483e-01	   5.8773986300138292e-01	
   3.7257222334984996e-01	   0.0000000000000000e+00	   9.2464126241976141e-02	   1.9739070115815049e-01	   1.5356387022122399e-02	  -9.1058952216963432e-02	   3.5775953868949428e-01	   1.8404074491131536e-01	  -1.0036009024333285e-01	  -4.7618037861158584e-02	   4.7641536480707197e-01	   4.9499897094621115e-01	   3.4418779781799314e-01	   2.3912190955756199e-01	   2.3826101762181889e-01	   1.7106266963742306e-01	   5.6761716527623317e-02	   5.0685758488987220e-01	   3.8944605091476425e-01	   6.3182303674547313e-01	  -1.5431087838667398e-01	   3.1218350366912208e-02	  -9.2615819025165844e-02	  -1.7106093379964787e-01	  -3.7516589338956324e-02	  -1.7043448978507827e-01	  -6.1539046279188853e-03	   2.1993166672268366e-01	   2.8771790051811358e-01	   1.7543303026674201e-01	   3.5181176586347979e-01	   1.0022078191533892e-01	   3.5225534531045777e-01	   4.4314899679448505e-01	  -1.1375165673338763e-01	  -1.7892259353979578e-01	   1.8063848861765121e-02	   1.6255393592158543e-01	   4.7630879718143261e-03	  -9.1975302683269061e-02	   1.7619015373591518e-01	   1.0271893082705830e-01	   9.9587488074273617e-02	   2.6911591484351832e-01	   2.2109618833175212e-01	   2.2872325811783445e-01	   1.6092852888383735e-01	   2.3453765920718880e-01	   2.0281029647640372e-01	   2.9551993852155101e-01	   2.1971619260093964e-01	   2.7859395611997811e-01	   2.4300471178062874e-01	   2.6453633434356194e-01	   1.4246779248145985e-01	   1.8820667897596979e-01	   3.9832389459673090e-01	   6.8886192908175559e-01	   3.6350128663617398e-01	   3.0535378526749052e-01	   5.3542857112304387e-01	   4.4773587182068764e-01	   3.2276604360128547e-01	   5.8261725348801274e-01	  -1.5501427020354414e-01	  -4.3472749643402024e-02	   3.7177229730589029e-01	   1.7464488920800769e-01	   3.7109985262137335e-01	   5.2599081708448170e-01	   3.7865447945248931e-01	   1.8804009978430380e-01	   4.0266018729077802e-01	   4.0885400468320388e-01	   3.6086170299869913e-01	   4.0134594258266787e-01	   3.2683884649257494e-01	   3.0451907256994271e-01	  -3.7535683942520159e-01	  -2.3448984313998500e-01	   1.2035476577003779e-01	   6.0171692126794032e-02	   2.7642181351746314e-01	   6.2813909301077386e-02	  -6.3335386706944691e-02	  -6.8141656544725288e-02	  -8.6008150352178379e-04	  -2.9377797691601017e-02	  -7.2091981189307527e-02	  -2.8860707255303181e-02	
  -1.3899987749123771e-01	   9.2464126241976141e-02	   0.0000000000000000e+00	   4.8678685323902948e-01	   2.7567629764095231e-01	   2.2316974875249906e-01	   4.9556695737094436e-01	   4.9531654139221282e-01	   3.2932869148231259e-01	   2.3927831284056580e-02	   2.4599576860671477e-01	  -9.7098023237486869e-02	   3.8740438676919281e-01	   2.0034768810793278e-02	   4.7808897629187558e-01	   3.5934536208811582e-02	   6.1374382819925771e-02	   9.2461253864673673e-02	   2.5268209955139487e-01	   1.5515228802200576e-02	   2.1761268175588483e-01	   2.1909040287125262e-01	   8.6899681102488779e-01	   5.8941989945954942e-01	   2.4347020046013323e-01	   2.6446804899050841e-01	   2.4583832149780394e-01	   8.2915742971035059e-02	  -1.9843851600662177e-01	  -1.1734285275670656e-01	   1.4464239842518523e-01	  -1.4502654308584252e-02	   5.6269366742137020e-02	   1.5297693366498705e-01	   4.6674650589635980e-01	   2.4380052106829528e-01	   3.5088194704937570e-01	   1.5660815838509945e-01	   9.9474760269745499e-02	   1.9578999554768009e-01	  -8.5895732033133845e-02	   1.7121604856610895e-01	   4.1905064867113595e-01	  -2.0124897977911886e-02	   2.0728113143111931e-02	  -4.5363931617480070e-02	   2.2665402739695018e-01	   2.7706508874331370e-01	  -7.3912115163099742e-02	  -2.6245916810419424e-02	   1.6593081235455265e-01	  -5.9250318767768749e-04	   8.6146492800155294e-02	  -1.5271700579336198e-01	   1.7366994209427863e-01	  -2.4005525305306374e-01	  -3.3121947239256844e-01	   9.0494228291476436e-02	  -3.0204495795263098e-01	  -2.8270081646833845e-01	  -1.3071250948038517e-02	  -4.0371480100894745e-02	  -8.3657359160491829e-02	  -1.7657125732405250e-02	   5.0627445314350927e-01	   5.4119070042543821e-02	   9.5828760916099598e-02	  -6.8587604610113997e-02	  -7.7457202211227080e-02	  -7.9012409165371306e-02	   2.5204536816464229e-01	   7.8632927356414514e-02	   2.9568334711679994e-02	  -9.0091864059465482e-02	   8.8153716244410568e-02	   1.7422221837506330e-01	   2.2965090882142236e-01	  -8.1067464254830843e-02	   1.7953771013938621e-02	   1.6675182331931288e-01	   2.1935360075178872e-01	  -1.0777485097774137e-01	   2.4243589523460241e-01	  -2.0354195995135710e-01	   5.4175794488325968e-01	  -9.1791142293361855e-02	   7.5285083012937820e-02	  -4.1439432191626935e-01	   6.8645168818696534e-01	  -9.7988382601197938e-02	
  -4.3445776140319425e-01	   1.9739070115815049e-01	   4.8678685323902948e-01	   0.0000000000000000e+00	   6.2855150055795916e-01	   4.6779936396394356e-01	   8.1620628507096574e-02	   7.3522276530414454e-01	   6.0364540827058821e-01	   4.0396100494124615e-01	   6.4890697651081422e-02	   1.4361976966066625e-01	  -1.1442458178384145e-01	   5.3944566686974227e-01	   1.7878082819243690e-01	   6.0097131071941412e-01	  -7.5374524552364514e-02	   1.6856176132300632e-01	   1.9841427834419761e-01	   2.5128106558247654e-01	   1.8543538423462940e-02	   1.1991042953857425e-01	   5.2829907541406751e-01	   7.8024286657644559e-01	   5.0965256552901206e-01	   5.6876552686023896e-01	   1.6612340516359939e-01	   2.9380599853318640e-01	  -1.0693915580855384e-01	   3.6598999933594230e-02	   2.2914637218105105e-01	   2.2000660140155853e-01	   8.8503766400446299e-02	   7.4656190721284571e-02	   1.7624667382911779e-01	   1.8882561330551856e-01	   4.6176392762905062e-02	   1.4684108567928492e-01	  -1.6478937411677086e-01	  -5.1738618769854701e-02	  -2.5957554972741070e-01	   1.9488297703087432e-01	   3.1633162609438586e-01	   5.7589648029646827e-02	   1.0413835098858462e-01	   1.6767645644458057e-01	   1.7469143788174585e-01	   1.7913260754325849e-01	   2.6191395391616440e-02	   1.6413558680959689e-01	   3.0354622552177773e-01	   2.9296231782814175e-01	   3.1053778772297053e-01	  -2.1068162780790354e-02	   7.3593395722228991e-02	  -2.2275596427977284e-01	  -3.8707847981554877e-01	   1.3273780374558754e-02	  -2.6501940377135008e-01	   2.4527808812696495e-02	  -1.1227031042390409e-02	   3.2496434481121916e-01	   9.9926242544020494e-02	   1.8502961160931702e-01	   2.7379201868018332e-01	   4.7921002186091760e-01	   9.3138139602504513e-02	   1.3673461472843179e-01	  -2.5227577540884594e-01	  -8.5329306991857146e-02	   4.3193428083608176e-01	  -1.1524199689399839e-01	   7.0951915586709963e-02	   1.4402572690946591e-01	   2.1901072277212119e-01	   7.3629023632620555e-02	   4.5764699928553843e-01	   2.8410547703434647e-01	  -4.3143616513681662e-02	   1.0939074841788807e-01	   2.2297076811532485e-01	   1.2905643101286925e-02	   1.3729897908248848e-01	  -2.9170936463684599e-01	   2.4664781965388921e-01	   1.4310795241613675e-02	   1.3283200409761095e-01	  -5.3525992919257981e-01	   5.1996942256424905e-01	  -1.5018779226868439e-01	
  -3.9577075708104459e-01	   1.5356387022122399e-02	   2.7567629764095231e-01	   6.2855150055795916e-01	   0.0000000000000000e+00	   5.7435282284051226e-01	  -1.4713062905968871e-01	   3.3752708999135417e-01	   8.7433663507464554e-01	   6.4036987364460229e-01	  -1.8776558758222328e-01	  -1.8031277939748813e-01	  -2.5589374815203580e-01	   3.7246778602322289e-01	   1.7156086512860946e-01	   3.2565781957278206e-01	  -3.9682746173252369e-02	   1.1606664175781078e-01	   7.9107518394758228e-02	   5.1075634065728612e-02	   5.5825508434423098e-02	   5.3212778469776137e-02	   3.9229685032937134e-01	   5.5321526685775879e-01	   6.1493036812809287e-01	   6.7086174345460448e-01	   4.3059492737964716e-01	   5.7632949591961569e-01	  -6.4383130802736721e-02	  -8.2687907637076896e-02	   1.0749462877870632e-01	   1.9364097100831523e-01	   3.2889117883179740e-02	  -5.2211910210972837e-02	   1.6070814224562044e-01	   2.2906919338606282e-01	  -8.9538864461329221e-02	   7.0496674971856285e-02	  -1.7068018802384546e-01	  -1.0386116489176254e-01	  -2.1542753417452001e-01	   7.8298884004145961e-02	   2.6472808539030995e-01	   1.5227859244882122e-01	  -4.0804750998086517e-02	   1.1194025123388179e-01	   1.8448991566657522e-01	   9.2390123302956512e-02	  -1.7038621686021876e-01	  -3.5057033342534766e-02	   7.4331346704891166e-02	   1.1777659173633420e-01	   1.0518359729072253e-01	  -1.4948957628889714e-01	  -1.1745569348722393e-01	  -1.4982593164882760e-01	  -2.4181875746173259e-01	  -9.8268676229586210e-02	  -2.6457794262991458e-01	  -7.9509567016817599e-03	  -4.4714984859875365e-02	   1.4371288262489018e-01	   4.5331825422945005e-02	   3.3925936151332783e-02	   2.7751377605375527e-01	   2.3622436043354195e-01	  -3.3227384706063907e-02	   1.3232063127405161e-01	  -2.6413306980096485e-01	  -2.0495664366974817e-01	  -6.9757762067290535e-02	  -3.5242306550651914e-02	  -1.2063865607259118e-02	  -8.1792030122540715e-02	   8.0436594979412010e-02	  -1.0953089804661265e-01	   1.3324874271163201e-01	   2.0200434419270957e-01	   1.0055531443537230e-01	   1.6835686822638718e-01	   2.3317775955495568e-01	   1.4231492049497921e-01	   7.7534396007482215e-02	  -3.3042536083861201e-01	   1.6517741472102518e-01	   2.2528104916201835e-01	   1.7394323856776145e-01	  -5.7819251480931855e-01	   2.9020922170306723e-01	  -1.6233635788395739e-01	
  -2.3904605370311352e-01	  -9.1058952216963432e-02	   2.2316974875249906e-01	   4.6779936396394356e-01	   5.7435282284051226e-01	   0.0000000000000000e+00	  -1.5402079692675169e-01	   1.5674745139244733e-01	   6.2807365402873072e-01	   8.9597036728809565e-01	  -1.4394038591033376e-01	  -1.7659872262239079e-01	  -2.2006353387985189e-01	   3.3396043285354626e-01	   1.0721800314578195e-01	   5.6309810904988933e-01	  -8.6453959442808065e-02	  -1.3683614314298537e-01	  -1.5996181669152648e-01	  -1.6787802512138222e-01	   9.0744956603509841e-02	   1.2282033080305454e-02	   2.6996732002491503e-01	   4.2184705695250369e-01	   4.2314872708233181e-01	   6.6353528570364873e-01	   2.2605340208877150e-01	   4.5270001623873368e-01	  -8.9181574806446909e-02	  -7.9280613178024387e-02	  -2.6865048324338801e-02	   1.4022826771731309e-01	  -2.8450991321644945e-02	  -1.7898707974886108e-01	   9.6183513589815542e-02	   5.7831101582925606e-03	  -7.2931835206268184e-02	   1.2758260167993302e-01	  -1.4834793575899233e-01	   7.5682238544281091e-02	   1.5581923211744751e-02	   1.4389511845813299e-01	   1.6495479853890782e-01	   2.6988721874311216e-03	  -1.0252100540286471e-01	  -4.2342213075868135e-02	   1.1085639398823860e-01	   4.4131594930793001e-02	  -4.0761578209450700e-02	   5.2573080390737548e-02	   9.3020536955872146e-02	   1.1140730470941572e-01	   2.1355994443093093e-01	   2.7447299465185652e-02	   3.6965510314408548e-02	  -8.1094356751439445e-02	  -2.2696008602561485e-01	  -1.6896632692251110e-01	  -1.7221346235622609e-01	  -2.9927272961338399e-02	  -5.8188292866718339e-02	   3.8516676298617917e-04	  -5.2505376565080308e-02	  -9.4658765132352690e-02	   1.9993955981135084e-01	   9.6078701257126475e-02	  -5.5433983491168584e-02	  -2.5689230985988437e-02	  -2.8048294043089406e-01	  -3.1171858746656378e-01	  -3.9998115285752103e-02	  -1.5048072932261314e-01	  -3.6994983778264608e-02	  -2.1629753329566348e-01	   2.0788051672531149e-01	  -1.6843943306861200e-01	   8.7863614377992866e-02	   1.3358143101363046e-01	   2.1335844301128398e-01	   1.3646694317541727e-01	   1.1152138263236640e-01	   8.5058707524528640e-02	   1.8807942320376123e-02	  -1.6623139002807458e-01	   1.8194987270544405e-01	   1.6743056713266069e-01	   1.1321474474101242e-01	  -3.2574243442673323e-01	   2.5241610191056346e-01	  -4.3610841598886452e-02	
   3.1910231212023754e-01	   3.5775953868949428e-01	   4.9556695737094436e-01	   8.1620628507096574e-02	  -1.4713062905968871e-01	  -1.5402079692675169e-01	   0.0000000000000000e+00	   2.3434015172105455e-01	  -2.1219464697932999e-01	  -2.5468079421487821e-01	   5.8364860371341043e-01	   3.5653059205823656e-01	   5.8205301979825230e-01	   1.2815349894664144e-01	   2.1925315083348515e-01	  -1.0824243516918783e-01	   8.9952633566172197e-02	   1.3311693200411132e-01	   2.6663929528201968e-01	   2.5583927732683459e-01	   1.6700201504066187e-01	   2.5102538640747135e-01	   1.7406277131125880e-01	   3.7473795133080016e-02	  -8.3208781980520730e-02	  -2.0620317985516123e-01	  -5.2667939557179402e-03	  -2.3789544187989582e-02	   1.6978307417026176e-01	   9.3293537011146122e-02	   2.0389248791761466e-01	   9.6751077937949140e-03	   3.2524259373642006e-01	   4.0923677543945264e-01	   5.7246594762646347e-02	   1.2699171815618354e-01	   1.9565743447910044e-01	   1.9292108051578152e-01	   1.4398777780902461e-01	   8.8193415845295664e-02	  -9.6502192918165614e-02	  -1.2206175669442204e-01	  -7.9569575099769710e-04	  -1.1009117325298555e-01	  -4.4891810398277790e-02	   1.9604932729772404e-02	  -4.2927155881940883e-02	   1.1914371852647108e-01	   6.7193788340185970e-03	   3.6735218166661275e-02	   1.2006360278522597e-01	   1.5654432431093127e-01	   1.3026250810723682e-02	   6.3671247044044865e-02	   9.7970507921517250e-02	   6.2506795917142949e-02	   1.9618009152420943e-01	   3.5179153765254129e-01	   2.8646955617532971e-01	   1.8462824104121500e-01	   4.3170381195866681e-01	   2.5408134949590461e-01	   2.6863236653686606e-01	   2.9003571782596055e-01	   1.9017058514759222e-01	   1.3888634527093396e-01	   4.3314434594642970e-01	   2.8696198140814355e-01	   3.0200751522811448e-01	   1.4582354854468757e-01	   3.7171495260172110e-01	   3.8860727821436669e-01	   3.6246826313279507e-01	   2.5551512218374334e-01	   1.6234808391910432e-01	   3.7995802302106008e-01	   2.2805998506573305e-01	   1.9220425579657896e-01	  -2.1564611442961901e-01	  -7.8345252903186988e-02	   8.0376001508561196e-02	   7.9022761758602442e-02	   1.7864589556271329e-01	   1.6623152826029941e-01	   1.1112561237405985e-01	   8.9718124347353406e-02	   1.5883245471445934e-01	   1.1962831830847041e-01	   8.9608727431038704e-02	   1.1495504296915478e-01	
  -2.6717906729536967e-01	   1.8404074491131536e-01	   4.9531654139221282e-01	   7.3522276530414454e-01	   3.3752708999135417e-01	   1.5674745139244733e-01	   2.3434015172105455e-01	   0.0000000000000000e+00	   3.6599029758512269e-01	   4.6593348719223091e-02	   2.5518062631201194e-01	   4.1978259085813419e-01	   1.5840903272439386e-01	   5.7403394417971054e-01	   3.2701164452152476e-01	   3.6567065722830611e-01	   7.1022450174106688e-02	   8.1182845467757891e-02	   3.5546240380217542e-01	   2.5176198090105251e-01	   1.5109179237029235e-01	   2.6112606772510899e-01	   5.1386987145132224e-01	   6.2089508876646515e-01	   1.7957858432890728e-01	   2.3864840863330533e-01	   9.7734943402333851e-02	   1.3863047108425922e-01	   5.4830960116730748e-02	   1.8568644859744926e-01	   1.9895640799325370e-01	   4.6072588022043032e-02	   1.3493218739684412e-01	   2.9984340667278636e-01	  -4.9283948861087820e-02	   5.1762614259348791e-02	   9.9815779815681696e-02	   1.4386204442788703e-01	  -2.2604161551270968e-01	  -4.6686332259384664e-02	  -1.8487040425357035e-01	   2.2381706233624282e-01	   3.3348786268629760e-01	   6.2980238099413888e-02	   2.4480771716530828e-01	   2.4746464214192998e-01	   2.9757257328107789e-01	   3.2670053833673213e-01	   2.7412963049074957e-01	   3.4464134686137549e-01	   4.6248124477378538e-01	   3.9070770717456543e-01	   3.8637264129205973e-01	   8.9809077793948588e-02	   2.9077729299374988e-01	  -1.6142911714362823e-01	  -4.7631291951458227e-01	   1.9339665499714470e-01	  -1.4057343486491655e-01	   1.8504131032880222e-01	   5.3590801024243524e-02	   5.0028510209955268e-01	  -3.3665535278266052e-02	   3.8843679020417127e-01	   8.4903652395728488e-02	   3.4013122722683875e-01	   1.0540829506609162e-01	   8.2868244798236110e-02	  -2.3655254866273601e-01	   9.9859235783131328e-02	   5.3012513731831834e-01	  -3.0654193382988068e-02	   2.0550096501689671e-01	   3.3978886688185317e-01	   2.4066741260146574e-01	   2.6711875782085048e-01	   5.2017135163075445e-01	   1.8670322680096441e-01	  -5.5600438465165658e-02	  -3.2937031451468715e-02	   2.5909133812134377e-01	  -3.7410219347722651e-02	   2.6328629629412514e-01	  -1.3454210722429244e-01	   2.2331248571207715e-01	  -1.2560714230008763e-01	   1.6551422138452676e-01	  -4.7190648686871622e-01	   5.9788648810212575e-01	  -2.0518866218806669e-01	
  -3.6909021879613713e-01	  -1.0036009024333285e-01	   3.2932869148231259e-01	   6.0364540827058821e-01	   8.7433663507464554e-01	   6.2807365402873072e-01	  -2.1219464697932999e-01	   3.6599029758512269e-01	   0.0000000000000000e+00	   6.2486738626146887e-01	  -2.4614578146993227e-01	  -2.5005517325593013e-01	  -2.4818960804552975e-01	   3.2938971814557405e-01	   1.7785699842889652e-01	   1.8874606481148015e-01	  -1.3953498357161942e-01	  -3.9908980372606657e-02	   4.3036224961134351e-03	  -9.8577955138603332e-02	   1.1430772655889926e-01	   2.0012506189881002e-01	   4.6487176585200063e-01	   6.1986215870340333e-01	   5.5394336342250483e-01	   7.0616673492269055e-01	   3.5664319847657028e-01	   5.0635865607739106e-01	  -1.9148639121393882e-01	  -2.0742931874334980e-01	  -7.3046182927873196e-02	   1.8725427159877026e-01	   5.8045869328298666e-02	  -2.0996878076191966e-02	   2.6058962873789882e-01	   2.7242708891421491e-01	  -1.7131095784707312e-02	   2.4982686300047095e-02	  -7.0353708778628052e-02	   1.4451857268212690e-02	  -1.2315506093286277e-01	   1.6200162309837374e-01	   2.0670551056264566e-01	   4.3704397911936213e-02	  -1.2227359529723313e-01	   1.0208362765385920e-02	   1.2497302331749979e-01	   3.3191457048184644e-02	  -1.7261776529158390e-01	  -5.1933332016186606e-02	   3.5362491183968933e-02	   5.8866984095645725e-02	   4.4791919865169248e-02	  -1.7937221430340561e-01	  -9.9471173325178699e-02	  -1.9509727913460301e-01	  -3.1150430901332549e-01	  -1.3675730020331109e-01	  -3.2826329045513281e-01	  -1.1563342280334939e-01	  -4.4109479829542608e-02	   1.2266407336042084e-01	  -2.6053617162155165e-02	   3.0091677649202063e-03	   3.2409946721808841e-01	   2.5324288660876632e-01	  -1.0861484479393652e-01	   5.3211891882501437e-02	  -3.0009096500947458e-01	  -2.3548602090337101e-01	  -1.5562061704547514e-01	  -5.7415442717786022e-02	  -1.0458277344195306e-01	  -1.0138099108233845e-01	  -4.2775004636268666e-04	  -1.0248923571534491e-01	   8.9122905333905322e-02	   1.1244759711029984e-01	   8.4877241115916630e-02	   1.2784018808778647e-01	   1.5165455902713051e-01	   8.0496747847128125e-02	   3.3131517742877682e-02	  -3.6694715480846840e-01	   2.3942361748997898e-01	   1.7463331218201636e-01	   1.4636094210046349e-01	  -5.6782899359017591e-01	   3.6514889302777132e-01	  -4.6235040412237902e-02	
  -2.0402476910974995e-01	  -4.7618037861158584e-02	   2.3927831284056580e-02	   4.0396100494124615e-01	   6.4036987364460229e-01	   8.9597036728809565e-01	  -2.5468079421487821e-01	   4.6593348719223091e-02	   6.2486738626146887e-01	   0.0000000000000000e+00	  -1.7477536313835965e-01	  -1.6623402856917338e-01	  -3.4038197860321384e-01	   3.8859019455609600e-01	  -7.0061357232303778e-02	   5.1789024626440416e-01	  -1.5495083871773158e-01	  -8.9597401714253164e-02	  -1.9703877222776178e-01	  -1.6013883961426009e-01	  -5.8599872111476048e-02	  -1.2083700156694926e-01	   1.0688217808799270e-01	   2.6780466270685060e-01	   3.6996329107013104e-01	   5.7680822029470724e-01	   1.4811789969184525e-01	   4.5167206634416335e-01	  -8.1042031323140432e-02	  -1.5644049205977048e-01	  -7.4623252578242372e-02	   2.1931018415559370e-01	   3.4346918954549430e-02	  -1.5676917298286935e-01	   1.2396636387840143e-02	  -5.9558563718169893e-02	  -1.4156762333195150e-01	   4.1077391354695597e-02	  -2.0198266880325497e-01	   9.1483228854791140e-03	  -2.2620289851638224e-02	   1.0114925999834319e-01	   8.6085294383660915e-02	   1.5549369078945707e-01	  -7.3157709210957253e-02	   3.7093242496301970e-02	   1.1909727693270397e-01	  -4.3923162334786263e-02	   1.1190387419318075e-02	   1.0816939381052963e-01	   1.5408468737561487e-01	   1.8752197843466134e-01	   2.5174466660566686e-01	   9.0953389334669413e-02	   1.1701370119185957e-02	  -1.9072875289434651e-03	  -1.0407083702869525e-01	  -1.4474739039979131e-01	  -5.6861618455166629e-02	   2.9924510389811275e-02	   4.1488574201758277e-02	  -2.0777144366702061e-03	   3.0113303023691369e-02	  -3.0339578839071638e-02	   1.0233660953225097e-01	   1.0985492963450932e-01	  -3.1643455642099416e-02	   5.4797354149033186e-03	  -2.6375757733057925e-01	  -2.4384737590331204e-01	  -8.6251212305086228e-02	  -8.4176642196917367e-02	  -4.9957787267139231e-02	  -2.1788250773199150e-01	   1.1645563779404755e-01	  -2.4374550849616239e-01	   3.1419107031303892e-02	   2.0355209386359230e-01	   1.9228901840286014e-01	   1.1611917566941019e-01	  -4.3754807956966520e-02	   3.6987644595593339e-02	  -8.5378485371264759e-02	  -2.3589075618821351e-01	  -3.5821839022345424e-03	   1.2985586778762070e-01	   9.9853975867763484e-02	  -2.9371758571888973e-01	   1.0787417298973578e-01	  -1.0771156543059876e-01	
   3.3735391755225341e-01	   4.7641536480707197e-01	   2.4599576860671477e-01	   6.4890697651081422e-02	  -1.8776558758222328e-01	  -1.4394038591033376e-01	   5.8364860371341043e-01	   2.5518062631201194e-01	  -2.4614578146993227e-01	  -1.7477536313835965e-01	   0.0000000000000000e+00	   5.4583343257788841e-01	   6.8055134409072315e-01	   3.0809807385305826e-01	   3.1689567778488092e-01	   2.3792937088621585e-01	   2.9898207948714878e-01	   3.7143962819623588e-01	   4.3569933519608373e-01	   3.0525065990127176e-01	   1.4565669898256217e-01	   2.8672192920847478e-01	   1.0688485695281280e-01	  -1.9383589547271297e-02	   8.9136118535684903e-04	  -2.2494609080122019e-01	  -1.3083910761627682e-01	  -9.5562059200109795e-02	   3.7035542323141746e-01	   2.7543050008165137e-01	   3.2345533092543671e-01	   1.2798259744952167e-01	   2.7835436309977690e-01	   3.6811471479440638e-01	  -3.8569367583191572e-02	   5.8448389549095335e-02	   1.2488659981295286e-01	  -8.3592521101341806e-03	  -4.4062181382607368e-02	  -1.8364253972646383e-01	  -8.9954830441779932e-02	  -1.9563437321824074e-02	   4.1015250206230654e-02	   9.6773128378978654e-02	   2.2435714040778559e-01	   1.8890841072235398e-01	   1.0305532501438033e-01	   1.8122803603476689e-01	   2.3893689487510600e-01	   2.7830154556875786e-01	   2.9094876944616593e-01	   3.2790924937605082e-01	   2.1486083432315195e-01	   1.9795636187846641e-01	   2.3630912303608209e-01	   1.7185794148289438e-01	   1.8216543604254695e-01	   3.7617342110159779e-01	   2.8999648639646813e-01	   2.8921273565894512e-01	   4.2866050710461245e-01	   4.2465098156920400e-01	   3.2416601916937232e-01	   3.0428980721208482e-01	   2.1778853643468929e-01	   1.9833723232554812e-01	   3.1722091595022806e-01	   1.3754202162481105e-01	   2.4052568236981992e-01	   1.6390144082518615e-01	   5.4593243770020672e-01	   3.6490944494332767e-01	   5.0131448993546734e-01	   4.1121952151976177e-01	   4.3069161831105768e-01	   4.1185854444775349e-01	   3.9539859884827655e-01	   2.7947248668126989e-01	  -1.5462360409053411e-01	   6.6481266391825167e-02	   1.7482016217603233e-01	   1.5362463821910771e-01	   1.2830324237456947e-01	  -1.5497393220277697e-02	   1.4473742966926195e-01	   9.0006584495511993e-02	   8.4862182260810576e-02	  -3.1243947636603021e-02	   2.0975232164694779e-01	  -4.9837840064831107e-02	
   4.3989397642690969e-01	   4.9499897094621115e-01	  -9.7098023237486869e-02	   1.4361976966066625e-01	  -1.8031277939748813e-01	  -1.7659872262239079e-01	   3.5653059205823656e-01	   4.1978259085813419e-01	  -2.5005517325593013e-01	  -1.6623402856917338e-01	   5.4583343257788841e-01	   0.0000000000000000e+00	   2.2234879834714874e-01	   5.4640637669329450e-01	   1.2667945899234470e-01	   2.8905237775804660e-01	   2.2737685710037106e-01	   2.4413477523265065e-01	   4.6515642988728434e-01	   6.0167336466042776e-01	   5.0880467559591858e-02	   1.1890260876870881e-01	  -2.4263296814684576e-01	  -7.4234843493675581e-02	  -1.1715628530070496e-01	  -2.5882284933503102e-01	  -1.9823153752350931e-03	   4.3519283513115695e-02	   5.9156365299297464e-01	   3.6828163335988673e-01	   3.3567769538088221e-01	   2.9813327441297821e-01	   5.3433526468470549e-01	   5.4621132876463796e-01	  -3.2763035784230732e-01	  -1.0945273765267671e-01	   5.2651310907528545e-02	   2.0630034318624238e-01	  -1.0523227120737894e-01	  -1.9000538278782363e-02	   9.3997991151239496e-02	   1.6828627070335800e-01	   4.3847766874347334e-02	   1.2247565203512673e-01	   2.9729519472784233e-01	   4.6482847637716396e-01	   1.5778996193830275e-01	   3.0878519035844176e-01	   4.8529196852067014e-01	   5.5972183218533633e-01	   3.4613869272929720e-01	   5.5720356752420841e-01	   3.1774466498694220e-01	   5.3925281182296536e-01	   2.7840809115198939e-01	   4.1829056384347302e-01	   3.5461581366212397e-01	   4.6099337819531067e-01	   6.3406979388827589e-01	   6.9487773444897694e-01	   4.8418248490382965e-01	   7.7970453018279984e-01	   4.1368879895296001e-01	   7.1543726390899054e-01	  -2.6709972686034478e-01	   3.0480352321043735e-01	   6.0241790894568514e-01	   5.0864031017305922e-01	   3.6746568127526502e-01	   5.7125131309021682e-01	   4.9821953791143792e-01	   2.5020208097648367e-01	   6.2442896746450072e-01	   7.3806468976368433e-01	   3.9445696188754553e-01	   5.5970765197231664e-01	   4.9553139002331270e-01	   5.3064136232205916e-01	  -3.2544061602484342e-01	  -3.3103019303175912e-01	   9.1029566037736528e-02	   2.8891743270840015e-01	   3.3210055422098395e-01	   3.1920818537307061e-01	  -2.0432670859339830e-01	   1.2366536639046279e-01	   4.0530040275048673e-01	   1.9747468219770409e-01	  -1.6126450659854402e-01	   2.7312854691863825e-01	
   2.5153867484457787e-01	   3.4418779781799314e-01	   3.8740438676919281e-01	  -1.1442458178384145e-01	  -2.5589374815203580e-01	  -2.2006353387985189e-01	   5.8205301979825230e-01	   1.5840903272439386e-01	  -2.4818960804552975e-01	  -3.4038197860321384e-01	   6.8055134409072315e-01	   2.2234879834714874e-01	   0.0000000000000000e+00	   5.2018169610253497e-02	   5.3983488015263992e-01	  -8.2532559519491386e-02	   1.4239146908418895e-01	   1.8976757611028230e-01	   1.6908548051716829e-01	   1.2158660971646221e-01	   2.4221624638279896e-01	   2.9682975385847510e-01	   2.8511148406083303e-01	  -4.7410281709280119e-02	  -9.3176338161890568e-02	  -2.1607349489028899e-01	   5.4889000066049867e-02	   5.1205694436428761e-04	   1.2661808950240655e-01	   2.2130996123232238e-01	   1.8276336904611601e-01	   3.8414328889165836e-02	   5.9544954907449654e-02	   2.7680127411396155e-01	   9.9521787224401775e-02	   2.1910092710635300e-02	   1.7884697720513765e-01	  -4.8147935758684948e-03	   7.7378288649020160e-02	  -4.8121913337110883e-02	   5.5898208636508392e-02	  -1.4445522187863657e-01	  -6.6719120115304271e-03	  -7.1795498821563941e-02	  -7.1099383242888975e-02	  -8.9807053229128547e-02	   2.2373892047852794e-02	   7.1725699746605975e-02	   6.3810406333121572e-02	   7.4907322653456232e-02	   1.7718686816989809e-01	   5.0718657395179736e-02	   7.3761806203982830e-02	   3.4812495721040282e-02	   2.2434008658400834e-01	  -1.1385527110993610e-02	   5.9111593002350783e-02	   2.8978718551172611e-01	   1.2416486317717679e-01	   8.0932641320450083e-02	   4.1494959286587141e-01	   1.2400562323777523e-01	   1.0713930729138463e-01	   9.7032223737549245e-02	   3.7797155083964495e-01	  -5.7991189594213025e-02	   1.4450071661159372e-01	  -8.5123208177172283e-02	   1.7489196942574969e-01	   6.8922530501170420e-02	   3.2854966450114886e-01	   3.7618024837768571e-01	   2.1566479622217880e-01	   8.4476448318409059e-02	   2.6051126892017129e-01	   2.5633450844521732e-01	   1.8109433059686741e-01	   1.9389905457922300e-02	  -2.2974955768679634e-01	  -4.2500521145107217e-02	   2.3114558894510973e-02	   4.0396570914308649e-02	   1.7872206883472508e-01	   1.0733544414319279e-01	   2.2565932241680964e-01	  -1.0235978282855934e-01	  -3.4367993724636205e-02	  -7.8386442524905550e-03	   2.9035816926964164e-01	  -3.8185423209311432e-02	
  -3.6245026704570749e-02	   2.3912190955756199e-01	   2.0034768810793278e-02	   5.3944566686974227e-01	   3.7246778602322289e-01	   3.3396043285354626e-01	   1.2815349894664144e-01	   5.7403394417971054e-01	   3.2938971814557405e-01	   3.8859019455609600e-01	   3.0809807385305826e-01	   5.4640637669329450e-01	   5.2018169610253497e-02	   0.0000000000000000e+00	   3.6347060644766588e-02	   5.1281579758870288e-01	  -1.4648356900304523e-02	   1.0470272464416105e-01	   1.3433444908517878e-01	   1.9876754052785223e-01	   2.1503391711233229e-02	   1.0509192844362247e-01	  -4.3510503718645144e-03	   3.0694923599532287e-01	   2.0740317961717966e-01	   2.2631623172390530e-01	  -2.7993396235058282e-02	   2.7078656146937952e-01	   2.0599575653021102e-01	   9.8329703042002572e-02	   5.2113037677546055e-02	   1.8923073047200073e-01	   1.7288901188628403e-01	   1.4230172733226276e-01	  -2.2850968317266149e-01	  -2.2736000479630324e-02	  -1.3637341858290289e-01	   1.7012146992563100e-02	  -2.6912121728312821e-01	  -8.5746198829913758e-02	  -4.5160739911149411e-02	   1.0920419597320845e-01	   1.5143896919557956e-01	   2.8047655582779352e-01	   1.9230498445637839e-01	   3.7233208339812113e-01	   3.1002377867548858e-01	   2.9034741691298027e-01	   4.4226810133805777e-01	   5.7022247858688280e-01	   5.7543561121768549e-01	   6.9193728755770956e-01	   5.7669031578071628e-01	   4.2948766425208895e-01	   3.6283155123894806e-01	   2.7078215803029004e-01	  -6.4617858163026370e-02	   5.7067542437874555e-02	   2.8825158289372144e-01	   5.2170125836536074e-01	   4.1075190165288283e-01	   6.0664311150922412e-01	   1.9710311705848532e-01	   4.7764091887373994e-01	  -8.7722169205444109e-02	   4.4050011031361563e-01	   3.0805063067641097e-01	   3.1784076878866196e-01	  -1.8817871174413225e-01	   1.0112463936107385e-01	   2.6304838347823101e-01	   1.1030373579323471e-01	   3.7907500871666250e-01	   3.9248228771639349e-01	   3.0229641020286069e-01	   2.2021374856364442e-01	   4.4330656878853897e-01	   4.9173213553416717e-01	  -1.2817230163247825e-01	  -1.7402303082666337e-01	   3.1136554499636156e-02	   1.2786361024302514e-01	   1.4324717440730753e-01	  -6.7441741211004450e-02	  -5.9418898304950910e-02	   1.6576704954836041e-01	   2.8305873173856233e-01	  -1.9199196904222743e-01	   1.5710480463596238e-01	   6.9404157940847672e-02	
   6.7146646970201972e-03	   2.3826101762181889e-01	   4.7808897629187558e-01	   1.7878082819243690e-01	   1.7156086512860946e-01	   1.0721800314578195e-01	   2.1925315083348515e-01	   3.2701164452152476e-01	   1.7785699842889652e-01	  -7.0061357232303778e-02	   3.1689567778488092e-01	   1.2667945899234470e-01	   5.3983488015263992e-01	   3.6347060644766588e-02	   0.0000000000000000e+00	   2.0909447178985430e-01	   3.6610022993328917e-01	  -8.7898702417389760e-03	   3.1428671570277722e-01	   2.7274240880893302e-01	   4.8306904104114418e-01	   3.9097598507916898e-01	   5.2947216029195920e-01	   3.0610324927638033e-01	   8.3290494564637579e-02	   1.6069282624042294e-01	   2.6056976870479487e-01	   1.3956369232509119e-01	   2.1660995677142825e-01	   1.5543591901076148e-01	   3.6777387946166518e-01	   1.5212021236904300e-01	  -2.8531151502679489e-03	   1.5362875396335157e-01	   1.5846298447618073e-01	  -2.8116400678325930e-02	   3.5359628881406630e-01	   1.6791244287595763e-01	   8.9258667891968617e-03	  -4.3544110385534865e-02	   2.2258237450837690e-01	   2.7077721099367175e-01	   4.2409445690847375e-01	   1.7079862048359351e-01	   1.6734903321861150e-01	   8.4388532617793152e-02	   3.5907358336896311e-01	   4.3229371954689011e-01	   2.0072764699814424e-01	   2.1048651709877464e-01	   2.5389231637173942e-01	   1.4380439358764255e-01	   2.6227007367135680e-01	   1.7962261646850214e-01	   3.7764754013039642e-01	   1.1720450976021876e-01	  -1.7738796305811586e-01	   6.8683854736497615e-02	  -2.3988065980193055e-02	   7.9983003927931506e-02	   1.3572343969137918e-01	   6.5214877557989409e-02	  -3.9498052871671296e-02	   4.5635813306683350e-02	   2.4560043031834297e-01	  -1.5968922555804477e-01	   1.1455334368010600e-01	  -1.4363526718964764e-01	   5.6979474295237129e-02	   1.4640863173689306e-01	   1.8398710393345924e-01	   7.3557673377901811e-02	   2.1936501947384449e-01	   7.1600703365901408e-02	   3.6457561411755129e-01	   2.5539328807342132e-01	   3.6944511693184401e-01	   1.3615244932170989e-01	  -2.5509046141297141e-02	  -1.6584176918867419e-02	   2.9944412904159201e-01	   1.3571474421690546e-01	   3.9730188896526319e-01	   1.3345338741582885e-01	   2.7712319856921369e-01	  -7.4529509790808149e-02	   4.6052802240055229e-02	  -2.5389963943828697e-01	   4.2455918277160659e-01	  -1.7714821158876314e-02	
  -2.8036976346607045e-01	   1.7106266963742306e-01	   3.5934536208811582e-02	   6.0097131071941412e-01	   3.2565781957278206e-01	   5.6309810904988933e-01	  -1.0824243516918783e-01	   3.6567065722830611e-01	   1.8874606481148015e-01	   5.1789024626440416e-01	   2.3792937088621585e-01	   2.8905237775804660e-01	  -8.2532559519491386e-02	   5.1281579758870288e-01	   2.0909447178985430e-01	   0.0000000000000000e+00	   1.6893402965916857e-01	   1.8618159186697689e-01	   1.9227558298126135e-01	   2.4329387539111641e-01	   5.9812860877645049e-02	  -1.8870575234524893e-02	   1.8006426469222506e-01	   4.6639047831525349e-01	   4.2467068880111219e-01	   4.6943096886718616e-01	   1.5271492079698065e-01	   3.0321291480292467e-01	   1.9859141930692517e-01	   3.1679830984758356e-01	   3.5029622817528960e-01	   2.9584539418020800e-01	   1.9261891998251596e-02	  -1.7231474606582808e-02	  -5.6480124521643110e-02	   2.7801518438867034e-02	  -4.1669419121249981e-02	   1.8130797529304105e-01	  -2.4685155859301969e-01	  -1.6543409428957975e-01	  -4.4560889947309501e-02	   1.9380274325568886e-01	   2.2008796266629932e-01	   1.6260860710458003e-01	   2.2838999305814320e-01	   2.4853961824857210e-01	   1.7668116371913914e-01	   1.7467740566772416e-01	   1.8061014800809261e-01	   2.7230325955949120e-01	   3.1085451266228958e-01	   3.7099700040247729e-01	   4.1114941783874526e-01	   1.8574875264256976e-01	   1.4493593769952134e-01	  -1.7211603982134213e-02	  -2.2472573943168861e-01	  -5.3987206905985761e-02	  -5.2114810697128790e-02	   2.2256205288034861e-01	  -3.1768087074223405e-04	   2.8801967704821041e-01	   1.6219256343930974e-01	   7.8009274081771024e-02	   1.2285919407493257e-01	   3.6879720465862115e-01	   1.3198519577259310e-01	   1.3332207871320409e-01	  -2.0247593295494520e-01	  -4.4987105239808173e-02	   4.2262517479680606e-01	  -1.3502917702257547e-01	   1.6318184814367698e-01	   1.0641778692442526e-01	   3.8347092531976656e-01	  -2.5233501894831502e-02	   4.4832021464825911e-01	   3.6361576982901933e-01	   1.0529157026128783e-01	   1.4529255925598891e-01	   2.6837172356409800e-01	   1.9039217870306999e-01	   5.2545031154359934e-02	  -6.9275334938598748e-02	   4.8852934660257030e-02	   1.0587867099217514e-01	   7.4015072354570721e-02	  -3.2458617785284893e-01	   2.7808572049234026e-01	  -1.6470834673515511e-01	
   2.4080058144007294e-01	   5.6761716527623317e-02	   6.1374382819925771e-02	  -7.5374524552364514e-02	  -3.9682746173252369e-02	  -8.6453959442808065e-02	   8.9952633566172197e-02	   7.1022450174106688e-02	  -1.3953498357161942e-01	  -1.5495083871773158e-01	   2.9898207948714878e-01	   2.2737685710037106e-01	   1.4239146908418895e-01	  -1.4648356900304523e-02	   3.6610022993328917e-01	   1.6893402965916857e-01	   0.0000000000000000e+00	   2.5820953430322868e-01	   4.3788913410465824e-01	   3.3106654896379073e-01	   3.2153080980755805e-01	   2.4622052424363025e-01	   7.0411799647521991e-02	   1.2997248010329051e-02	  -8.3653425029580689e-02	  -1.0265074542112479e-01	   2.1812843093970088e-01	   2.5060138024732302e-02	   6.9656001910899601e-01	   4.3868354805908016e-01	   4.0609222400451184e-01	   1.2879173123256746e-01	   2.8293158139964807e-03	   1.2403363122409641e-01	   9.2605421869910318e-02	   1.0806964640747241e-01	   2.9727338844154372e-01	   5.9709387964229532e-02	   8.9185190766769853e-02	  -8.7419133390457343e-02	   2.2011268935880030e-01	   1.9493179793253423e-01	   4.3461238874967767e-01	   2.8557207537330764e-01	   4.2199483625166717e-01	   3.5621462221369471e-01	   2.3622842461250210e-01	   3.3651353787801724e-01	   2.1297725662645905e-01	   1.5156693309440603e-01	   1.4178186184919411e-01	   1.5237670702139294e-01	   1.4843338098105022e-01	   2.3524590428299003e-01	   2.3177745905886335e-01	   3.0567816606198905e-01	   1.3919676991646318e-01	   8.1002639978228125e-02	   1.0376415740549183e-01	   2.2149046081971502e-01	  -2.4158828285871028e-02	   1.4945620560610479e-01	   2.5055589208839879e-01	   6.9211337728541725e-02	   5.3238340905048788e-02	   4.4965553945092766e-02	   2.3301329230808879e-01	   2.1462872517073572e-01	   2.2793589169434864e-01	   1.8728863300052689e-01	   1.1196107296511396e-02	  -4.0941567758565368e-02	   3.9005442073142471e-01	   2.7856797840560654e-01	   3.1962338758704439e-01	   3.7119436817938356e-01	   9.8867465375047883e-02	   3.9230457408105657e-02	   4.7932773435844123e-01	   3.6826083707489254e-01	   6.1177174888108543e-01	   4.4094956446519395e-01	   2.6635112793185950e-01	   1.8835103996828625e-01	   1.8854806186761686e-01	   3.9924283217678447e-01	   1.6646547944450832e-01	  -7.6574431647034064e-02	   7.4621219998326854e-02	   9.8644133996599312e-02	
