   0.0000000000000000e+00	   5.8933814581819188e-01	   1.2901488892802324e-01	   1.1670764559778796e-01	  -3.3171360216576490e-02	   1.1847858847786603e-01	   2.3699449230028991e-01	   1.7829149050886525e-01	   8.3918585040378205e-02	   1.7822762418707816e-01	   6.1002980649141181e-01	   4.8031846162799918e-01	   4.7994790414107141e-01	   4.4780776467350336e-01	   3.6816609632703090e-01	   3.0627654692090633e-01	   4.3376689156251846e-01	   4.7760426067382056e-01	   6.4715583921473496e-01	   5.6039903369884203e-01	   3.1526806345085479e-01	   1.8389777246261485e-01	   1.3401644864947290e-01	   1.2535220093765564e-01	   9.4815782332957399e-02	   6.6868362232653245e-02	  -8.1866317315207604e-02	  -1.3611270998934607e-02	   4.9342320182667071e-01	   3.8984900928745153e-01	   3.4650911647397442e-01	   2.8635943974799904e-01	   3.7936986010130502e-01	   4.1990358242573778e-01	   8.5415798595869286e-02	   5.5455064022271086e-02	   4.8597866094486242e-01	   3.7341140856743271e-01	   1.9943430023966013e-01	   3.2542872658293587e-01	   4.6965790567842186e-01	   4.5552143246274079e-01	   2.8836870022219518e-01	   4.3688896870554672e-01	   2.4998769578474694e-01	   2.6834782825364789e-01	   3.7985997888673362e-01	   3.2632476229033608e-01	   4.0925427042496437e-01	   4.0118297761280552e-01	   2.9292111206643578e-01	   1.8796187637460857e-01	   2.0377250534971811e-01	   1.8984031400548992e-01	   2.9476330615675278e-01	   5.0391281919674580e-01	   6.5892446497589729e-01	   5.4310096121226181e-01	   5.0099644916760822e-01	   3.6105232268834953e-01	   7.1355759985842848e-01	   3.8127425915066426e-01	   5.4605274301775442e-01	   4.6883636383908356e-01	   9.7825225962363205e-02	   1.1942171547258316e-01	   1.3929215238786802e-01	   1.3851850265579127e-01	   5.1863569408397514e-01	   3.8352830998526360e-01	   1.2414424828716115e-01	   2.9090659591290802e-01	   4.5235637151448094e-01	   3.5193532273222683e-01	   4.0805912476721640e-01	   3.1578529981561754e-01	   4.1147757182348343e-01	   3.6797465969452792e-01	   1.6219264797737487e-01	   1.5990861954054120e-01	   4.1155441085290650e-01	   4.0942665396494227e-01	   3.7127424485084531e-01	   3.1635446462951439e-01	   4.2304917765708872e-01	   5.2382963897567181e-01	   2.8566242218087767e-01	   1.3763467362377058e-01	   2.6767531352819163e-01	   4.5201063011846121e-01	
   5.8933814581819188e-01	   0.0000000000000000e+00	   2.0109870205916768e-02	   3.4848573225780388e-01	   4.3657901424570600e-01	   3.5475650806593478e-01	  -3.2362080602916829e-02	   3.8895059616841943e-01	   2.0766117780796689e-01	   2.3108791356779756e-01	   1.7563111257160591e-01	   4.2658566993064329e-01	   1.4564568874634853e-01	   3.2717182132499706e-01	   2.2767581615809390e-01	   4.0924983123480296e-01	   6.8635207741980064e-01	   6.2591677572920468e-01	   6.8430460001241311e-01	   7.0941920393680724e-01	   4.0948553838794599e-01	   5.4852027442763984e-01	   5.4377007502897298e-02	   6.3669063172340751e-02	   2.2074961938594839e-01	   3.1945382633082925e-01	   1.6495882628429395e-01	   1.9701550897113662e-01	   5.6796079454905324e-01	   4.8599508600348068e-01	   3.6917238929053964e-01	   3.1642186932655281e-01	   4.5992867252544650e-01	   6.0850310040994970e-01	   1.1321842826424598e-01	   2.9730314466377339e-01	   6.3758923835931469e-01	   7.2485245977881141e-01	   2.6444768003832525e-01	   6.0419903673483177e-01	   6.7275422340525648e-01	   7.3032950603132085e-01	   4.8391152230916490e-01	   6.5779732355878273e-01	   4.3567849500697425e-01	   5.7890595627697783e-01	   5.3789651570939967e-01	   5.7060270866571872e-01	   6.1018437388396762e-01	   7.1264927429274771e-01	   4.9668735721416946e-01	   3.7335081122404679e-01	   6.1074072290768100e-01	   3.6986306128261182e-01	   6.1467777249510569e-01	   6.4490943066014650e-01	   7.8471879465283534e-01	   8.8967328970643678e-01	   6.9356984949879374e-01	   7.0405560336434148e-01	   6.0983800934656285e-01	   4.9287173825997860e-01	   5.8507568224739337e-01	   6.2825399731320120e-01	  -7.5741039869354251e-02	   2.1294659636012678e-01	   3.7190493941577829e-01	   4.0041989876506717e-01	   6.9486127694717226e-01	   6.1737960046943252e-01	   4.0961811632217771e-01	   2.8899428047590037e-01	   7.3475593689178864e-01	   6.5162555576676950e-01	   6.8993361050991364e-01	   5.9430044137237770e-01	   6.6038302373147095e-01	   6.2626971325878067e-01	   3.4182378326787211e-01	   2.5836441035918789e-01	   7.2526921256173993e-01	   6.6576878404120543e-01	   4.0671271473531351e-01	   2.5194014459522734e-01	   4.4044066611155941e-01	   4.7346597436545818e-01	   3.5676834489204645e-01	   1.6475904375089695e-01	   5.5803393613555163e-01	   2.6352863667274279e-01	
   1.2901488892802324e-01	   2.0109870205916768e-02	   0.0000000000000000e+00	   5.5899762768733474e-01	   1.1376966252643188e-01	   1.0516369237731597e-01	   8.6787425712745081e-01	   4.3993883371670867e-01	   4.2693088513480437e-01	   2.2752339648117015e-01	   1.7259326256146434e-01	  -2.5118418245991814e-01	   5.3204413660704608e-01	   8.1624050371411822e-02	   3.3812416985222743e-01	   1.2649081385906532e-02	  -5.0029278952480050e-02	  -3.6690367431898872e-02	   1.3662605428644747e-01	   1.4718240513955899e-01	  -4.0130923473937215e-02	   2.0200563420518544e-01	   7.3914126740908892e-01	   6.1881945920161141e-01	   4.4952170150553616e-01	   2.2128820238679375e-01	   7.0090469877258949e-02	   5.9405155448502792e-02	  -1.5051263401488912e-01	   6.7587890793860649e-03	  -7.8586361454772644e-02	  -7.9173773709716302e-02	   2.0358790597886989e-01	   2.5858367165527268e-01	   2.9527278176684446e-01	   2.7190002920081618e-01	   1.8433072594870051e-01	   1.6614501678088722e-01	   1.4598422116207629e-01	   1.8519031016428722e-01	   1.5706760811295317e-01	   8.3183626420303969e-02	   4.4826130107722534e-01	   3.2213224555195552e-01	   3.7939392282845069e-01	   3.7513774397330613e-01	   5.0893590767989216e-01	   4.6990634981108037e-01	   4.8072002617896192e-01	   1.8620270606649000e-01	   5.4235411218851959e-01	   5.0133449633620564e-01	   1.5289853180438234e-01	   4.1439316664568360e-01	   1.5786631464796494e-01	   8.2536930709029940e-02	   1.7734873557251402e-01	  -3.6482289117020283e-02	   1.5073301033776193e-01	  -1.9308877137402386e-01	   1.3246240104878526e-01	  -1.5994288528498071e-01	  -1.4735561026147082e-01	  -2.5403526746857574e-01	   5.1440148483432024e-01	   7.4985774140645126e-02	   5.1292127805161447e-01	   2.7798093878552288e-01	   2.3146444768092012e-01	   3.1134120126566023e-01	   1.3327359236081371e-01	   8.6246125941679505e-02	   1.0800376564407392e-01	   4.2995112385334891e-02	  -1.9233144109816382e-02	   2.3216523904966019e-01	   3.2638857402176263e-01	   3.5885225855959968e-01	  -1.3240530407311848e-02	   4.2316773813979469e-01	   2.4125437163287597e-01	   1.1839113504382107e-01	  -1.7849046651542402e-01	   8.0141431611758865e-02	   3.4817498487338028e-01	   3.9845162781101434e-01	  -1.1862653522059047e-01	  -2.3259502796478282e-01	   2.3525584786177442e-01	   6.1678285753725215e-01	
   1.1670764559778796e-01	   3.4848573225780388e-01	   5.5899762768733474e-01	   0.0000000000000000e+00	   2.2764151658698706e-01	   2.3148614590791394e-01	   4.1495147535085475e-01	   9.0927891956620144e-01	   5.1821976266418335e-01	   3.1326205065062551e-01	   1.3408552943694177e-02	   8.7061022446865866e-02	   3.5312580495504120e-01	   5.1945633752422116e-01	   3.8807560928138024e-01	   5.2460600142909963e-01	  -5.7243994318123187e-02	   9.5773746621071278e-04	   1.7434006312959671e-01	   1.5753158640913673e-01	   2.3610429641114217e-01	   2.7975981787075227e-01	   4.2063618197757324e-01	   7.2447622486224772e-01	   1.3119626774392995e-01	   3.9308215258908252e-01	   2.7174193721999751e-01	   4.1636363551303301e-01	  -2.2927141430325404e-01	   3.9712592165622729e-03	  -1.3352607096964905e-01	   1.3430684359507628e-01	   1.4853064779979727e-01	   4.1964360296739700e-01	   3.3736365045749461e-01	   4.0998001869127654e-01	   4.1575882903941974e-01	   4.5175128944999077e-01	   2.6079976564429208e-01	   3.9435114821732969e-01	   1.7627847170805019e-01	   3.2954686566208824e-01	   4.2877171420529703e-01	   4.5666740846613613e-01	   3.6049577889166007e-01	   6.4235006580449072e-01	   3.7105039815236546e-01	   5.0564706334394227e-01	   5.9425517793311822e-01	   5.4247416334212872e-01	   7.3273931286088589e-01	   6.1857397975392669e-01	   3.7326105474695681e-01	   1.5648865539733786e-01	   4.3595900656358932e-01	   2.4365765278926615e-01	   7.9505539430323902e-02	   1.6109365621683944e-01	   4.9425887491303316e-01	   4.6960767868683384e-01	   2.2730830369507149e-01	   3.7001241992955514e-01	  -1.8544303257033234e-01	  -3.4237374293365055e-02	   3.5271430620591715e-01	   6.5837823923099448e-01	   6.5984659426319570e-01	   7.3733491280249119e-01	   2.4051381008483430e-01	   3.6643707361366651e-01	   4.9199842491667301e-01	   2.7976588867707297e-01	   3.6009985816277579e-01	   1.7889034219203837e-01	   2.7651773123014228e-01	   2.8305348056781815e-01	   3.3041043371838646e-01	   3.7850112594330609e-01	  -1.9076328277987287e-01	   2.0169067956331652e-01	   2.9828850626577214e-01	   1.4436012486905619e-01	   1.1965384081868986e-01	   2.5575583296564619e-02	   4.0856514278385603e-01	   5.1053734314828225e-01	   7.8988249890842133e-02	  -1.4571456671172606e-01	   5.2743803290448765e-01	   5.3336689883960964e-01	
  -3.3171360216576490e-02	   4.3657901424570600e-01	   1.1376966252643188e-01	   2.2764151658698706e-01	   0.0000000000000000e+00	   7.1461771795357554e-01	  -8.2162758053158452e-02	   2.1323042520323537e-01	   3.3209406339425657e-01	   3.5901275671687333e-01	  -1.7697484748946504e-01	  -1.6371553871927607e-02	  -4.6456948421114953e-02	   9.0809363820483352e-02	   1.6509131405024576e-02	   4.1024193924605307e-01	   2.7727328261208667e-01	   8.6327538587995856e-02	   2.7779682922579141e-01	   4.7210944740775179e-01	   1.3208460553176932e-01	   6.8856048373903678e-01	   1.1671004904581372e-01	   1.7351872073540608e-01	   4.1687635408804513e-01	   5.0353587038736491e-01	   4.1944226295569992e-01	   3.7847529402511182e-01	   1.1482500428936626e-01	   8.2448847171465778e-02	   1.7686120225642971e-01	   2.1762069472692830e-01	   4.0348786045250545e-01	   4.2056786071890667e-01	   2.0198225906738798e-01	   4.4668516976786726e-01	   4.6906387655058773e-01	   6.1938965557921699e-01	   1.7983289939468752e-01	   5.1848769456950827e-01	   3.8495803655737770e-01	   4.5164354865417311e-01	   4.0136108258112829e-01	   5.5260758309616731e-01	   3.8983560080557400e-01	   4.4972692804578224e-01	   4.8602922556705330e-01	   5.0237199868105309e-01	   4.5417075999258150e-01	   4.2548697239499766e-01	   3.9219040853366294e-01	   2.6381500499982879e-01	   5.0086229791172887e-01	   4.3755282294340792e-01	   4.8039454592448289e-01	   4.3219495225099325e-01	   3.6338448249757582e-01	   3.1550955032054512e-01	   3.9541938662713833e-01	   3.7133853274832151e-01	   2.0015739621438319e-01	   1.5279452921383943e-01	   1.2744385777829428e-01	   1.4152293215587791e-01	   6.8814172576865923e-02	   2.0877059032330253e-01	   4.8658406430315426e-01	   4.3509773588935668e-01	   4.6133393029646141e-01	   4.8719997322772990e-01	   5.2981745478397058e-01	   2.6162549591347756e-01	   5.1768575381231230e-01	   5.1578653473442415e-01	   2.6178851669146674e-01	   6.6804308715162253e-01	   5.4952356830609761e-01	   6.1859351828593701e-01	   9.0418582099804468e-02	   1.5916044378574515e-01	   4.7413730373913987e-01	   2.7256446016059044e-01	   1.9367267462112295e-01	   2.8972381208784287e-01	   3.1622325085628172e-01	   2.1832839521158226e-01	   3.3802817037946087e-01	   2.8819893884644521e-01	   4.6745214272789748e-01	   2.2185171100012591e-01	
   1.1847858847786603e-01	   3.5475650806593478e-01	   1.0516369237731597e-01	   2.3148614590791394e-01	   7.1461771795357554e-01	   0.0000000000000000e+00	   6.1447318930700545e-02	   2.4424970553251482e-01	   5.0258927243658125e-01	   5.4796811213960572e-01	  -3.0407872893845587e-02	   1.2051500950597768e-01	  -3.3435520858230518e-02	   1.6624250295358800e-01	   1.1474086825727066e-01	   4.2153752545451478e-01	   1.6701644031430374e-01	   5.3061682703409566e-02	   4.2722423245322949e-01	   3.7206712484177046e-01	   2.2645334964663788e-01	   5.4391780340713514e-01	   2.0950799419642294e-01	   2.3179314067462931e-01	   3.0875936372793972e-01	   5.1196812032079342e-01	   4.3319267705502706e-01	   4.3415897609803750e-01	   8.6948568892803071e-02	   6.2037132787732603e-02	   1.6077532288345411e-01	   2.7886693887365466e-01	   1.8253764284683832e-01	   2.5848550708514551e-01	   3.4691934679581160e-03	   2.2584591531281048e-01	   3.2375209784308323e-01	   4.8894912685985492e-01	  -8.0832110247959429e-03	   3.5800058087808762e-01	   2.7526701115497409e-01	   3.4219226414108089e-01	   1.8452016386932327e-01	   3.5521518697918153e-01	   1.9724675619368937e-01	   2.6808322712639671e-01	   2.2883768780196254e-01	   2.5866925543965458e-01	   3.3581225841737300e-01	   3.8969008570250468e-01	   2.0614392776959525e-01	   1.8511214846074472e-01	   2.6328142667986965e-01	   3.1038554180925604e-01	   2.6942260127121165e-01	   3.1962575714689800e-01	   3.0138389613843763e-01	   2.0865393274006039e-01	   3.9602661914432458e-01	   3.7647912779466303e-01	   1.6329974488140517e-01	   2.4200880496141530e-01	   1.4198657664097111e-01	   2.1939267490396652e-01	   7.3724720325596738e-02	   2.7672114640146528e-01	   2.9550112124788697e-01	   3.3447449603524820e-01	   2.8279990525214033e-01	   3.7675831219462935e-01	   4.2613833195019496e-01	   2.0210195896235161e-01	   3.0662508598454030e-01	   4.6254975825399613e-01	   1.0631810146097405e-01	   6.1545177952309071e-01	   4.1995044170285722e-01	   5.3520775240325935e-01	  -1.1367315032475946e-01	   1.5845764387741107e-01	   3.4832488137954282e-01	   1.6130248030960065e-01	   2.1702524143404389e-01	   2.6444692441929490e-01	   2.6121692001776275e-01	   2.7606309706979765e-01	   3.2390212209264835e-01	   2.1305890940971250e-01	   2.0116765645375634e-01	   3.3173193133959383e-01	
   2.3699449230028991e-01	  -3.2362080602916829e-02	   8.6787425712745081e-01	   4.1495147535085475e-01	  -8.2162758053158452e-02	   6.1447318930700545e-02	   0.0000000000000000e+00	   3.7227459992501888e-01	   2.9468144237833288e-01	   8.4629222415395777e-02	   3.5005221795310892e-01	  -6.5872845394779139e-02	   5.5345148373838127e-01	   1.2596116378067956e-01	   2.4534239648120779e-01	  -2.4823353889978205e-02	  -1.5701183448623448e-02	   1.0431770292126323e-01	   2.1458914089360359e-01	   9.9856725556237924e-02	  -6.1638331825979054e-02	   1.6834987886540784e-01	   6.3224346868970926e-01	   4.8346916313213151e-01	   3.6133580258828979e-01	   9.0600039250950115e-02	   4.2530402459555014e-02	   4.4600375474193696e-02	   2.5726543884632431e-02	   2.5683239485587517e-01	   5.4225044092307995e-02	  -5.1412761521886143e-03	   2.1603259727569990e-01	   2.5062968697887700e-01	   1.6892382223300018e-01	   1.7780923776681987e-01	   1.7153816231708111e-01	   1.3089045964799562e-01	   2.0250520642346587e-02	   9.3309490627379948e-02	   1.1457526809019847e-01	   3.8678024853983375e-02	   2.8913659536683128e-01	   2.1947855412459605e-01	   3.5677898082738257e-01	   2.9762084080027584e-01	   3.7807538052887152e-01	   3.7773076101333258e-01	   3.9032840358417176e-01	   1.5687556734067620e-01	   3.8051165648944890e-01	   4.1041481662746637e-01	   2.4105399501580557e-03	   2.9769030802654767e-01	   2.7778712457274868e-02	   5.0451416071773447e-02	   1.8276477807736288e-01	  -7.0467433057097323e-02	   1.1223572873279622e-01	  -2.4276930449030915e-01	   1.7083442934224774e-01	  -1.4417575871258442e-01	   3.0265154331597266e-02	  -5.0250485686251178e-02	   5.6371070719777772e-01	   8.1322481656422030e-02	   4.0354422487123831e-01	   2.3957949078512980e-01	   1.4773075596563107e-01	   2.2716148292115812e-01	   1.0404314721743564e-01	   1.1908668621655942e-01	   1.0943214791337610e-03	   5.6710805136414251e-02	  -8.7862000857282366e-02	   2.0944656397953409e-01	   2.6694467200214278e-01	   2.9670134591646208e-01	   1.4993664844994458e-02	   5.2806028643794700e-01	   1.8327905960303226e-01	   1.7340914731074758e-01	  -1.0938397034052053e-01	   1.6091284831082286e-01	   3.2359259654439387e-01	   4.7086372939505045e-01	  -8.1858702263931132e-02	  -2.3554931331808929e-01	  -1.6384743324258388e-02	   5.9765580996957479e-01	
   1.7829149050886525e-01	   3.8895059616841943e-01	   4.3993883371670867e-01	   9.0927891956620144e-01	   2.1323042520323537e-01	   2.4424970553251482e-01	   3.7227459992501888e-01	   0.0000000000000000e+00	   4.8335686672306638e-01	   3.5077642262043962e-01	   1.2782461129078504e-01	   2.5459522481272434e-01	   4.2405317469333159e-01	   5.8083805457892901e-01	   3.9929409672468974e-01	   6.2538600963940738e-01	  -7.2472576896380592e-02	  -2.2534939985420339e-02	   1.6301371313733720e-01	   1.7211985250467640e-01	   1.8922724914666389e-01	   3.1630374162201791e-01	   3.1008167809533260e-01	   6.4145205303474506e-01	   8.1684257287092214e-03	   2.9257380913852632e-01	   1.2904005086883624e-01	   3.2888413970521158e-01	  -1.7921954536874984e-01	   4.5654019732778862e-02	  -5.5366504215845116e-02	   2.5860272959776043e-01	   1.9640377021006261e-01	   4.2681498701519516e-01	   2.5392622430489631e-01	   4.0304929721839433e-01	   3.4039275650822620e-01	   4.5130104361472834e-01	   1.6553670338475049e-01	   3.3806340542944791e-01	   1.1577655736704799e-01	   3.3289181888953900e-01	   3.2049086979825836e-01	   3.7747370720114481e-01	   2.6878877853303690e-01	   6.0865765412774353e-01	   3.1368461763122801e-01	   4.3450236225661160e-01	   5.3295940999514790e-01	   5.8762827119323813e-01	   7.0020644219810890e-01	   6.2587852597795224e-01	   3.2143337643317560e-01	   1.0976519532540049e-01	   3.4204049683912835e-01	   2.0430553633919976e-01	   8.5075611411249974e-02	   1.4033658035347277e-01	   4.7994284673423593e-01	   5.2366564652381109e-01	   3.5393142390365262e-01	   5.7361090092681410e-01	  -1.1718742177815621e-01	   1.0004269634737312e-01	   4.4051778098014949e-01	   8.0664939196034546e-01	   5.6274996862764037e-01	   7.3181587531735470e-01	   2.0724016064650738e-01	   2.9304632175656448e-01	   4.5195689523002280e-01	   2.2800202501865899e-01	   3.7871956263086415e-01	   2.7890215480721448e-01	   2.8546743427364840e-01	   3.0898713169467718e-01	   2.9701790905713538e-01	   3.5191743510955592e-01	  -1.6018402208603974e-01	   1.1962580224070296e-01	   3.0464050449249908e-01	   1.5170033874507177e-01	   1.4754091113399093e-01	   8.5521812091824662e-02	   4.1714335574412653e-01	   4.7739792301744732e-01	   1.1717522891584367e-01	  -1.0192691400709453e-01	   4.7084410940588206e-01	   4.6953244526641436e-01	
   8.3918585040378205e-02	   2.0766117780796689e-01	   4.2693088513480437e-01	   5.1821976266418335e-01	   3.3209406339425657e-01	   5.0258927243658125e-01	   2.9468144237833288e-01	   4.8335686672306638e-01	   0.0000000000000000e+00	   6.5448483459595574e-01	   1.1042860446535232e-02	  -5.8780821442174239e-02	   2.2511771407590073e-01	   1.5547853231986905e-01	   6.1229716821490632e-01	   3.5152832587087091e-01	  -9.1116697599440910e-02	  -1.3969575656945543e-01	   2.0677550085947466e-01	   1.9791693942495708e-01	   2.6748567482098051e-01	   1.9433442830416725e-01	   3.9696456938479185e-01	   4.3960843198240224e-01	   9.3555522069073721e-02	   2.5366403140298538e-01	   1.3737809838219017e-01	   2.0765266392008513e-01	  -1.1865888593836196e-01	  -9.3293886677416282e-02	  -1.2746649699230847e-01	   2.0447072247740301e-02	   4.1953416020643564e-02	   1.5364624214136835e-01	   5.7418636096330924e-02	   7.0252096736039576e-02	   1.8709312455885202e-01	   2.7795629300556918e-01	  -9.4067076249032652e-04	   1.2486434707776656e-01	   5.3173702409562498e-02	   1.8864836080344274e-01	   1.7314458565244112e-01	   2.2505919730364532e-01	   1.1754758582035318e-01	   2.7273076166851073e-01	   2.1159829222457041e-01	   1.6030165854413392e-01	   3.1700685858516836e-01	   2.2258389831040848e-01	   3.7444731328259023e-01	   1.9768186333661023e-01	   9.3826619147924589e-02	   6.4252909069649020e-02	   2.1675392185964271e-01	   1.5534748239625989e-01	   4.8509799787902270e-02	   9.5013311440415610e-02	   2.9436880091974993e-01	   2.6073974134313099e-01	   1.4312395901628974e-01	   2.0262072560462913e-01	  -2.1817900613963948e-01	  -7.3129290455114362e-02	   3.5615616326701816e-01	   3.7253083141744864e-01	   3.4710525379160007e-01	   3.1306115794022293e-01	   1.5214073826677460e-01	   3.0907418389582531e-01	   2.6680659778898963e-01	   6.4552019907423000e-02	   1.5341824534153037e-01	   2.4194666613988752e-01	   5.4851572922049299e-02	   2.9569181748579687e-01	   1.5365282148288817e-01	   2.5082612734745691e-01	  -1.8056023375198044e-01	   9.6493978075159928e-02	   1.6919687008950740e-01	  -1.6332466362094142e-03	   1.5052169672075708e-01	   1.5636990965244232e-02	   4.3916388219347990e-01	   2.5307015162306623e-01	   8.4256792620201429e-02	  -1.1793409304717702e-01	   4.3301639215635923e-01	   3.5569816436427459e-01	
   1.7822762418707816e-01	   2.3108791356779756e-01	   2.2752339648117015e-01	   3.1326205065062551e-01	   3.5901275671687333e-01	   5.4796811213960572e-01	   8.4629222415395777e-02	   3.5077642262043962e-01	   6.5448483459595574e-01	   0.0000000000000000e+00	   1.1595766230951772e-01	   4.8453170227540858e-02	   2.0512789523213451e-01	   5.3425789129411747e-02	   5.9281526871260248e-01	   3.7592320742256685e-01	  -5.8950105439338749e-02	  -1.2308741884195110e-01	   3.1751482619210358e-01	   3.0009276246527572e-01	   4.9541647818007753e-02	   3.0540067775195157e-01	   3.0184316635096453e-01	   4.5082616010810705e-01	   1.5181497367405398e-02	   4.6189849725818521e-02	   3.1505420240519798e-02	   1.1931701221063987e-01	  -4.8790928707466694e-02	  -1.3158204331608794e-01	  -1.2151900461149481e-01	   2.8773071786824516e-02	  -1.2060371389073091e-01	   1.1550296596531819e-02	   7.5277803516122593e-02	   1.5725102243770306e-01	   1.0761794901291225e-01	   2.8173460520147053e-01	  -6.6736064909547602e-02	   1.4666389461577836e-01	   4.1799426400939671e-02	   2.0303463045135256e-01	   4.2715492890247737e-02	   1.3872794823283244e-01	   4.0957124940136716e-02	   1.2830055192202852e-01	   3.9345190392680363e-02	   2.1483476298094738e-02	   1.9609785505670443e-01	   2.6605616508980406e-01	   1.7946044089352439e-01	   1.4733877153804886e-01	   2.8955977059831221e-02	   1.8366382019962252e-01	   1.8529682905214926e-02	   1.4019554000009718e-01	   1.4734293126862749e-01	   5.8583296584782008e-02	   1.8506671535091712e-01	   2.7098080904625971e-01	   1.8514731092699382e-01	   3.0854414740512376e-01	  -8.8899196280332132e-02	  -5.5922890423584729e-03	   1.3308565476228174e-01	   2.9799189129691017e-01	   8.5222663799120635e-02	   1.6546965159982785e-01	   1.3674357192295883e-01	   2.0607641305051017e-01	   1.8471884235493161e-01	   1.2471546943463102e-01	   2.0670429462943923e-01	   2.6591465925539404e-01	   6.2686295148733584e-02	   3.2167758413531167e-01	   2.0541592611887799e-01	   3.5572408215295981e-01	  -1.6097435192594647e-01	  -1.0121821249719283e-01	   8.0403807628574034e-02	  -6.4721995103752275e-02	   1.1407502812799380e-02	  -7.2153506745638255e-03	   3.0407041293095532e-01	   1.2598002224062149e-01	  -2.6278671007902606e-02	  -8.1595058857759750e-02	   2.8930303503353039e-01	   3.5569476033937564e-01	
   6.1002980649141181e-01	   1.7563111257160591e-01	   1.7259326256146434e-01	   1.3408552943694177e-02	  -1.7697484748946504e-01	  -3.0407872893845587e-02	   3.5005221795310892e-01	   1.2782461129078504e-01	   1.1042860446535232e-02	   1.1595766230951772e-01	   0.0000000000000000e+00	   4.1106217740919188e-01	   5.7572789484899156e-01	   4.0151305189346848e-01	   3.8199314167205417e-01	   2.1023731779368365e-01	   1.7357555726472640e-01	   2.2811752062382412e-01	   5.1049470449415724e-01	   3.6908196541087079e-01	   1.3081408555363924e-01	   8.3080330814295528e-02	   3.2616966897101130e-01	   2.4043223473896530e-01	   1.9252891227921273e-01	   5.0956557774499020e-02	  -1.4925522219306342e-01	  -1.1386158749585279e-01	   3.1092958756664113e-01	   3.2899847244702163e-01	   1.9848741692708888e-01	   7.9400449164837933e-02	   1.5756389601906165e-01	   2.4704506654280303e-01	   6.3888473823149022e-02	  -1.5444367034953523e-02	   1.6750760565434736e-01	   1.0198608485136740e-01	   6.0070408770811615e-02	   1.3000279643233939e-01	   1.7137035348053697e-01	   1.9082290796479867e-01	   8.3150950455255765e-02	   1.6478803354366250e-01	   4.5534098253495511e-02	  -1.7127560052224679e-02	   1.6997128881933837e-01	   1.3326478230253710e-01	   1.3656181041814217e-01	   6.3179941719314098e-02	   1.3022184878792720e-01	   1.3522572510166386e-01	   3.1911232139590920e-02	   1.3718291736688346e-01	   1.7525807400498479e-02	   2.3016549700939382e-01	   2.9810404660741641e-01	   1.4140177905973900e-01	   9.3476883829001114e-02	  -3.2881121309710618e-02	   5.2813263592480486e-01	   1.9555691714610046e-01	   3.4963957066013962e-01	   2.8462363547083858e-01	   2.8586901032230216e-01	   4.9402373112199825e-02	  -9.7010552737181011e-02	  -1.1532120833008831e-01	   1.5587291237837236e-01	   2.0861173395822739e-02	  -3.2635054406148197e-03	   3.9416505807930588e-02	   2.0570445570238205e-01	   1.6499671510522224e-01	   9.3925858012820954e-02	   1.5802901928182397e-01	   2.1702004674197317e-01	   1.6948455414317126e-01	  -1.0584011797120864e-01	   3.3498905700769646e-02	   1.4653316534561134e-01	   9.3390067854051562e-03	   3.1128065200554966e-01	   3.3294751842731590e-01	   3.8809628993064804e-01	   2.8608827647387164e-01	   1.5951478848312228e-01	   1.2299937033166782e-02	  -1.1289722646838454e-03	   3.6265906282243027e-01	
   4.8031846162799918e-01	   4.2658566993064329e-01	  -2.5118418245991814e-01	   8.7061022446865866e-02	  -1.6371553871927607e-02	   1.2051500950597768e-01	  -6.5872845394779139e-02	   2.5459522481272434e-01	  -5.8780821442174239e-02	   4.8453170227540858e-02	   4.1106217740919188e-01	   0.0000000000000000e+00	   7.1670786739572334e-02	   4.7589220245672059e-01	   2.2958147302746329e-01	   4.9047703144904986e-01	   3.0998229674289218e-01	   4.3697434671807989e-01	   5.1147843633249546e-01	   4.5265491656994938e-01	   3.3256908483190756e-01	   7.2620006796235745e-02	  -1.3680472015223968e-01	  -2.4923242836313780e-02	  -9.2565545405768640e-02	   1.8986025662844888e-01	  -8.2594597496207595e-02	   3.4091974646908527e-03	   5.5442248879312972e-01	   5.2471383921602632e-01	   3.6807824870610223e-01	   5.0403782797637553e-01	   2.4419815561693881e-01	   2.8936997215289639e-01	  -7.0549723034255524e-02	   2.2100274615797281e-02	   2.6681222999185400e-01	   2.8143649401786752e-01	  -1.1607898376496600e-01	   1.0872193305352656e-01	   1.2260812418770212e-01	   3.8265742400466973e-01	  -1.3997599424412030e-01	   1.1074394419252859e-01	   1.0417039685624745e-01	   1.0532779073704596e-01	  -8.3527027143168148e-02	  -5.0448630447808181e-02	   7.5701817255399012e-02	   2.8374015233684835e-01	   8.8641845294060925e-02	   1.1411663762685954e-01	   1.9555910728208611e-01	   6.5077196293474471e-02	   1.0744540498695761e-01	   4.0601257676135649e-01	   2.3505463886380273e-01	   3.1869454563800736e-01	   3.0221520975707900e-01	   4.6437503730061958e-01	   4.7997306827321307e-01	   6.0586242394677681e-01	   4.0074854272155103e-01	   6.2691824437314747e-01	   6.9461671119218416e-02	   4.2218439828022719e-01	  -1.1635549959281546e-01	   1.3442819796966399e-01	   1.9915336304892117e-01	   6.2726432003780919e-02	   1.3445679889571710e-01	   2.2257623351125264e-01	   4.6970972532349897e-01	   4.0646168789870074e-01	   5.2996139462566461e-01	   2.4195641406965407e-01	   6.9052412596426083e-02	   6.8601967448927603e-02	   1.0401972893144318e-01	  -5.3328139176962851e-02	   2.4639249600784502e-01	   2.6235510887338287e-01	   4.3626569137583837e-01	   2.8805348846618861e-01	   2.7466792563621956e-01	   3.1716961457680592e-01	   3.2806900152539709e-01	   1.0931268450979656e-01	   1.0400874039208810e-01	   2.3004400937869013e-01	
   4.7994790414107141e-01	   1.4564568874634853e-01	   5.3204413660704608e-01	   3.5312580495504120e-01	  -4.6456948421114953e-02	  -3.3435520858230518e-02	   5.5345148373838127e-01	   4.2405317469333159e-01	   2.2511771407590073e-01	   2.0512789523213451e-01	   5.7572789484899156e-01	   7.1670786739572334e-02	   0.0000000000000000e+00	   6.0380437804540565e-01	   5.5129439993818619e-01	   3.8031632788212821e-01	  -3.2570486642396972e-02	   7.3010572100125459e-02	   1.2991763953921415e-01	   6.2257641459205842e-02	   1.1678593284721614e-01	   6.8534627825994301e-02	   4.1823104110947851e-01	   5.0224753923323084e-01	  -1.1253890089264688e-02	  -1.4601423606234287e-01	   5.5537188112794275e-02	   1.6898834123183448e-01	  -9.3730303508218801e-02	   4.8959677616203182e-03	  -3.7339258418543866e-02	  -2.6126302613669893e-02	   1.1701741901747875e-01	   1.4921232408849699e-01	  -1.3896876154069112e-02	  -4.5548239305021630e-02	   2.0909178255161587e-01	   2.1328296880160899e-01	   2.7692312863324925e-01	   2.3311739579410837e-01	   2.2869253009864662e-01	   2.2139440832958671e-01	   3.5351322884598824e-01	   2.6732263105070680e-01	   1.8608489851540866e-01	   1.4859131462534791e-01	   3.6047474648380295e-01	   3.0692347576631274e-01	   3.7636464931493141e-01	   1.8551251236797620e-01	   5.3959823691586262e-01	   4.6022023422297337e-01	   9.9619441191476310e-02	   1.7206637329043756e-01	   1.5985733123523188e-01	   1.3326255963316497e-01	   1.5640428464993752e-01	   4.1774343317467919e-02	   1.7064829683946492e-01	   1.4742766183005067e-02	   5.5736746525132896e-01	   2.2276032398640930e-01	   1.1806748970824123e-01	  -4.2349007512085271e-02	   6.0835077958354822e-01	   2.6667447097109259e-01	   2.0947314334919639e-01	   9.9319669341341732e-02	   1.0433924925875249e-01	   9.8118585835852271e-02	   1.5032804052163554e-01	   1.9819857311883238e-01	   2.1729478068822677e-01	   1.0214841139650235e-01	   5.7280020734139618e-02	   1.6303384788597142e-01	   2.2758470895890404e-01	   1.3497258700389803e-01	  -2.7216933299513624e-02	   1.9102746218068570e-01	   1.7075549485555622e-01	   1.4202042421968381e-01	   1.6054102855349733e-01	   9.2089937751395068e-02	   3.7270174105983456e-01	   3.2869948223859563e-01	  -2.7222373361629911e-02	  -7.1769325075428797e-02	   3.0623661556194121e-01	   4.3671536308979642e-01	
   4.4780776467350336e-01	   3.2717182132499706e-01	   8.1624050371411822e-02	   5.1945633752422116e-01	   9.0809363820483352e-02	   1.6624250295358800e-01	   1.2596116378067956e-01	   5.8083805457892901e-01	   1.5547853231986905e-01	   5.3425789129411747e-02	   4.0151305189346848e-01	   4.7589220245672059e-01	   6.0380437804540565e-01	   0.0000000000000000e+00	   3.3256094744620446e-01	   7.7072572541716022e-01	   6.7769563885249753e-02	   1.6630560642987832e-01	   2.3167564748894964e-01	   1.3062578939797367e-01	   4.5096151684741465e-01	   1.1424718981023772e-01	   5.1102555137778970e-02	   4.1285506301318498e-01	  -1.3409241411178827e-01	   2.1781667826813578e-01	   2.0080594978074640e-01	   3.7461588926984823e-01	  -4.2881373900800678e-02	   1.1263476076334318e-01	   1.0154964553286730e-01	   2.7980870613567582e-01	   2.3447665151796354e-01	   3.3954486680105955e-01	  -2.2944230332364784e-02	  -1.6926334875864740e-02	   4.1844579603946908e-01	   3.8781343427097537e-01	   2.3989483747688306e-01	   3.9118682840690133e-01	   1.8834668568403068e-01	   4.0337813799965921e-01	   2.2653529883110818e-01	   3.3931138414659079e-01	   1.7670845314066530e-01	   2.8187681334984521e-01	   2.1028092459539910e-01	   2.6493142643096246e-01	   3.6110377635287583e-01	   3.7979480950726563e-01	   5.1583587036420986e-01	   4.5630817404047302e-01	   2.3652134201930142e-01	  -6.2232482575385342e-02	   3.0241475579568244e-01	   3.0370764907125869e-01	   9.6039313608120486e-02	   1.9198240858016918e-01	   4.2377123193289701e-01	   4.6895814354414311e-01	   5.8938457090276675e-01	   5.9576670788181763e-01	   2.0119594341480312e-01	   2.7254526694663472e-01	   3.9855189215154585e-01	   6.6166338981313499e-01	   2.1469827023355315e-01	   3.5716193517900174e-01	   1.3722143650824403e-01	   1.1060487388216295e-01	   3.6946225246194730e-01	   3.3768938497499223e-01	   4.1571549648177381e-01	   2.2226953504133834e-01	   3.3509050370935567e-01	   2.4305490851658551e-01	   2.0218075120755569e-01	   1.3596180270452110e-01	  -1.5299522209568869e-01	   5.7075656501627950e-02	   2.5198419924180820e-01	   1.3759121621713366e-01	   4.1038120170318637e-01	   1.9492431184041845e-01	   3.1280354260488369e-01	   3.4687055160354763e-01	   2.5015064129729531e-01	   1.0517959585333156e-01	   3.5028579513844549e-01	   3.6584252359977376e-01	
   3.6816609632703090e-01	   2.2767581615809390e-01	   3.3812416985222743e-01	   3.8807560928138024e-01	   1.6509131405024576e-02	   1.1474086825727066e-01	   2.4534239648120779e-01	   3.9929409672468974e-01	   6.1229716821490632e-01	   5.9281526871260248e-01	   3.8199314167205417e-01	   2.2958147302746329e-01	   5.5129439993818619e-01	   3.3256094744620446e-01	   0.0000000000000000e+00	   4.6133160179688826e-01	  -1.5772391305190919e-01	  -8.3695017712590053e-02	   3.0039237977707139e-01	   2.5058356193166126e-01	   2.3509528021114406e-01	   3.6314208826574677e-02	   4.4131766003776518e-01	   5.2806528542356879e-01	  -1.0344096340517733e-01	  -3.5947248527348166e-02	   2.4815442518453898e-02	   2.0600444585257766e-01	  -4.4692264862549569e-02	  -1.7179436030471205e-02	  -8.1652334981852273e-02	   1.4551365492037194e-01	  -7.9295068095133481e-02	   5.5408668264978374e-02	   3.6063820349317766e-02	  -5.2073528238543929e-02	   1.3359913211759708e-01	   2.4259589085775168e-01	   7.6042021413805755e-02	   1.6230234839653876e-01	   1.4586379929898863e-01	   2.9727542725956257e-01	   5.3476160277258350e-02	   1.3559975284841491e-01	   4.4257338181967934e-02	   8.3948136221090264e-02	   5.3759006788532751e-02	  -3.8126184558835740e-04	   2.3073593088396560e-01	   1.1266975892317994e-01	   3.7562438643421214e-01	   2.2222382373801730e-01	   1.7040629954576780e-01	   1.0859355558880909e-01	   1.5908192312475761e-01	   2.5861915996343976e-01	   1.5387057718628411e-02	   8.9190446799523482e-02	   1.7062509717044572e-01	   2.8320978648959472e-01	   4.3030894695344823e-01	   3.8111983260553201e-01	  -1.2406049733188854e-01	  -5.3813847303837661e-02	   4.2607672310454853e-01	   3.7245536804840307e-01	   6.3026687190525801e-02	   4.7684021095804371e-02	   8.3820747975039689e-02	   1.0450765553237601e-01	   9.4181289559955375e-02	   2.6516244889704704e-01	   3.1875244278162906e-01	   2.2397753331244752e-01	   2.1263244511265950e-01	   2.0221424980969349e-01	  -3.3903009554892533e-02	   1.2287033069525657e-02	  -2.9958628223510742e-01	  -2.1551902892580455e-02	   5.2110516055881219e-02	  -7.8945649426215792e-02	   3.4120856546015732e-01	   1.0070866411850501e-01	   5.4648355570236573e-01	   2.6505437202142718e-01	   1.0097780986108262e-01	  -5.3811798300715724e-02	   4.9850998281689507e-01	   4.2371138536065611e-01	
   3.0627654692090633e-01	   4.0924983123480296e-01	   1.2649081385906532e-02	   5.2460600142909963e-01	   4.1024193924605307e-01	   4.2153752545451478e-01	  -2.4823353889978205e-02	   6.2538600963940738e-01	   3.5152832587087091e-01	   3.7592320742256685e-01	   2.1023731779368365e-01	   4.9047703144904986e-01	   3.8031632788212821e-01	   7.7072572541716022e-01	   4.6133160179688826e-01	   0.0000000000000000e+00	  -5.1314075889101203e-02	  -4.2589871700701727e-02	   2.6624303956216749e-01	   2.5529968748826959e-01	   4.2985407970884004e-01	   3.6189036650543932e-01	   3.9626351658382325e-02	   4.2776042642411177e-01	  -1.1327958738988333e-01	   2.5088012169913854e-01	   2.2607413281949035e-01	   4.7455359407214193e-01	  -5.5689829189477097e-02	   3.0565894817797097e-02	   7.9178813181627450e-02	   4.1653966512381241e-01	   2.0019960473020471e-01	   3.1980874607657722e-01	   5.1984684532234787e-02	   8.2362108182735760e-02	   3.3827470628653888e-01	   5.0011399767220599e-01	   7.0325012563661290e-02	   4.1264817312459640e-01	   1.5249107363666015e-01	   4.5807001854453738e-01	   1.2087107490251753e-01	   3.0083166165042308e-01	   1.3077608523482567e-01	   2.9845252325436650e-01	   1.4188928073095691e-01	   1.9074796557752705e-01	   3.5304894168511103e-01	   4.3629296526925143e-01	   4.8859624404833446e-01	   3.9348764525602964e-01	   3.6369558094277105e-01	   7.4536214216732927e-02	   3.3166160097515046e-01	   3.5676395645969022e-01	   5.3500895462013927e-02	   1.6023235673901670e-01	   4.5255850044741042e-01	   6.6757798393669487e-01	   5.3849412658880769e-01	   7.1897411767125552e-01	   9.7700887345206749e-03	   2.2962215299704192e-01	   3.4855007449362696e-01	   7.6462528121490347e-01	   2.3490471213321495e-01	   4.2275131156859547e-01	   1.8337745204004291e-01	   1.8779577144787629e-01	   4.8520401375852573e-01	   3.1486084120118263e-01	   5.1914119916590273e-01	   4.1647010125014161e-01	   3.2987365558907444e-01	   4.7115516674365676e-01	   2.0322447685217720e-01	   2.3408756877485776e-01	  -2.5792360470678255e-01	  -1.3575475496231676e-01	   2.0415449719472689e-01	  -1.8591765022199551e-02	   4.6902865120301906e-01	   3.3479135324394105e-01	   4.2195976536389063e-01	   2.5139091947843423e-01	   3.7338025311036427e-01	   2.8887200842742117e-01	   4.9667793180881636e-01	   4.1761586728300537e-01	
   4.3376689156251846e-01	   6.8635207741980064e-01	  -5.0029278952480050e-02	  -5.7243994318123187e-02	   2.7727328261208667e-01	   1.6701644031430374e-01	  -1.5701183448623448e-02	  -7.2472576896380592e-02	  -9.1116697599440910e-02	  -5.8950105439338749e-02	   1.7357555726472640e-01	   3.0998229674289218e-01	  -3.2570486642396972e-02	   6.7769563885249753e-02	  -1.5772391305190919e-01	  -5.1314075889101203e-02	   0.0000000000000000e+00	   8.4994266584892664e-01	   6.1288620835882612e-01	   5.9325909010947631e-01	   2.8609783510369724e-01	   3.9604998303567895e-01	  -7.0389158501575816e-02	  -2.7000825789550487e-01	   3.5606817802672119e-01	   2.5690225076272794e-01	   1.4154180964383467e-01	  -5.1898558000717535e-02	   7.7920756812966796e-01	   6.3421327234864078e-01	   5.2690360465357722e-01	   4.5130408418224598e-02	   5.1437751683215183e-01	   5.4630626767359647e-01	  -2.6134414405455945e-02	   1.6389807576565113e-01	   5.3345203534957097e-01	   4.7781435173310127e-01	   2.3822412148160327e-01	   4.2785927678230673e-01	   5.5630432766740734e-01	   4.8970970826686733e-01	   5.0014939001073533e-01	   5.6040403802074290e-01	   5.0947270192599570e-01	   3.8309793652095808e-01	   5.3798822231674204e-01	   5.0044896294881114e-01	   4.4753932898191168e-01	   4.3315956741307782e-01	   1.9077499333934669e-01	   1.3925607381784899e-01	   4.0429911354667120e-01	   3.3432943360981193e-01	   4.6451124393515653e-01	   5.2339690414901419e-01	   8.2479200863835045e-01	   7.8592241871624335e-01	   4.3493524273979628e-01	   2.3790928114706442e-01	   3.9190307723190537e-01	   6.6855686836024025e-02	   8.5009461109378381e-01	   7.1327601501716098e-01	  -2.9038830895717599e-01	  -2.4199192486284232e-01	   1.2314698425305953e-01	   9.8457755280759285e-02	   5.5908649601794458e-01	   4.4203737631786599e-01	   1.7857780234418921e-01	   3.8143754041847666e-02	   4.8315865514736267e-01	   4.0385672190619837e-01	   5.1957966189245486e-01	   4.0841327553536566e-01	   6.5741271341995677e-01	   5.7479883796816023e-01	   6.3097537314229102e-01	   3.9163970562942335e-01	   7.6994904323271074e-01	   7.7720481167272548e-01	   1.6773841775399448e-01	   9.8775429126315095e-02	   1.2555817865882768e-01	   3.0795893429569865e-01	   1.5563269055748508e-01	   4.5264537217153414e-02	   1.6122523188802140e-01	   2.7066803064523803e-03	
