   0.0000000000000000e+00	   6.9426814541747006e-01	  -9.7816267469357870e-02	  -4.5156396514707382e-02	   1.2110950683927754e-01	   3.0768977112021689e-01	   5.9913836213752285e-03	  -6.2779641296278610e-02	   2.2393709462058004e-01	   2.9569432125182860e-01	   6.4796336973927271e-01	   5.2992403675128319e-01	  -1.2587096426239737e-02	   1.0882911894071559e-01	  -8.9083518660828642e-02	   1.3038655192979301e-01	   2.5931702606275225e-01	   5.3507795066826247e-01	   7.3857216385107294e-01	   6.7754772569623345e-01	  -1.5008915503802622e-01	  -1.8123484570623680e-01	  -6.6817334354040275e-03	  -1.0033553030157790e-02	   4.2569804436205866e-02	   1.9005237648905104e-01	   1.5521111419932843e-01	   1.9404558484285975e-01	   2.7104472997595114e-01	   1.9449820246922064e-01	  -1.4496708482711087e-02	   8.4289730737840726e-02	   4.2366549104639156e-01	   4.8970972973660021e-01	   4.5465749216640783e-01	   3.7012934787337914e-01	   2.2937023373295673e-01	   2.5402677382362315e-01	   1.4456258765173588e-01	   1.5753514028906965e-01	   5.6212035401357752e-01	   3.4904278319972337e-01	   1.4935020835375440e-01	   6.7204099358221275e-02	   1.3313979157628575e-01	  -1.8866550650114416e-02	   2.7601547376317503e-01	   1.8940040512618000e-01	  -1.9151318634837954e-02	  -5.3450228870981484e-02	   3.4584098742656783e-01	   7.4932761863165498e-02	   3.7373846140810879e-01	   8.0688200313508481e-03	  -1.0123911616869062e-01	  -9.1002899878913524e-02	   6.5253230708398369e-01	   5.2247180540120275e-01	   2.9555096971476513e-01	   2.8228626722542568e-04	   6.8580480793994802e-01	   2.6616761050852911e-01	   3.8441603291342868e-01	   1.5820149097901975e-01	   4.2634807588329882e-01	   3.0562448932781550e-01	   4.3860071904140496e-01	   1.8782999020011545e-01	   5.5375178176010720e-01	   4.4001496998893525e-01	   1.4475483402504345e-03	   1.5193829992259511e-01	   4.8690143262736607e-01	   9.8146427289160343e-02	   3.0395772738927834e-01	   1.1894396774373754e-01	   5.1180336091637491e-01	   4.0742712735645376e-01	   5.6234301088531180e-01	   6.4483658269390842e-01	   3.3798730947146843e-01	   4.3237799519615255e-01	   2.0817366490259895e-01	   4.3505591866532373e-01	   4.9434287659453224e-01	   3.0865005378710542e-01	  -3.2981586050376610e-01	   4.2371467649368877e-01	   7.1554387330234892e-02	   1.7801377886050052e-01	
   6.9426814541747006e-01	   0.0000000000000000e+00	   1.6788525180966241e-01	   3.4065294248354078e-01	   1.4110760568777270e-01	   4.2247291581318824e-01	   2.7668660475166296e-01	   3.4125798687705294e-01	   5.0704431534521220e-02	   2.6942603447865082e-01	   2.3584008674439408e-01	   6.3083424107891928e-01	   2.8546649519164941e-01	   5.0485381015710806e-01	  -2.3436296670578338e-02	   2.3877435003689905e-02	   5.5137626937176731e-01	   6.1220270628433426e-01	   3.9435041308205498e-01	   6.2408341029216230e-01	   8.4122096650201539e-02	   1.4651225452344346e-01	   1.7647898909010193e-01	   1.5486430210783600e-01	   2.7985461849865384e-01	   4.2495741487000349e-01	   3.7328263650865767e-01	   4.5157511759317603e-01	   3.5991075989461985e-01	   6.3683280791456165e-01	   2.9012051309627951e-01	   3.3103918592167403e-01	   7.2853037154879385e-01	   7.6571593042708419e-01	   1.7869366412585824e-01	   1.7560255887132381e-01	   3.6510410850949626e-01	   2.8984113285067542e-01	   4.0167843551140121e-02	   1.3499945801762980e-01	   4.0564178702715292e-01	   4.0499511105196423e-01	   3.5329324920951982e-01	   4.1653509471318961e-01	   4.1356805555543263e-01	   3.8487720662278835e-01	   6.1640806757981847e-01	   5.3642392291193786e-01	   4.1804704010797367e-01	   2.6818013403867025e-01	   5.4258511937501808e-01	   2.9498936994605085e-01	   6.1645495986228593e-01	   2.1756458454876521e-01	   3.3174523931184463e-01	   1.3418818361361745e-01	   7.3879375782915913e-01	   8.3259641763023662e-01	   4.7540805062384095e-01	   4.6409960186174237e-01	   7.2153242367425041e-01	   5.8880672192116534e-01	   7.0414623688615541e-01	   6.4820592438995994e-01	   2.2667281292978975e-01	   1.7327886104237583e-01	   5.4966410619118600e-01	   4.4528055305092340e-01	   6.5250627703742003e-01	   4.9487126446991764e-01	   2.7413890282212339e-01	   1.8704330945565734e-01	   6.6785399309721316e-01	   3.8698898833384870e-01	   3.6161587348103574e-01	   7.6515785050345744e-02	   5.3730539151006618e-01	   4.4652077580184346e-01	   5.2337387252382306e-01	   6.1700523000391505e-01	   6.3409015097973132e-01	   7.3683607890378544e-01	   2.8911108595183377e-01	   7.0058322064305245e-01	   6.7635794817715555e-01	   5.9175844472610573e-01	  -8.8779177904324547e-02	   3.4755747811385407e-01	   4.0567245514462691e-01	   3.5415591145878855e-01	
  -9.7816267469357870e-02	   1.6788525180966241e-01	   0.0000000000000000e+00	   9.1332324255451447e-01	   1.6039440306907346e-01	  -5.5453496281318321e-02	   9.1945703105797638e-01	   8.5042347619558911e-01	  -2.6970026079042680e-01	  -2.6101646026869185e-01	  -1.9968899402167162e-01	  -1.9351378287533488e-01	   8.3674264662220432e-01	   6.4366406613992144e-01	  -7.9393707513921247e-02	  -6.1298285886537140e-01	   3.5886315163289367e-01	  -1.6708261083773013e-01	  -9.5594340564762043e-02	   6.4996507670707360e-02	   5.6143401597316489e-01	   5.0460861157970405e-01	   9.1744451301959495e-01	   7.9685530750016831e-01	   7.4499537999803467e-01	   4.9019985565908042e-01	   3.9621165666948210e-01	   5.6698880199498036e-01	   1.8133617976427907e-01	   3.1924082671148180e-01	   7.9420038504500468e-01	   6.9921315946716878e-01	   4.6195466764976334e-01	   4.1319799670169427e-01	   1.5848620203930994e-01	   1.5516862602561202e-02	  -4.2837467985485572e-02	  -1.6401834052566411e-01	  -2.8029242480151617e-01	  -3.3178821149823168e-01	  -1.9771521557659016e-01	  -5.0177158733153426e-02	   2.0794238739268306e-01	   2.1872556013166650e-01	   2.3338398406295632e-01	   2.0687711300739348e-01	   2.8656401632935502e-01	   2.6472643486990655e-01	   2.2814932884635009e-01	   2.6682186456581541e-01	   4.1276477702447822e-01	   4.1579897568131463e-01	   2.6778055832405523e-01	   3.5037422850851374e-01	   3.9309845144741040e-01	   3.0949808856514949e-01	  -2.8871079075340769e-02	   1.0893156285437632e-01	   4.6080305174040232e-03	   3.7406709093392265e-01	   1.3923608667111934e-01	   2.7072817269550598e-01	   2.5709324903907843e-02	   3.1801408316322927e-01	   8.4416837998357599e-02	   9.9320776595574534e-02	   3.8380119469532470e-01	   3.2891777675634881e-01	   4.1778228259375461e-01	   1.8577963840289136e-01	   6.0061912321066413e-01	   5.1755564528452336e-01	   2.7732609199638075e-01	   2.2049502648189936e-01	   3.6518461912587569e-01	   5.7947034590520738e-02	   2.5374522687117379e-01	   1.4243728785656268e-01	  -2.6575397679279779e-02	  -1.1171227343340782e-01	   3.4238147477931341e-01	   3.3065507598643101e-01	   1.4402709613795600e-01	   8.6570298609200902e-02	   4.9826513122945126e-01	   1.6003514012447581e-01	   3.9465949367295183e-01	  -2.4068583042070923e-01	   7.5584311416814232e-01	   3.4339430466463872e-01	
  -4.5156396514707382e-02	   3.4065294248354078e-01	   9.1332324255451447e-01	   0.0000000000000000e+00	   1.2691156039058502e-01	   2.6296904495870365e-03	   9.2756494344268403e-01	   9.3484177063120555e-01	  -1.5913735758954148e-01	  -1.9607888954759134e-01	  -2.0331607132595356e-01	  -4.0059725525739193e-02	   8.2551112298508877e-01	   7.2230189623840779e-01	  -2.9273540004174151e-02	  -5.7383062634394366e-01	   4.9622392869042903e-01	  -6.9268910770414083e-02	  -6.8508148034549021e-02	   1.1579724422614970e-01	   5.3617064516150093e-01	   5.2211616222574753e-01	   8.6942072210196020e-01	   7.3133407444105525e-01	   7.3587763420857033e-01	   5.4884334383743183e-01	   4.4302587689101486e-01	   5.8521513821801685e-01	   2.6760675357203101e-01	   5.1926455061779542e-01	   7.8184282549338524e-01	   6.8756856710980152e-01	   6.1385657824619133e-01	   5.6570985074022617e-01	   1.2140231292588846e-01	   5.2177405817203204e-02	   1.1097758854340865e-01	  -2.8217915639501587e-02	  -2.3509857259106287e-01	  -2.6516082130972873e-01	  -1.4242959074700873e-01	   8.8120193427406235e-02	   2.9603838544775596e-01	   3.2832792169094122e-01	   3.4144739466586554e-01	   3.5364153720254071e-01	   4.8068276462076487e-01	   4.4806429362933969e-01	   3.4812281558237890e-01	   3.2432575690313947e-01	   4.7120865526444189e-01	   4.5623454131015184e-01	   3.3885407428601005e-01	   3.4063682897908659e-01	   4.7995239312205218e-01	   3.3324220036315716e-01	   3.2871352906928844e-02	   1.9046360120485994e-01	   6.7075481054654773e-02	   4.6342364668420266e-01	   2.5021911269333447e-01	   4.8693327608811765e-01	   2.1829642075260852e-01	   5.3839770044498891e-01	   6.9541044489310741e-02	   1.3395662473783149e-01	   4.7418153694861964e-01	   4.6469084645196879e-01	   5.4318499736001291e-01	   2.4385456744018985e-01	   6.5053020656783755e-01	   5.5400223089250211e-01	   4.4276467497419519e-01	   3.8830724178646725e-01	   3.9718548095846323e-01	   8.7578039102346517e-02	   3.5237188770007732e-01	   3.0416112210326662e-01	   2.5672716986503256e-02	  -6.7084592656813435e-02	   4.7671795514926485e-01	   4.8134560693892703e-01	   1.7454646033842819e-01	   2.0833574107212108e-01	   5.5238738263776799e-01	   3.4157724818171431e-01	   3.2882175331028474e-01	  -2.3134076010532048e-01	   7.8720298888118601e-01	   4.5139622861836071e-01	
   1.2110950683927754e-01	   1.4110760568777270e-01	   1.6039440306907346e-01	   1.2691156039058502e-01	   0.0000000000000000e+00	   5.0616395244114110e-01	   6.3617168734991222e-02	   8.1907561319026267e-02	   2.0705083887881345e-01	   5.4234889634911365e-01	  -1.8862046605562938e-01	  -1.6877208903080537e-01	   1.1376635708274255e-01	   1.4307472670993535e-01	   6.1750655421951872e-01	   1.9981164044626518e-01	  -7.0728923065948052e-02	   5.0298102307924378e-02	   7.3909054051534445e-02	   1.8455247156220334e-01	   1.0393189792717572e-01	   1.2785191936994342e-01	   8.0543232799425837e-02	   1.8921327525472467e-01	   2.7665812525574374e-01	   2.5623178787866846e-01	   1.9596013104842736e-01	   1.4354460201680536e-01	  -2.6672523036636864e-01	  -3.1200415399249854e-02	  -7.5284506862978134e-02	  -6.3344172463872833e-02	   1.3100870745699855e-01	   7.9776835633939558e-02	   3.8720598792656574e-02	   4.3185272229499992e-02	  -1.1293908093686506e-01	   2.0004917945952044e-01	  -2.6634447557616903e-01	  -1.5392486567610325e-01	   3.8155362608117235e-02	   8.2807383560068920e-02	  -8.3697730335038231e-02	   4.4220867829646855e-02	   2.2195710723388390e-01	   1.3749791252218505e-01	   5.8089038197677315e-02	  -2.9875737052591375e-02	   1.9342382069361935e-01	   1.4822199060344599e-01	   1.6946261893701639e-01	   1.3848073249584078e-01	   3.2004576778888355e-01	   1.2414058207594909e-01	   1.5726996361227066e-01	   1.7131007816775040e-01	   1.2038599975692271e-01	   2.1601732540493335e-01	   2.5374595025332680e-01	   1.7672774412311806e-01	  -6.3526399514382825e-02	  -8.5939940664708961e-02	   3.1327976442037421e-02	  -5.6618740004744331e-02	   2.0436987028964399e-03	  -5.7688174572058860e-02	   2.1447099270520420e-01	   1.7701479696585803e-01	   9.4954502426717574e-02	   2.1437877757067816e-01	  -5.9769842512192098e-03	   1.5460590958509771e-01	   4.1629128554000090e-02	   1.8335825632862179e-01	  -9.2055966415758611e-02	   3.9905786036590030e-01	   1.3086557623595246e-01	   1.0825743351343990e-01	   7.5065075440450102e-02	   8.7539758601751075e-02	   1.9492140265842184e-03	   2.0340896198856895e-01	   3.4597749461560545e-01	   3.4497551412365629e-02	   1.6065856550504667e-01	   2.5400506471312873e-01	   2.3655380303669665e-01	   9.6668975049097163e-04	   2.1807272036148523e-01	   3.2812319613738883e-01	
   3.0768977112021689e-01	   4.2247291581318824e-01	  -5.5453496281318321e-02	   2.6296904495870365e-03	   5.0616395244114110e-01	   0.0000000000000000e+00	   3.7194333690615158e-02	   5.9110307630290522e-02	  -4.1396964026160334e-03	   7.4101597044658019e-01	   3.1416524170267246e-02	   2.7427964932953453e-01	  -5.0894001411466674e-02	   1.4967915396629716e-01	   1.8211211525343279e-01	   4.9155267090082377e-01	   1.3334240194428892e-01	   3.7268200773913257e-01	   1.2010803433032699e-01	   2.2693748059659011e-01	  -4.6909932794594808e-02	  -9.9775629391180815e-02	  -1.1048965344755594e-01	  -5.8851598329565831e-02	   1.7039604422849514e-01	   4.4538184343900022e-01	   3.5759071240987639e-01	   3.0436936943865972e-01	   8.0702943993658682e-02	   1.4997201939593091e-01	  -1.6042034912005132e-01	  -1.2934124133282923e-01	   2.1019400908869298e-01	   2.2820771299497528e-01	  -3.1884503840259912e-02	  -5.2713525888025942e-02	   2.6076693154108466e-01	   1.2611981913058967e-01	  -3.0106809464119741e-02	   3.2401868091198757e-02	   2.8485088164494798e-01	   2.2896200523364058e-01	   5.4954416214332800e-02	   2.1843811564811338e-01	   2.8025001315102510e-01	   3.0867565559689342e-01	   3.0904438916298049e-01	   1.6026395925173689e-01	   3.5033511130210793e-01	   2.5241458948978007e-01	   2.6961140964752273e-01	   1.5284651936357668e-01	   3.9012818539241817e-01	   1.7621743902886156e-01	   2.6212250853037633e-01	   9.5742551228062148e-02	   3.9448572529983761e-01	   3.6816878433879330e-01	   2.6819381744846177e-01	   1.0718037820481094e-01	   1.7061248036370924e-01	   1.2771404754666030e-01	   3.5192744453937030e-01	   2.0394475524392530e-01	  -5.4151303269100365e-02	  -3.3422243234886337e-02	   9.7557988046534455e-02	   1.2029098621459847e-01	   1.7998822292262837e-01	   2.3431822788947010e-01	  -7.5084591190162808e-02	  -1.5109906874790693e-01	   2.3453744095214185e-01	   1.3898817653084711e-01	  -6.8486287567868176e-02	   8.6519894890102311e-02	   6.7862058055501620e-02	  -5.9123369221429894e-04	   2.2815870715731085e-01	   2.8457903554720332e-01	   1.9962072757650653e-01	   2.9403172630322233e-01	   6.8895430312123931e-02	   3.3119115248080389e-01	   1.6247631683798247e-01	   3.1055765871248153e-01	  -2.1305125256656360e-01	   3.7621981000603554e-03	  -2.3821843847273115e-02	   1.0679559092152344e-01	
   5.9913836213752285e-03	   2.7668660475166296e-01	   9.1945703105797638e-01	   9.2756494344268403e-01	   6.3617168734991222e-02	   3.7194333690615158e-02	   0.0000000000000000e+00	   9.3027301005615048e-01	  -2.1837977110972639e-01	  -1.9052814240185309e-01	  -8.1834346337801525e-02	  -6.1873765915543749e-02	   8.4710568663922281e-01	   6.8414851588981185e-01	  -1.7883648655586598e-01	  -5.6546400447503531e-01	   4.9635443198253681e-01	  -5.9149941214403881e-02	  -1.3676082177605157e-02	   8.8680367354008971e-02	   5.4789349828767553e-01	   4.7955276922184459e-01	   8.8342148181939140e-01	   6.7761123617801311e-01	   6.8805658018793503e-01	   5.2068402088098953e-01	   4.1569499585150083e-01	   5.8656422078426418e-01	   2.7631802515497050e-01	   4.1112697483467936e-01	   7.4684931494544227e-01	   6.6862659892504372e-01	   5.6187893282833046e-01	   5.5317864037016484e-01	   1.7531538634951493e-01	   7.6465778476730209e-02	   9.8928851278287336e-02	  -5.1890512790110609e-02	  -2.0443043384727377e-01	  -2.8392774573278412e-01	  -1.0167063029768258e-01	   6.6519226611341839e-02	   2.0503461168089351e-01	   2.4924413328350706e-01	   2.1681656831887072e-01	   2.2395671145932999e-01	   4.0008163026314664e-01	   3.5981153715322250e-01	   2.2881286598637435e-01	   2.2182161585671165e-01	   4.5351737719053886e-01	   4.1211336573412977e-01	   2.8033637663100314e-01	   3.2638131405980042e-01	   4.5604711606442422e-01	   3.0937695144096705e-01	   1.4590227168961110e-02	   1.3864222467688714e-01	  -4.7481914194111435e-02	   3.4272553134404071e-01	   2.9739141826731924e-01	   5.0844364668543451e-01	   1.8076577528206178e-01	   4.9549249629651981e-01	   1.2034749366762712e-01	   1.9128950029222819e-01	   4.1272889956316217e-01	   3.4847431819064723e-01	   5.2461095222683229e-01	   2.1409956446679432e-01	   6.2790221233476295e-01	   5.6657574609261208e-01	   4.1580188643102867e-01	   2.8416079084009493e-01	   4.4141741523060263e-01	   7.2591690453707322e-02	   3.8593830380615501e-01	   2.5999739060813692e-01	   6.1005516479124174e-03	  -6.7372341523302667e-02	   4.7068358585869619e-01	   4.2978221211263107e-01	   5.3817460858496848e-02	   1.5618682601655898e-01	   4.8274938189837813e-01	   1.9069176646836750e-01	   2.6484456968899567e-01	  -3.2014163649906036e-01	   7.4545044218780299e-01	   3.0966143339777646e-01	
  -6.2779641296278610e-02	   3.4125798687705294e-01	   8.5042347619558911e-01	   9.3484177063120555e-01	   8.1907561319026267e-02	   5.9110307630290522e-02	   9.3027301005615048e-01	   0.0000000000000000e+00	  -1.5326432763556111e-01	  -1.2495055744325939e-01	  -1.9294218486909040e-01	  -3.0881974119392898e-02	   8.6579355222589616e-01	   7.6178107087213776e-01	  -5.7853576875567504e-02	  -5.4499804351766590e-01	   5.9001150644232736e-01	  -2.8717276617804745e-02	  -9.7513238431538710e-02	   1.1841224677268895e-01	   5.9716577963745254e-01	   5.8958564286266157e-01	   8.4474264555360135e-01	   6.4542348442444220e-01	   7.2342786050598407e-01	   5.8535169010836408e-01	   4.8508399668580604e-01	   6.7797623538337082e-01	   3.0273900189960173e-01	   5.8319925329205469e-01	   7.9290162538792497e-01	   7.0789741213814916e-01	   6.3832733765497429e-01	   6.2601840813254284e-01	   6.9164788044400460e-02	   1.1714468818841873e-02	   1.1737199044652813e-01	   2.0134904036104177e-02	  -1.8661694594400258e-01	  -1.7345047542722006e-01	  -1.1615662685666023e-01	   1.2974873376767154e-01	   2.6718689062973877e-01	   3.0451630276194658e-01	   2.6882709329244991e-01	   3.0893552672002700e-01	   4.8126512983949055e-01	   4.3367747570267412e-01	   3.4514583621013073e-01	   2.8994709813650577e-01	   4.4970843699472873e-01	   4.2879678861361720e-01	   3.0875158034527656e-01	   3.1929187247489649e-01	   4.8191095942418788e-01	   2.6641234987834894e-01	   3.1424228558669581e-02	   2.2750697659007113e-01	   9.1149711091947139e-02	   4.7103598620951703e-01	   2.6205912804150222e-01	   5.8733164688077411e-01	   2.3991908053230632e-01	   5.8928389516483526e-01	   2.9824039514833416e-02	   1.9531222350355548e-01	   4.1162816560612003e-01	   4.0738192326223022e-01	   5.5126555442075786e-01	   2.6558377196122418e-01	   6.9265276538478171e-01	   5.3650038782360665e-01	   4.9632507914010565e-01	   4.3395334907980043e-01	   4.0338848859683446e-01	   1.2239902892390653e-01	   3.5127653649308249e-01	   2.5690313283648708e-01	   6.3597234610727943e-02	   8.9056868939708447e-03	   5.2125125682093909e-01	   5.0761524630668742e-01	   1.1457961501038508e-01	   2.3780369177424748e-01	   4.9253822235901601e-01	   2.4050326192575064e-01	   2.8692923367305379e-01	  -2.4356085026958479e-01	   7.5931679147570974e-01	   3.4895092692509533e-01	
   2.2393709462058004e-01	   5.0704431534521220e-02	  -2.6970026079042680e-01	  -1.5913735758954148e-01	   2.0705083887881345e-01	  -4.1396964026160334e-03	  -2.1837977110972639e-01	  -1.5326432763556111e-01	   0.0000000000000000e+00	   3.8661873621137699e-01	   6.4257856917008638e-02	   2.4346832992742191e-03	  -5.5369145476608775e-02	  -1.5248305054596786e-01	   4.4611455037561604e-01	   1.6727721164732312e-01	   1.0630856636715764e-02	   1.9948915836331182e-01	   2.3679089922821783e-01	   2.0189782810332932e-01	  -1.9833254764080566e-01	  -9.3988255034705426e-02	  -1.5676015935608167e-01	  -8.5369673327206574e-02	  -9.9323893781368522e-02	  -4.3619738514884231e-02	  -1.1245527519331830e-01	  -1.4544754413888006e-01	  -1.0877900693562330e-01	   7.1997238264993836e-03	  -1.9764069847393095e-01	  -2.1946761120640587e-01	  -5.1975292007981802e-02	  -1.1314459621132167e-02	   2.3208330782929332e-01	   3.3297517058044546e-01	   6.8865135585469667e-02	   1.4610869509714292e-01	   1.0185217371005977e-01	   2.2956624827410549e-01	   3.3633504647550230e-02	   8.9793589436127919e-02	   1.4011077976121211e-01	   8.1444946612067026e-02	   1.6519981484253293e-01	   1.0782832846325685e-01	   1.9860853798507494e-01	   2.4338057064404509e-01	   9.0726832501242055e-02	   1.2394448437750068e-01	   2.1681319288463269e-01	   1.3194230566926354e-01	   2.1858005242747458e-01	   1.2157568325525789e-01	  -6.9895486383422412e-02	  -3.0676561155005395e-02	   5.2856823232180591e-02	   4.0912307685950812e-02	   2.1430223137102034e-01	   1.8156028266274306e-02	   1.6681264871201182e-02	   1.2490566582807204e-01	  -8.8693344334595511e-02	  -5.8262830341237415e-02	   1.9558942008069224e-01	   2.6315258917878381e-01	   2.0326275561326004e-01	   2.8785073112558512e-01	   3.4573030595115309e-02	   5.7414207641500917e-02	  -2.8910280069819244e-01	  -1.6483438300888173e-01	  -1.6834400802610464e-02	  -2.9295743019438662e-02	  -1.5179682902391155e-02	   1.0504844904498858e-01	   1.1013201860562198e-01	   2.6407848403265294e-01	   2.1812462346164443e-01	   1.4685573188798884e-01	  -4.5625572421077926e-02	   2.6892551476491697e-02	   1.7353030187743951e-01	   2.1849528795035739e-01	   7.2347805687521527e-02	   2.4497399906013750e-01	  -1.0307321709540546e-01	   2.9035293339141094e-01	  -1.3774359653796128e-02	   2.2900379665306556e-01	
   2.9569432125182860e-01	   2.6942603447865082e-01	  -2.6101646026869185e-01	  -1.9607888954759134e-01	   5.4234889634911365e-01	   7.4101597044658019e-01	  -1.9052814240185309e-01	  -1.2495055744325939e-01	   3.8661873621137699e-01	   0.0000000000000000e+00	   5.6961889848726452e-02	   2.7030474359171458e-01	  -1.3209747055298965e-01	   5.1015430945689055e-02	   3.1300785112700552e-01	   5.8650381165039034e-01	  -5.8169710888234930e-02	   2.9208642813380370e-01	   1.8696378891731952e-01	   2.3264383681357681e-01	  -1.4218134123065718e-01	  -2.2478194898679232e-01	  -2.6864202457572733e-01	  -1.8648173958338310e-01	  -1.1573093345222607e-01	   1.0857297568578785e-01	   2.7114042723731201e-02	  -1.1337794965491995e-03	  -1.5560878245852655e-01	  -3.7810817646643388e-02	  -3.4722322500757014e-01	  -3.3155676193427785e-01	   3.0398374071162620e-02	  -5.7510493950653956e-03	  -2.2969698648606641e-02	   3.3394001494597834e-02	   7.9538492685824358e-02	   2.1513689132156116e-01	   1.0215605562255232e-01	   1.5032455134094100e-01	   1.4643161842739355e-01	   1.5861832763866857e-01	   8.0584303143537862e-03	   1.2285898342372989e-01	   1.4778294121681076e-01	   1.5855079055099355e-01	   1.3459249340376089e-01	   7.1020717245791232e-02	   2.7473172244609645e-01	   2.7624172277906295e-01	   2.3188555086877335e-01	   1.9252230890456612e-01	   3.3379309277226415e-01	   2.3543216367008130e-01	   1.0334700233097713e-01	   5.8592593126968514e-03	   2.8539893068081579e-01	   2.2707791566581131e-01	   3.1379582170335835e-01	   5.3266869473301878e-02	  -2.9359823082702310e-02	  -1.2658671013443571e-02	   9.6610262700708840e-02	   3.5152216554610323e-02	  -1.1166827329282619e-01	  -3.8819747347816347e-03	  -8.2592283282671829e-03	   6.2649753206813374e-02	   9.3585821531253457e-02	   1.7601779882514648e-01	  -2.2085821141662398e-01	  -2.3810074342739929e-01	   2.8981292311405782e-02	  -7.9241551424537399e-02	  -2.1769301458069829e-01	   8.8509063560674006e-02	   4.5679174313935445e-03	   3.1822943735183651e-03	   1.6299848740498829e-01	   2.1868275853746827e-01	  -7.4065616622890108e-03	   1.2009503925611822e-01	   1.0031474474009497e-01	   2.4436343390335746e-01	  -5.0624544597766857e-02	   1.9900377273491140e-01	  -1.6217208664269042e-01	   1.1758954348652532e-01	  -1.7716653889487888e-01	   8.6275963483797680e-02	
   6.4796336973927271e-01	   2.3584008674439408e-01	  -1.9968899402167162e-01	  -2.0331607132595356e-01	  -1.8862046605562938e-01	   3.1416524170267246e-02	  -8.1834346337801525e-02	  -1.9294218486909040e-01	   6.4257856917008638e-02	   5.6961889848726452e-02	   0.0000000000000000e+00	   4.8444590652877451e-01	  -2.2277359587003090e-01	  -1.2987006678178487e-01	  -1.5504064807715301e-01	   2.3455502748162391e-01	  -7.4370181874979638e-02	   1.2967206420337629e-01	   7.7553513806290197e-01	   4.5459325343774398e-01	  -3.8993693219645054e-01	  -3.7809863063719373e-01	  -5.9874518474281178e-02	  -1.1616225860970561e-01	  -2.6454783048535241e-01	  -2.5512527932639018e-01	  -2.2473128689118990e-01	  -1.8888874408053719e-01	   7.6769645086957605e-03	  -1.1068973005673263e-01	  -2.3448262532868561e-01	  -1.3919345196298605e-01	   2.8096094932589164e-02	   1.5454961581952281e-01	   5.1309205683190662e-01	   4.6757944508947891e-01	   1.5281610768839804e-01	   8.4491484782105136e-02	   2.7831160307777283e-02	   3.4698965599576859e-02	   3.1967481105133788e-01	   1.7211147218855974e-01	  -1.8268459618361405e-01	  -3.2050507881699708e-01	  -2.4469941885780960e-01	  -3.6651458971396350e-01	  -1.0644445254686244e-01	  -1.3986583923191490e-01	  -4.5612506498640681e-01	  -4.3817786240589690e-01	   2.5497509514848568e-02	  -2.0164706911769270e-01	  -1.4125852944159994e-01	  -2.5079324220955346e-01	  -3.2352430318652564e-01	  -4.2540167685834679e-01	   8.6479082759705839e-02	   3.5473173358182987e-02	  -2.0054953476708876e-01	  -4.1951153738729841e-01	   3.1821908237047714e-01	   8.6413041639583285e-02	  -7.2523132353069730e-02	  -2.1648866537204736e-01	   4.9890155493485155e-01	   4.3850110588406499e-01	   1.6458485201974199e-01	  -1.3896577091343029e-01	   2.1747698726813855e-01	   7.8864587545460108e-02	  -1.7359149082402939e-01	   1.7760577684901496e-01	   1.4641306253689262e-01	  -7.7063186314822410e-02	   1.9243864937214222e-01	  -1.1723354412573292e-01	   4.6670649754515797e-01	   3.2106536988853424e-01	   1.3459467185549001e-01	   2.8797405408839810e-01	  -8.1864549197988107e-02	   3.2312019206974692e-03	  -8.0780950841526672e-02	  -1.1316483927349831e-02	   2.0323313034408108e-01	  -1.5455624681504504e-01	  -3.3796720429247129e-01	   1.3111358511782997e-01	  -2.8380637925291052e-02	  -2.5925617361249720e-01	
   5.2992403675128319e-01	   6.3083424107891928e-01	  -1.9351378287533488e-01	  -4.0059725525739193e-02	  -1.6877208903080537e-01	   2.7427964932953453e-01	  -6.1873765915543749e-02	  -3.0881974119392898e-02	   2.4346832992742191e-03	   2.7030474359171458e-01	   4.8444590652877451e-01	   0.0000000000000000e+00	  -8.6822558014107737e-02	   2.8252636921266816e-01	  -1.1948880189492864e-01	   3.5635195089161725e-01	   1.7426090849523654e-01	   4.4257205990957027e-01	   3.5170251775922723e-01	   4.0378143804332728e-01	  -2.6383477327465588e-01	  -1.2504838634617152e-01	  -2.1948528494354613e-01	  -2.0446302580414924e-01	  -2.3911974994361718e-01	  -6.5041751124715011e-02	  -2.0632803957865591e-02	   1.9135093696184557e-02	   2.9059140047115362e-01	   3.0800337430291441e-01	  -7.5902324891903655e-02	  -2.4899551932284982e-03	   2.2033518770561675e-01	   3.2670665469460330e-01	   5.4970195162761581e-02	   4.4892474626850573e-02	   2.8378158899779726e-01	   1.2843773286909682e-01	   1.1597497098914886e-01	   1.4234706740303052e-01	   3.1602827693843172e-01	   2.7027591560316749e-01	   1.2519947912810583e-01	   1.8658638206972508e-01	   5.4590473983510142e-02	   1.3309702822574576e-01	   2.2257917319240805e-01	   2.1519103661524214e-01	   1.3897893423030816e-01	   6.5952938066142441e-02	   2.9894066945571879e-01	   1.2692938498740322e-01	   2.5842512909253423e-01	   3.0740996779769561e-02	  -3.9398121537144254e-02	  -1.5360285057636769e-01	   4.5370641267670209e-01	   3.9711087507338894e-01	   2.7330281048992017e-01	   4.8735071807144967e-02	   4.3544393932658076e-01	   3.2924847754405373e-01	   4.0214044280133909e-01	   3.9099171117299003e-01	   2.1676193706241648e-01	   2.1379142988332783e-01	   1.3136164436119716e-01	   7.8435344677840690e-02	   1.5170973494458581e-01	   6.8889741183931943e-02	   3.5244382868030624e-02	  -3.4708437638438297e-02	   3.1197984855536820e-01	   1.5481299300802631e-01	  -2.2219892576457616e-02	  -2.2429306099529350e-01	   2.1683188692579178e-01	   1.5465005630911993e-01	   2.2219774687402732e-01	   2.7962302263620625e-01	   1.5241147930751731e-01	   2.9272773259056895e-01	   6.5191321574027183e-02	   4.3329058734316217e-01	   2.3737711076736423e-01	   3.2453904818633084e-01	  -3.2920636093966210e-01	   2.4727293468768191e-01	  -6.4571201226932773e-02	  -1.5968691391556305e-02	
  -1.2587096426239737e-02	   2.8546649519164941e-01	   8.3674264662220432e-01	   8.2551112298508877e-01	   1.1376635708274255e-01	  -5.0894001411466674e-02	   8.4710568663922281e-01	   8.6579355222589616e-01	  -5.5369145476608775e-02	  -1.3209747055298965e-01	  -2.2277359587003090e-01	  -8.6822558014107737e-02	   0.0000000000000000e+00	   8.1097726306554052e-01	   1.1330176203009471e-02	  -5.9199879967036517e-01	   5.6044958444822712e-01	  -1.0453138909737855e-01	  -8.1574680087435597e-02	   1.2365201929191438e-01	   5.8542099062613562e-01	   6.0173794782123391e-01	   8.4247211607188455e-01	   7.2656818341106266e-01	   6.6820792378121374e-01	   5.0328877074684497e-01	   3.4052748051494103e-01	   5.8938332412460726e-01	   1.5469233711969965e-01	   4.0559275330140854e-01	   7.5189011487861168e-01	   6.6253128704049136e-01	   5.1980901136544122e-01	   5.0112363240998570e-01	   1.3288602343367040e-01	   6.2497368230735498e-02	  -5.9295136833840731e-02	   2.3061984143064429e-02	  -2.6422109777728303e-01	  -2.3365403994919332e-01	  -1.9507813068586874e-01	  -2.0673401103492518e-02	   2.3792457276942813e-01	   2.3751338475457506e-01	   1.6854025598257674e-01	   1.7043394079593699e-01	   3.5455178226938583e-01	   3.6396800541774987e-01	   2.7701736392336207e-01	   2.7066368669585333e-01	   4.4471310431522604e-01	   4.6280139573077006e-01	   3.5158326555044050e-01	   3.8853786387670586e-01	   3.8364155671483108e-01	   3.3245300641364983e-01	   1.1615957272492658e-02	   2.1710762536603406e-01	   1.6857559857381790e-01	   5.0688231031786191e-01	   2.3533551395590266e-01	   4.5685905310629249e-01	   1.2453925776381833e-01	   4.6017765904366603e-01	   3.4363653873558143e-02	   2.2944534743855330e-01	   3.9657663168328616e-01	   3.7134414436452801e-01	   5.0353831841680319e-01	   2.6672405229729840e-01	   6.2445522205386172e-01	   5.4052636549096289e-01	   3.5901230414809127e-01	   3.1538523919310990e-01	   4.0199011062027046e-01	   1.5052879573661679e-01	   3.1571933590759016e-01	   2.6941751325594326e-01	   5.4639197599390010e-02	  -8.3611608832917947e-02	   4.0650097153993858e-01	   3.6949060311568238e-01	   2.0007514355545475e-01	   2.2163631643556142e-01	   4.2129373972775119e-01	   1.9654455284549138e-01	   3.9101137369160677e-01	  -1.9934922437763392e-01	   7.2763886803933042e-01	   4.1754244303907584e-01	
   1.0882911894071559e-01	   5.0485381015710806e-01	   6.4366406613992144e-01	   7.2230189623840779e-01	   1.4307472670993535e-01	   1.4967915396629716e-01	   6.8414851588981185e-01	   7.6178107087213776e-01	  -1.5248305054596786e-01	   5.1015430945689055e-02	  -1.2987006678178487e-01	   2.8252636921266816e-01	   8.1097726306554052e-01	   0.0000000000000000e+00	   4.7159729781637252e-02	  -2.8424400817595674e-01	   5.8811464150289705e-01	   1.2043001267331203e-02	  -1.5306909191721860e-01	   1.2116422401753409e-01	   4.1141375170078598e-01	   5.3133501896383817e-01	   5.6865302154938124e-01	   4.9530623800597362e-01	   4.5771910237164515e-01	   3.9606080832437895e-01	   2.2675915121539236e-01	   4.9536669376975256e-01	   1.3733660098067579e-01	   5.0263012925832617e-01	   5.6416922966924388e-01	   4.8906281736848783e-01	   5.6794929813367001e-01	   5.6582110818209663e-01	  -1.5779211530592943e-01	  -1.1126523731926957e-01	  -2.2191255001094857e-02	   2.1276850321789126e-01	  -2.8091367892033903e-01	  -2.5736388317670417e-01	   2.6363184136763806e-02	   3.1465058648269165e-02	   2.8878187104212871e-01	   3.8818662425857781e-01	   1.9066323021483331e-01	   2.9430984917014757e-01	   4.0350789444216634e-01	   4.3689365561894999e-01	   4.2825650627330325e-01	   3.9066411125658895e-01	   5.0125628844224490e-01	   5.5894387045660776e-01	   4.4008943101060971e-01	   4.1781024092084296e-01	   4.1763569106739740e-01	   4.0618943439316990e-01	   2.4685764834193596e-01	   3.5092898625851532e-01	   3.3609056910771218e-01	   5.2545888687040798e-01	   2.6171364526319685e-01	   4.2093898235170879e-01	   3.4213464405407901e-01	   6.0883315155568574e-01	  -1.5963263587035939e-01	   5.0096008493915822e-02	   2.5844361767747659e-01	   3.2973347657160545e-01	   4.2018641803040219e-01	   1.6448517736885779e-01	   5.1023113088129424e-01	   4.2990814355250445e-01	   3.4939246226470339e-01	   3.6260686057533148e-01	   2.0815724061313540e-01	   1.2538828113131348e-01	   2.8236709489857120e-01	   2.1735288454814927e-01	   2.1928522656074403e-01	   3.6928717417650664e-02	   5.2314739208344530e-01	   5.2004009314810484e-01	   2.9896937815069763e-01	   3.5047586339556930e-01	   3.9586026502599325e-01	   3.9507846897747950e-01	   3.7960282999467532e-01	  -1.3096383279815757e-01	   6.0705310445599214e-01	   4.8331423045419553e-01	
  -8.9083518660828642e-02	  -2.3436296670578338e-02	  -7.9393707513921247e-02	  -2.9273540004174151e-02	   6.1750655421951872e-01	   1.8211211525343279e-01	  -1.7883648655586598e-01	  -5.7853576875567504e-02	   4.4611455037561604e-01	   3.1300785112700552e-01	  -1.5504064807715301e-01	  -1.1948880189492864e-01	   1.1330176203009471e-02	   4.7159729781637252e-02	   0.0000000000000000e+00	   3.3555771410035029e-01	  -1.8536671693767251e-01	   2.7002474433830227e-02	   1.1638400674264573e-02	   2.0675898398207129e-01	  -7.5063666023623382e-02	   1.1085190004880568e-01	  -8.3462488029453080e-02	   2.3534508516736635e-02	   5.3427967670431613e-02	  -4.2746583862874533e-02	  -6.3049635837276186e-02	  -1.4750472282200780e-01	  -4.4606005494626511e-01	   4.7041231505070280e-02	  -1.5765348460259143e-01	  -1.9682267473808984e-01	  -3.6524416907854490e-02	  -7.0294122798763584e-02	  -4.2965080407175907e-02	   4.6735159274008967e-02	  -1.6240249695881247e-02	   3.1985497882340064e-01	  -2.3764071168131601e-01	  -9.7913781883635601e-02	  -1.0239968792496812e-01	   1.6169022393577089e-02	  -1.7569364629382092e-01	  -7.1828600931831146e-02	   3.9428104230404576e-02	   3.0053168631350220e-02	   5.1650733733867839e-02	   1.5800201321620037e-03	   7.0361569998709697e-02	   9.6904549771741088e-04	  -4.0664257820795828e-03	   1.2967320104828935e-02	   1.2375784613320479e-01	   1.4918635999415260e-02	   4.2514297978046081e-02	  -5.9987901910894051e-03	  -1.0297886358956834e-01	   5.4220561190981550e-02	   2.1417656855939488e-01	   1.5068622737641021e-01	  -3.2814509667669517e-01	  -7.2484965972376775e-02	  -2.1139795565868835e-01	  -1.3269924857998991e-01	  -7.4515505838286061e-02	   2.6748886497965609e-02	   6.8413671785878080e-02	   5.6671495313989600e-02	  -1.2917884771050917e-02	   1.3869288958332179e-01	  -2.8369050631857357e-01	   2.0499829588341935e-02	  -1.5430373855374130e-01	   2.6581103196669831e-01	  -1.3100377184583367e-01	   2.8597102145291164e-01	   1.2776382091341451e-01	   2.5512172461888216e-01	   5.0975046572704604e-03	  -1.2120306411539127e-02	  -1.1395728177073605e-01	   1.4239178400095703e-01	   3.9293572293913392e-01	   8.0110848327041601e-02	   1.7989433614846798e-02	   1.5599049083834518e-01	   2.8041578675639345e-01	  -4.5379313367932245e-02	   8.0660883316016382e-02	   2.3928037888089487e-01	
   1.3038655192979301e-01	   2.3877435003689905e-02	  -6.1298285886537140e-01	  -5.7383062634394366e-01	   1.9981164044626518e-01	   4.9155267090082377e-01	  -5.6546400447503531e-01	  -5.4499804351766590e-01	   1.6727721164732312e-01	   5.8650381165039034e-01	   2.3455502748162391e-01	   3.5635195089161725e-01	  -5.9199879967036517e-01	  -2.8424400817595674e-01	   3.3555771410035029e-01	   0.0000000000000000e+00	  -4.0081383182491137e-01	   2.6466259728792246e-01	   1.0076730640968226e-01	   1.8390247760527938e-02	  -5.3814964737422677e-01	  -3.7740525415905679e-01	  -6.7012523634632315e-01	  -5.6883631225169284e-01	  -5.2594968373685047e-01	  -3.2428072520072393e-01	  -2.6824674778678897e-01	  -4.3750501199408576e-01	  -3.5726592101212379e-01	  -2.3382510250127927e-01	  -7.0983984445515280e-01	  -6.5666020484139387e-01	  -3.1062165774950451e-01	  -2.5092157212281430e-01	  -2.0477096716448998e-01	  -4.9856949575997567e-02	   1.9151948852212686e-01	   2.0983970786199851e-01	   9.8161015500682902e-02	   2.6896439321698340e-01	   3.5517075181801339e-01	   2.0359778053174893e-01	  -2.5897648935391215e-01	  -7.8462558659945489e-02	  -1.5382768751082715e-01	  -5.6898286022722691e-02	  -1.7879986991363914e-01	  -1.7651733561659699e-01	  -6.8585695955680523e-02	  -7.8945834497508693e-02	  -7.4671598055758959e-02	  -7.2146083695011173e-02	   2.9739849986719306e-02	  -5.1152222434677097e-02	  -2.2431634069694537e-02	  -2.0469476374326287e-01	   1.4739427500806301e-01	   8.6019391832810294e-02	   9.0905073960778238e-02	  -1.8110186667136693e-01	  -1.3039304571531651e-01	  -2.3878168995359156e-01	  -3.9236235352058911e-02	  -2.2379164229054171e-01	  -1.8517153470111314e-01	  -9.8467611460116511e-02	  -2.4840892716058621e-01	  -2.1602397409268159e-01	  -2.9161546369216695e-01	  -7.9624594485448133e-02	  -5.9003766305617622e-01	  -3.9169874444668651e-01	  -2.3195980903764912e-01	  -1.2360602207614787e-03	  -3.5582980502668277e-01	  -4.8884068717131295e-02	  -3.9092979178997553e-02	  -1.2613374363101785e-02	   5.8802620495973304e-02	   1.5350183055050143e-01	  -2.3817937374029632e-01	  -4.8654381649898347e-02	  -1.0416792609005862e-01	   2.5604006454167022e-02	  -2.9219375821679416e-01	   2.5143190219698849e-02	  -2.7548176339923613e-01	   7.4993503782728330e-02	  -4.6593870178577668e-01	  -2.2850956092737268e-01	
   2.5931702606275225e-01	   5.5137626937176731e-01	   3.5886315163289367e-01	   4.9622392869042903e-01	  -7.0728923065948052e-02	   1.3334240194428892e-01	   4.9635443198253681e-01	   5.9001150644232736e-01	   1.0630856636715764e-02	  -5.8169710888234930e-02	  -7.4370181874979638e-02	   1.7426090849523654e-01	   5.6044958444822712e-01	   5.8811464150289705e-01	  -1.8536671693767251e-01	  -4.0081383182491137e-01	   0.0000000000000000e+00	   3.6659189992939445e-01	   1.9085415961478315e-02	   2.5019379250976542e-01	   3.2959155105883470e-01	   4.6527714217995447e-01	   3.8408498737155738e-01	   3.0083304231127361e-01	   4.5919231128087223e-01	   5.9421562770207204e-01	   3.8447766637868613e-01	   6.4078903701646450e-01	   4.5859609464644319e-01	   6.2497364802076127e-01	   5.2732997973060625e-01	   4.9077531175521005e-01	   6.1387879206693130e-01	   6.8281963350795727e-01	   1.7619978243527054e-02	   1.0767278435090845e-01	   2.1050535824907085e-01	   1.1220016485616516e-01	   4.6053011666296044e-02	   1.6125384829082559e-01	   1.8669203258358305e-01	   1.8880637326251443e-01	   6.2275912441074988e-01	   6.0565182025728848e-01	   4.6609017938845237e-01	   4.9318782987806414e-01	   6.8326048295776376e-01	   7.0343337603467215e-01	   5.6113512328936976e-01	   4.0810387335586285e-01	   5.4706263470965588e-01	   4.0755515621426019e-01	   5.3545485742387133e-01	   4.0408021730906907e-01	   4.2646880270893534e-01	   4.2413777500932459e-01	   4.7662146885500600e-01	   4.7917046361600291e-01	   3.7738716459435678e-01	   4.7425003930883047e-01	   5.2953029363786019e-01	   5.7100862667608299e-01	   4.8750327524920567e-01	   5.8420015166781103e-01	   5.1686600339674593e-02	   1.6456385102898952e-01	   4.4153714232440905e-01	   5.5108065906268067e-01	   5.3023087934062740e-01	   2.9272887461831831e-01	   4.9501760709488890e-01	   3.2787261303091353e-01	   5.2335505588193387e-01	   3.2605065136827788e-01	   3.9475652266173666e-01	   1.2089061578278114e-01	   2.4583129368596890e-01	   1.3951950699190385e-01	   5.0304537679631556e-01	   3.0578713899148358e-01	   6.8544496309505831e-01	   4.9828298837440516e-01	   1.4481694741745404e-01	   4.7105186948235278e-01	   5.3056602899304661e-01	   4.2048056414946444e-01	   1.1850327053116913e-01	   1.6914363445798311e-01	   4.6894727096782207e-01	   3.2633707236599629e-01	
