   0.0000000000000000e+00	   7.3299302170495861e-01	  -2.0625229788795321e-01	  -2.0351499972407236e-01	  -5.5189569026796714e-01	  -7.0337108054775854e-01	   1.4158391911933527e-01	  -3.8887748992187265e-01	  -4.7215573143606970e-01	  -4.5091664490580613e-01	   3.5267687423190081e-01	  -3.5375108014718526e-01	  -1.6075040573526866e-01	  -5.6015090233619058e-01	   2.7970794766223389e-01	   2.8161797813638112e-01	   4.1351149396706821e-01	   3.8902277220343340e-01	   7.9944725895262991e-01	   7.5870921322478957e-01	   6.1222995806634350e-01	   6.2801873875865799e-01	  -4.6804247639854285e-01	  -5.3266272664096126e-01	  -6.7653137501182048e-01	  -7.2524992542092237e-01	   4.7457283564264924e-01	   5.9480566671712687e-01	   5.6748485205142252e-01	   1.9004773197721797e-01	   6.7052184511583834e-01	   6.6817885434249691e-01	   2.4786128664269766e-01	   3.6950044938367876e-01	   1.1972213574412828e-01	  -1.0201975997830073e-01	   4.2680875301318311e-01	   4.6404934880907639e-01	   5.4060166141349364e-01	   5.1750850593946529e-01	   3.6856391202694821e-01	   1.9904844430209864e-01	  -2.8902707660534255e-01	   2.7986269025665554e-02	   5.7640310053735030e-02	   3.4856636760880744e-02	   5.4522163400546907e-02	   1.9642437328505409e-02	  -2.9553504470902431e-01	  -4.5144908574896969e-01	  -5.9566320550156249e-01	  -4.7612284862737286e-01	  -5.5799786171354249e-01	   2.2757510334901826e-01	  -8.0790710104669108e-02	   7.7724088370257438e-01	   9.2710660846388560e-01	   8.3928438819656104e-01	   8.0721595933739620e-01	   6.5798257179933695e-01	   4.2392234791674271e-01	   5.6925022274355364e-01	   1.9215899352442993e-02	   1.4281933781463627e-01	  -7.3305498612401210e-02	  -1.2207424783076930e-01	   5.9413377918076771e-01	   6.2550296828760510e-01	   8.5430033562475227e-01	   8.4466243617630421e-01	   4.7756717370009777e-01	   6.5447441860517097e-01	   6.9044155560132692e-01	   6.7214117103533277e-01	  -1.8790055666843572e-01	   6.9996096889764847e-01	  -1.8748071346664744e-02	   5.3689539641080875e-01	   1.4028069846287836e-01	   1.8104672628196966e-01	   1.1910428152489203e-02	   6.0594599918676728e-01	   3.0397105589773532e-01	   2.9350812381587355e-01	  -2.7836053074804806e-01	   5.0542353341895763e-01	   3.3028148915925193e-01	   5.6622450408294567e-01	  -3.2021770616704459e-01	   6.5892074702745851e-01	
   7.3299302170495861e-01	   0.0000000000000000e+00	  -2.6287894448171467e-01	   1.5106065865847135e-01	  -3.2182851847411326e-01	  -5.1972956674099702e-01	   3.7865444359268266e-02	   4.2722429322090930e-02	  -2.4738974714598244e-01	  -1.3131248782445215e-01	   1.9519972244109104e-01	   2.0419729295322825e-01	  -2.6448165657844380e-01	  -3.2835042154814387e-01	   1.1775148348333284e-01	   3.9624068764302950e-01	   1.1744890963692593e-01	   4.4798008405937084e-01	   7.5556716876930907e-01	   8.4619714042307748e-01	   3.4465717228741322e-01	   5.9018318411734527e-01	  -3.2487604984110735e-01	  -3.0554221162422607e-01	  -5.5962600956305586e-01	  -5.6052872420847799e-01	   5.3455828543317296e-01	   5.8229473243261975e-01	   2.2085453876834596e-01	   2.3100465433131412e-01	   7.1109721201813469e-01	   7.6067722352582789e-01	   2.9063476191915255e-01	   6.1021733626749453e-01	   6.9163642681708437e-02	   2.4046813054144078e-04	   9.9743668305204980e-02	   5.0873257013623308e-01	   4.8589923619451092e-01	   5.1426254355189527e-01	   2.5427163265646269e-01	   2.0564230559814339e-01	  -3.3724674657230203e-01	   3.1694761530717153e-02	  -9.5521677975081071e-02	   6.0143112944980488e-03	   1.7949879924039360e-03	   6.8918500720764317e-02	  -4.2158998852720198e-01	  -4.4664415089750181e-01	  -5.3132598301354272e-01	  -4.6169462776063658e-01	  -5.0274040967136535e-01	   2.5147936803798521e-01	   1.8281606360452323e-02	   6.6913873174781191e-01	   6.1414583849914306e-01	   8.9916696677856423e-01	   4.5220439388351275e-01	   7.3349211364150468e-01	   7.3309032682710121e-02	   6.4362630276893318e-01	  -2.1362833036228240e-01	   4.4523765538012755e-01	  -2.1395478467253898e-01	  -8.7037822368437018e-02	   4.0874651299982145e-01	   5.7376469860649493e-01	   7.5169540437675719e-01	   7.1776804168256758e-01	   6.2324644352609093e-01	   7.2034322049638999e-01	   5.6623837702554813e-01	   7.0227687953287377e-01	  -1.0082738740427959e-02	   6.6281335407848707e-01	   1.3532321246171569e-01	   4.9989642256740618e-01	  -2.1300128971986618e-02	   1.6593879522462607e-01	   2.8830524352053008e-02	   5.1770310659916241e-01	   1.5064279701165717e-01	   1.5268585554691652e-01	  -2.1694413805369844e-01	   6.5358228223792636e-01	  -9.7291021611859665e-02	   4.6129245827053911e-01	  -8.0910397601790418e-02	   6.6154840648843360e-01	
  -2.0625229788795321e-01	  -2.6287894448171467e-01	   0.0000000000000000e+00	   5.1139739813953755e-01	   7.4758385528773763e-01	   6.6998251378825946e-01	   8.9899030273061198e-01	   5.5015162885039037e-01	   6.7048565086697476e-01	   7.0262307504635846e-01	   2.8895680041989580e-01	   2.7270775371889266e-01	   8.2728883400953823e-01	   6.3921051551101404e-01	   7.0068949824816887e-02	  -8.7528643781421334e-02	  -1.4544150127087582e-01	  -3.3762267947735203e-01	   2.5184831113299107e-02	  -1.3155644841555611e-01	  -1.0024133091833380e-01	  -3.2048130512210965e-01	   8.3076875478197887e-01	   7.3950658572605932e-01	   7.7542732513035584e-01	   6.5901753652095518e-01	  -2.9276842063673458e-01	  -5.0394828389484836e-01	  -2.8081164887264609e-01	  -4.0975616534756831e-01	  -4.2134218158467840e-01	  -3.2976155212585406e-01	   2.9653129434521686e-01	   2.6379199843795609e-01	   4.6194904019629190e-01	   5.2700007741304300e-01	  -3.2070314532976313e-01	  -2.0247283433790375e-01	  -1.6647655837967085e-01	  -1.6431845731481370e-01	  -5.5379697705710045e-02	  -1.1964472550098255e-01	   7.3988915578026182e-01	   6.1050300108526478e-01	   6.7372567127772132e-01	   5.6802591956723958e-01	   6.8954515153346685e-01	   5.6583851459613554e-01	   7.8338033312110866e-01	   8.3321883487978665e-01	   6.8796430968614808e-01	   8.5521259380892500e-01	   5.7039547969954019e-01	   5.4022816682094033e-01	   2.3217073867780921e-01	  -2.8107406344214175e-01	  -4.0756136302129242e-01	  -3.8187726517265008e-01	  -1.2719522686757895e-01	  -2.3494963310698480e-01	   3.5529984457896346e-01	  -1.4259948543098463e-03	   4.4551051906251782e-01	   2.5891991301034822e-01	   6.0770961517241062e-01	   6.4334179227816590e-01	   1.7462467893766098e-01	   1.1005854828139970e-01	  -5.1701943591285404e-01	  -5.2943217811824539e-01	  -2.8306566698457764e-01	  -4.2317513542432672e-01	  -1.7247030770771335e-01	  -4.6006414816776875e-01	   3.2538205144998100e-01	  -2.4205215755819098e-01	   5.0694948110674687e-01	   3.0283404940769820e-01	  -2.6452380274337223e-01	  -2.8505974914153276e-01	   4.8558000063975548e-03	  -1.8266621309789949e-01	  -1.1796945342884166e-01	  -9.7250071793938964e-02	   4.4274760969888682e-01	  -1.3200985645306931e-01	   1.0458635577078479e-01	  -4.6103787721742162e-01	   2.9460753412920804e-01	  -1.6292125051083108e-02	
  -2.0351499972407236e-01	   1.5106065865847135e-01	   5.1139739813953755e-01	   0.0000000000000000e+00	   6.0643312906451396e-01	   3.1270547736631249e-01	   4.1912505380983617e-01	   9.4510227369856314e-01	   3.7580255285616698e-01	   7.1650488048123562e-01	   2.8752583186865610e-01	   7.6299341819202116e-01	   3.9964933952401760e-01	   6.9895332523887410e-01	   1.9391296604150246e-01	   3.0836248315917658e-01	  -2.4633409084157554e-01	  -2.9320965896989182e-01	   1.8493783288370416e-01	   3.3535403402921565e-01	  -8.1870950164780035e-02	   1.4675493217968999e-01	   7.6203381050598118e-01	   8.2593137395718119e-01	   4.7988792090768118e-01	   4.2214380411167574e-01	  -1.4109508418199776e-01	  -2.7395444264888069e-01	  -4.7217369059168990e-01	  -2.0391816183650593e-01	   3.1072804508776003e-02	   1.9392906505789950e-01	   1.0385749626401644e-01	   5.8779524324965360e-01	   4.6568685998780535e-01	   6.0496202307875369e-01	  -2.5716636017471950e-01	   1.9547661547845336e-02	   2.2515715810828402e-01	   1.8655739807593663e-01	   8.7556255727946189e-02	   5.6410596765742595e-02	   5.3743747344363479e-01	   5.2990926332872257e-01	   4.6557886841783913e-01	   5.2912385190072875e-01	   4.5553176812946805e-01	   5.2545073791336294e-01	   5.0011110027312600e-01	   5.0044857030409773e-01	   6.3425834753601518e-01	   4.2513937626659370e-01	   5.8543824712606984e-01	   4.1931754527582382e-01	   6.6588508793624568e-01	  -1.0054236059064273e-01	  -4.4177956489603626e-01	  -1.1599708716626879e-01	  -2.7444400017801629e-01	   4.2781389328268603e-02	   2.2624145613371733e-03	  -1.0463308235527793e-01	   2.6026183677366771e-01	   2.4956603373166614e-01	   4.3960936252064253e-01	   3.6988268949535036e-01	   1.9918123230784318e-01	   2.8220422447912596e-01	  -1.7321737947496885e-01	  -3.8657102362134665e-01	   2.1846015503348315e-01	  -1.3510421295444025e-01	   1.5892586221168922e-01	  -1.4876475426880806e-01	   7.6210144557119297e-01	  -1.9973779159167793e-01	   6.6584723325833317e-01	   2.7257752095739191e-01	  -1.0442924992972154e-01	  -3.8917122978497046e-02	   4.1503101052395086e-01	  -2.0357529424535564e-01	   2.0929516879590498e-01	  -3.1024544868213884e-02	   6.7711188559799129e-01	   2.1875115976675123e-03	   2.3896460194592128e-02	  -1.1875400090823868e-01	   7.2593903466983378e-01	  -1.3485775791025173e-01	
  -5.5189569026796714e-01	  -3.2182851847411326e-01	   7.4758385528773763e-01	   6.0643312906451396e-01	   0.0000000000000000e+00	   7.7804769348993252e-01	   5.4540478069909448e-01	   6.9917136349594278e-01	   7.6077241731048917e-01	   8.5187086183928484e-01	   1.4908623717309022e-01	   5.7053960467823317e-01	   7.3148329411021940e-01	   7.2007877519949726e-01	  -7.9445996226634903e-03	  -1.8591669001027544e-01	  -2.8970179319041373e-01	  -2.5138781699787582e-01	  -3.8130435484305603e-01	  -3.3524920610532261e-01	  -4.7883165062956723e-01	  -4.4008971695298243e-01	   8.8257854697863936e-01	   8.6613721264522892e-01	   9.2006674457953663e-01	   8.6270597650365444e-01	  -4.6497083940904627e-01	  -6.5225615582136376e-01	  -5.5857606820276873e-01	  -4.3230101337047866e-01	  -4.7584173802271112e-01	  -3.8963062920681657e-01	   3.1542633263638764e-01	   3.0960079926565781e-01	   3.6962915623955855e-01	   5.7799017824179832e-01	  -4.2175242998947510e-01	  -4.1292835406672806e-01	  -4.5611834916416211e-01	  -4.1779944405630742e-01	  -3.4443198601774971e-01	  -3.4490734101855947e-01	   6.5434752788906969e-01	   4.8191202351942958e-01	   4.3531157138909499e-01	   4.3864385887519264e-01	   5.4360446370564830e-01	   4.3704561272779252e-01	   6.6614313946040860e-01	   8.1087537754034400e-01	   8.1022568851355470e-01	   8.2268236193424560e-01	   7.4341676428859627e-01	   2.8928306433471207e-01	   2.5876127683986228e-01	  -6.3207273959259191e-01	  -7.1425154043369909e-01	  -5.6124080097842077e-01	  -4.9294675871387728e-01	  -3.0233477852966067e-01	   7.3351701812489609e-02	  -1.1440022237183062e-01	   3.2350143506331919e-01	   3.6470680479826045e-01	   4.3685620009646597e-01	   6.1793103339793487e-01	  -1.1930037124058188e-01	  -1.7192244604868170e-01	  -7.5116099835568173e-01	  -7.9830011194237227e-01	  -2.9868764321749336e-01	  -5.4380311698666595e-01	  -3.1869705776178298e-01	  -5.8274789315589581e-01	   4.8826546661470205e-01	  -4.4649152181099139e-01	   5.5602124822336763e-01	   8.5919284534871743e-02	  -1.3260860461397883e-01	  -2.8045218291284013e-01	   2.4159076213524970e-02	  -4.3716199495593161e-01	  -3.1032448775134974e-01	  -3.9779445146101694e-01	   5.4510118514757211e-01	  -2.4557029122717189e-01	  -2.1585053739607038e-01	  -6.2777991293623225e-01	   4.9954928980548130e-01	  -3.0564007725116593e-01	
  -7.0337108054775854e-01	  -5.1972956674099702e-01	   6.6998251378825946e-01	   3.1270547736631249e-01	   7.7804769348993252e-01	   0.0000000000000000e+00	   4.1814227520343861e-01	   5.1969320209383196e-01	   7.6747832157357243e-01	   7.4230310868502425e-01	  -5.4486036669311878e-02	   4.3480218737701726e-01	   5.3292542648399588e-01	   7.0948936380141370e-01	  -2.7517347013200849e-01	  -1.5893935913154900e-01	  -3.0130603813854484e-01	  -2.9296502356740733e-01	  -4.7349391132946428e-01	  -6.0035238365671351e-01	  -4.4665103687329116e-01	  -6.4999136719851214e-01	   7.0591852943037858e-01	   7.0235865105064677e-01	   8.9107294937531267e-01	   9.1849602516028828e-01	  -3.0716877392039166e-01	  -5.1156003790131321e-01	  -4.5865851969522203e-01	  -2.4217996690397334e-01	  -7.1443645567462744e-01	  -6.5895143877010465e-01	   1.3710204273391075e-01	  -7.2577297356128681e-02	   7.6455944234868622e-02	   3.0795444218957674e-01	  -6.0851055433306123e-01	  -4.4199449667719570e-01	  -5.9188922931151944e-01	  -5.5106878474470211e-01	  -3.1672644035825098e-01	  -2.3570391188896769e-01	   5.0190173512773495e-01	   2.3207741300400017e-01	   2.9137808542806803e-01	   2.1124150396918104e-01	   3.2817514214863686e-01	   2.5831842107820746e-01	   5.1366242950517738e-01	   6.7031839939178384e-01	   6.6578210625495737e-01	   7.2043187611192949e-01	   5.8954141271799210e-01	   1.2638039535676507e-01	   4.0654217895726395e-02	  -6.8086268177445530e-01	  -7.6643257110911123e-01	  -6.4021596930658664e-01	  -5.9857926763804936e-01	  -5.7911171697972441e-01	  -8.6663615265374402e-02	  -2.5609996704110682e-01	   1.6312922028659682e-01	   2.1126302019027521e-01	   3.2244765804805264e-01	   4.6233782965994019e-01	  -3.0367508241634661e-01	  -3.8385980064364028e-01	  -8.2019284483485466e-01	  -7.7787039125205215e-01	  -5.6016975629244992e-01	  -6.5529570106423884e-01	  -5.7940407318763332e-01	  -7.0140518548750652e-01	   1.8896628452551273e-01	  -5.7242449057451394e-01	   1.2905368777584542e-01	  -2.0579956686420076e-01	  -2.8554522619437145e-01	  -2.9835420498004694e-01	  -1.3365359798251950e-01	  -3.8677933299214007e-01	  -3.9512969277871168e-01	  -1.6023279718506339e-01	   3.3946243234614110e-01	  -3.1888650865264012e-01	  -3.3260026079253074e-01	  -6.6605128858864882e-01	   2.9685448688148053e-01	  -3.3403381257366277e-01	
   1.4158391911933527e-01	   3.7865444359268266e-02	   8.9899030273061198e-01	   4.1912505380983617e-01	   5.4540478069909448e-01	   4.1814227520343861e-01	   0.0000000000000000e+00	   4.0582692692992406e-01	   5.5945681843238415e-01	   5.6641005811276723e-01	   2.8461873491807854e-01	   1.5642041607151164e-01	   7.7211679685719237e-01	   4.1084594147856118e-01	   1.2224505045203621e-01	   2.1032703277806260e-02	  -6.7875444215988096e-02	  -1.6162746113031057e-01	   2.8143389275813124e-01	   1.3357263486153453e-01	   5.8079873035116587e-02	  -1.4097228629935982e-01	   6.2534718743270579e-01	   5.2004763895641948e-01	   5.0497387545979810e-01	   3.7267911701300038e-01	  -9.7998937063833613e-02	  -2.6159581254180486e-01	  -7.1141019534384953e-02	  -3.4099559929445472e-01	  -1.5056916320048108e-01	  -5.9589471558546589e-02	   4.8619479534075466e-01	   4.5427843760941017e-01	   5.5641649333714271e-01	   5.1270448320793827e-01	  -1.8792987286159979e-01	  -4.1411182699016093e-02	  -2.4657385773122951e-02	  -2.0931800796155350e-02	   5.2188633719114592e-02	  -6.1509450328503072e-02	   5.4497027700183609e-01	   5.5576299442124966e-01	   6.3534830374552365e-01	   5.3778385741129708e-01	   6.5962819343902268e-01	   5.1469946992119209e-01	   5.8341048046674504e-01	   6.3499768394266720e-01	   3.9604081439037703e-01	   6.7553832368432143e-01	   2.6077110604772846e-01	   6.1720628903198071e-01	   7.4047850159255607e-02	   1.6095886198473782e-03	  -7.4572488150340968e-02	  -6.4016626828750492e-02	   1.0688408580306893e-01	  -2.9658275940098087e-02	   4.4162120277477490e-01	   2.6295771739853341e-01	   3.7325638168890940e-01	   3.4259805215294931e-01	   5.4363422238516868e-01	   6.7688785369024129e-01	   3.6433485532527055e-01	   3.4025345010164021e-01	  -2.0138401821005694e-01	  -1.7689821735060229e-01	  -6.4060113748775141e-02	  -1.0971887142385947e-01	   3.4861870877926492e-02	  -1.7395370758060530e-01	   1.8922436055008723e-01	   7.5018241551962350e-02	   5.1457388453282893e-01	   5.0829783093193792e-01	  -2.6027010764698855e-01	  -2.5788770299908942e-01	  -7.9054546863044278e-02	   7.2212320268643909e-02	  -9.7166915416046315e-02	  -3.1571550643639285e-02	   2.3971496387166913e-01	   1.1477892793800618e-01	   1.5086371720993169e-01	  -3.0603215632464353e-01	   8.9040426504185560e-02	   2.9668551752189154e-01	
  -3.8887748992187265e-01	   4.2722429322090930e-02	   5.5015162885039037e-01	   9.4510227369856314e-01	   6.9917136349594278e-01	   5.1969320209383196e-01	   4.0582692692992406e-01	   0.0000000000000000e+00	   5.3604948811189557e-01	   8.2125369064037612e-01	   1.6230662847017913e-01	   8.4502283546335732e-01	   4.0469971604158234e-01	   8.3488578551330306e-01	   6.1908327851691355e-02	   2.6451395616039819e-01	  -3.3667158828953070e-01	  -3.1929705021916088e-01	   4.6840932936627652e-02	   1.5629305819922359e-01	  -2.5182649431994120e-01	  -4.8782613789044027e-02	   7.9669554306885704e-01	   8.6708985904935132e-01	   6.1253320523212040e-01	   5.7479096530880480e-01	  -1.8089771821860534e-01	  -3.6444038627373987e-01	  -5.8124263573809909e-01	  -2.0519835864106759e-01	  -1.6508262084385561e-01	  -9.8087711583092606e-03	   1.0667318666493991e-01	   5.1905109196471766e-01	   3.6899551522981289e-01	   6.0015579087111415e-01	  -4.5476847312882995e-01	  -3.8112804731961290e-02	   6.5687152480608732e-02	   5.5379079395984791e-02	   3.1861750842006181e-03	   3.9919380439982978e-02	   5.5696555693651040e-01	   5.0444140421788930e-01	   4.3277834050038377e-01	   5.2005078443058173e-01	   4.7040538797498771e-01	   5.0763709029736703e-01	   5.0254520613490117e-01	   5.6404740964706712e-01	   6.9694960922998161e-01	   5.1533832315159378e-01	   6.4547912975817234e-01	   4.0800621631212181e-01	   6.1541937730934637e-01	  -2.5431393381127709e-01	  -6.0569780053393174e-01	  -2.2839809480499682e-01	  -4.1621669241930709e-01	  -1.0047741631627749e-01	  -6.0858153857865582e-02	  -1.3090329053376673e-01	   1.9688004306069712e-01	   3.1669304925705244e-01	   4.3060986349449876e-01	   4.2232974372809307e-01	   7.6674735670202707e-02	   1.4746354614486590e-01	  -3.4143150641968328e-01	  -5.2587704274095715e-01	   4.7019478305227978e-02	  -2.7804220283554315e-01	  -8.2390849519504886e-02	  -3.0228918239490554e-01	   6.6049393217634955e-01	  -3.3625120427020566e-01	   5.9882047686743034e-01	   1.8846116431161758e-01	  -2.0959826903737960e-01	  -1.0014405880000664e-01	   3.1523230897566501e-01	  -2.5388637237681161e-01	   5.0290154768137932e-02	  -4.4900973872784605e-02	   6.4882616752271505e-01	  -5.7553401791785426e-02	  -1.6758179888158634e-01	  -2.7266157971969723e-01	   7.4495018521124690e-01	  -2.1034446727493600e-01	
  -4.7215573143606970e-01	  -2.4738974714598244e-01	   6.7048565086697476e-01	   3.7580255285616698e-01	   7.6077241731048917e-01	   7.6747832157357243e-01	   5.5945681843238415e-01	   5.3604948811189557e-01	   0.0000000000000000e+00	   8.2637844952670103e-01	  -1.1873381608287731e-01	   3.7855849731090396e-01	   5.9445537132753479e-01	   6.0813037094677758e-01	  -2.4766317258359608e-02	   1.0879274692583570e-02	  -2.0786188928349933e-01	  -1.8747361592827538e-01	  -2.2069833864785715e-01	  -2.9937200066434178e-01	  -4.2117807461962875e-01	  -5.5098078377281823e-01	   6.1658837536720679e-01	   6.3444416249042035e-01	   7.8878683729386412e-01	   7.3057376406665275e-01	  -1.6216911230411427e-01	  -3.8207107618619540e-01	  -3.2490131434896485e-01	  -2.1418158154315797e-01	  -5.3336581744467060e-01	  -4.7995508520022834e-01	   2.8639916383882907e-01	   1.3754838652483869e-01	   2.0765878585760178e-01	   4.9114983367322784e-01	  -5.2320476305492081e-01	  -1.8097176009820504e-01	  -4.0780715864306993e-01	  -3.6320311368212299e-01	  -1.6138299243321630e-01	  -1.3310847771272172e-01	   4.2071961967473592e-01	   3.7402056356517743e-01	   3.5125653310424026e-01	   4.4491014753053015e-01	   4.6571972191311162e-01	   3.6439500456212232e-01	   3.9782612334370032e-01	   6.7507448127567860e-01	   5.2420550787084608e-01	   7.0495855236982363e-01	   4.0770156661357748e-01	   3.1032021383799935e-01	   7.7900361739886514e-02	  -4.4904351408290377e-01	  -5.6585889489958574e-01	  -3.7638212503286461e-01	  -3.4514711625401773e-01	  -2.2056972790056995e-01	   7.8498168531814988e-02	   6.0638606492249225e-02	   2.1022082337794312e-01	   3.7835144719806696e-01	   4.4325522665928641e-01	   6.4395413413288993e-01	  -4.6228959902256860e-02	  -5.3441713649261480e-02	  -5.7206201689906255e-01	  -5.4723825127283998e-01	  -3.3242721637170947e-01	  -4.5477424989051218e-01	  -4.8007177573629323e-01	  -5.2707170221481570e-01	   1.4622325980460724e-01	  -3.1537968564196395e-01	   3.2072486640489084e-01	   7.1743339504011752e-02	  -2.8527660746552153e-01	  -1.7871938634547824e-01	  -2.4921726333121567e-02	  -1.5141305449069897e-01	  -3.3068881023487884e-01	  -7.1803942703663470e-02	   3.4146740056422864e-01	  -1.4800155981122014e-02	  -3.7634359826957331e-01	  -4.8811882265021012e-01	   3.2907124547636463e-01	  -4.5939935024192122e-02	
  -4.5091664490580613e-01	  -1.3131248782445215e-01	   7.0262307504635846e-01	   7.1650488048123562e-01	   8.5187086183928484e-01	   7.4230310868502425e-01	   5.6641005811276723e-01	   8.2125369064037612e-01	   8.2637844952670103e-01	   0.0000000000000000e+00	   4.1717349594540418e-02	   6.7329946512967986e-01	   5.6190139926487870e-01	   7.4608547078459908e-01	  -4.2766770006245763e-02	   7.4590779506436361e-02	  -3.3733868686333307e-01	  -3.1109834017456273e-01	  -1.4256302407182225e-01	  -1.2046440280469825e-01	  -3.3066316920351613e-01	  -3.3506736832345518e-01	   8.2773767577380852e-01	   8.6293593477881259e-01	   8.0813624457702704e-01	   7.8895954582510786e-01	  -2.6265880616072002e-01	  -4.2702887032324988e-01	  -4.9521637803423224e-01	  -3.0291442906750915e-01	  -3.5946691095988048e-01	  -2.2773491575539051e-01	   2.4603479328766775e-01	   3.4605771700337018e-01	   3.3343415734839760e-01	   5.9606170709718120e-01	  -5.2907929837338508e-01	  -2.0426855722122261e-01	  -2.5079068092505630e-01	  -2.3581935971397475e-01	  -1.5481048041730361e-01	  -1.4338056261967388e-01	   5.3391496508951142e-01	   4.4132861064873763e-01	   4.1241631795473099e-01	   4.7421908524877654e-01	   4.8488925838294861e-01	   4.3765365707949822e-01	   4.9814515483989363e-01	   6.7359294507861378e-01	   6.5978785303963305e-01	   6.6853650271535825e-01	   5.5728742493843830e-01	   3.7118264734511086e-01	   3.2192399453910242e-01	  -4.0757053883076633e-01	  -6.3707449824397133e-01	  -4.0068998057941163e-01	  -4.5657843278107452e-01	  -2.5299122788539707e-01	  -2.7660684623577847e-02	  -5.0531228021872904e-02	   2.0277761689619070e-01	   3.5543959039301271e-01	   4.2470699468752560e-01	   6.1430689283055173e-01	  -6.3142255431844763e-02	  -5.2184762269766455e-03	  -5.6040079197578296e-01	  -6.2628797905972655e-01	  -1.2331711494727986e-01	  -3.4844210259220892e-01	  -2.9945083248767224e-01	  -4.6522900482421836e-01	   3.9673418229416701e-01	  -3.4799741093759057e-01	   5.5713717683027086e-01	   1.6536130007049005e-01	  -2.8669500896207056e-01	  -2.4687658933734152e-01	   7.8455777833452756e-02	  -2.9265714233614987e-01	  -2.3992282132971787e-01	  -1.9456585084955233e-01	   4.9918438358684952e-01	  -4.4055003543083809e-02	  -2.4821459903368265e-01	  -4.6190992720528590e-01	   5.1198063943894012e-01	  -1.0259756682599644e-01	
   3.5267687423190081e-01	   1.9519972244109104e-01	   2.8895680041989580e-01	   2.8752583186865610e-01	   1.4908623717309022e-01	  -5.4486036669311878e-02	   2.8461873491807854e-01	   1.6230662847017913e-01	  -1.1873381608287731e-01	   4.1717349594540418e-02	   0.0000000000000000e+00	   1.6658108171156497e-01	   3.9413630916850018e-01	   1.0315836988997794e-01	   4.2494702060377326e-01	   9.1853581375547971e-02	   4.6186255229382622e-01	   8.2735341220554301e-02	   3.0209754298863239e-01	   2.8951912279029418e-01	   2.6875137160162454e-01	   2.6940206952162038e-01	   2.5676249796378592e-01	   1.8577417320486173e-01	   9.7296540614931828e-02	   4.4163447689295136e-02	   7.4135953740488952e-02	   7.3683757756099033e-02	   1.9348838219017001e-01	   3.0412520066783501e-02	   1.8675554233496219e-01	   2.2144541888749553e-01	   1.6752107803970212e-01	   3.6501463233296993e-01	   3.7722060700368165e-01	   2.8771072085529004e-01	   8.2116775077944543e-02	  -1.2091510501348558e-01	   2.1186871306721103e-01	   1.0115920665460446e-01	   1.0073586474507587e-01	  -1.3965303907509753e-02	   3.7759458298922366e-01	   3.8218881585560138e-01	   5.0321824180423458e-01	   3.5281282334105069e-01	   3.7481750679267739e-01	   4.0261571063924662e-01	   4.1245397462312677e-01	   1.9734304237348133e-01	   2.6301426666719391e-01	   9.5241943942116519e-02	   3.2893386119967971e-01	   1.5762687098805397e-01	   3.9591015299266702e-01	   9.9213645069335027e-02	   2.0985978074279055e-01	   2.1614669960928168e-01	   3.0950551532294368e-01	   3.3088320368550839e-01	   5.0742934825047614e-01	   2.2413882022204687e-01	   6.0806445825391098e-01	   2.3859806006845413e-01	   3.5533242051577735e-01	   7.7407977156973951e-02	   5.0654767733847372e-01	   3.2764623164636208e-01	   1.3606400764874726e-01	   1.5368864797300631e-02	   1.7075206523132286e-01	   9.0984242868444604e-03	   5.1045939019419984e-01	   8.5010995359241864e-02	   3.7751401581971078e-01	   1.6175368880658877e-01	   1.3441116967790553e-01	   1.8539417210581288e-01	   2.5970789462357147e-01	   1.9718319582337343e-01	   4.0347588366409026e-01	   3.8256705013881447e-02	   4.3585308499426706e-01	   6.9195370595046837e-02	   4.4349185820890152e-01	   2.4043791557710085e-02	   4.5202712626441799e-01	   1.2726071757380414e-01	   3.2067360094905561e-01	   3.4989791342111332e-02	
  -3.5375108014718526e-01	   2.0419729295322825e-01	   2.7270775371889266e-01	   7.6299341819202116e-01	   5.7053960467823317e-01	   4.3480218737701726e-01	   1.5642041607151164e-01	   8.4502283546335732e-01	   3.7855849731090396e-01	   6.7329946512967986e-01	   1.6658108171156497e-01	   0.0000000000000000e+00	   2.3416361043085693e-01	   6.7753822179734136e-01	   2.1492386610265292e-02	   2.9510337344947146e-01	  -2.4493231742604946e-01	  -5.3609984775710344e-03	  -3.0422732515790082e-02	   1.5396798596319305e-01	  -2.0874725085913159e-01	   5.8242322581136048e-02	   5.6139872776298572e-01	   6.5003194374173567e-01	   4.5570859015545173e-01	   5.1570339299302426e-01	   3.1451685013662613e-02	  -1.1242005173512921e-01	  -4.4407816369054193e-01	   4.5734849753522135e-02	   6.4181917618872705e-03	   1.0580913579136236e-01	   1.0056430751353462e-01	   4.7809109929415733e-01	   1.9377273369318679e-01	   4.6224517172258028e-01	  -4.4874241043634816e-01	  -7.4996212021131881e-02	  -8.7075482829734735e-03	   2.0227430836628453e-04	  -9.1878430375189210e-02	  -5.3522683878280096e-03	   3.2460796410104603e-01	   3.0485724002770231e-01	   2.4514085485629775e-01	   3.0902982496046133e-01	   2.3323136967701991e-01	   3.9461093654440044e-01	   2.8788308849735800e-01	   3.3830945630149545e-01	   4.7867810938589472e-01	   3.2122592849501197e-01	   4.7029143266423223e-01	   3.0237265142572733e-01	   4.6820683297154508e-01	  -1.6239812193259401e-01	  -4.8946614292057866e-01	  -6.7663418315879062e-02	  -3.9483911773034097e-01	   4.3739760402966774e-02	  -1.9338042123532129e-01	   5.7250254250468854e-02	   7.4705310055212956e-02	   4.7653675961204434e-01	   1.6163315025550168e-01	   3.2307769883825366e-01	  -7.1974421565144039e-03	   6.2365676636781740e-02	  -2.6496293040204366e-01	  -3.7067659425278343e-01	   1.9353554692299901e-01	  -6.0470704255256538e-02	  -2.8601905279122562e-02	  -1.0261627597668671e-01	   5.2702930883774790e-01	  -1.8964110111440297e-01	   3.6318859337182208e-01	   8.1246524759700373e-02	  -9.7162715271318256e-02	   6.4719526918569109e-02	   2.8746234991596065e-01	  -1.2948686221195219e-01	   5.0439056637314579e-02	  -8.4154321456546805e-02	   4.5585913648584975e-01	   9.8230543084187327e-02	  -2.6969187390634897e-01	  -1.6935547213672342e-01	   6.0129188103507036e-01	  -9.5008373636013443e-02	
  -1.6075040573526866e-01	  -2.6448165657844380e-01	   8.2728883400953823e-01	   3.9964933952401760e-01	   7.3148329411021940e-01	   5.3292542648399588e-01	   7.7211679685719237e-01	   4.0469971604158234e-01	   5.9445537132753479e-01	   5.6190139926487870e-01	   3.9413630916850018e-01	   2.3416361043085693e-01	   0.0000000000000000e+00	   5.2271131372730872e-01	   2.8916030248160640e-01	  -8.4704521774808417e-02	   5.3142872525798912e-02	  -1.2490487952910478e-01	  -1.2334411814107808e-01	  -1.7410206718832200e-01	  -2.7584170836761701e-01	  -3.4044448148120326e-01	   7.3174269932499403e-01	   6.2944547968067199e-01	   7.2186975359361205e-01	   5.7433795331468429e-01	  -2.3002856532578206e-01	  -4.6032187285830667e-01	  -1.8368232204674614e-01	  -3.8535648102450193e-01	  -2.8771300421973911e-01	  -2.9576295700493122e-01	   4.9469868550428914e-01	   3.3309847824515415e-01	   5.4368372607350213e-01	   5.3767217509230858e-01	  -2.2737741620646362e-01	  -3.8265973780239176e-01	  -3.0612986882021903e-01	  -3.6325325145225151e-01	  -2.0810609573332989e-01	  -3.1400028067260666e-01	   6.2916755105086830e-01	   5.0028459052800267e-01	   6.4805670373155011e-01	   5.4286780046300354e-01	   6.5191067227471522e-01	   4.6378876924256213e-01	   7.3494120787705786e-01	   7.6664961315797098e-01	   6.6032754462151788e-01	   7.8041053522078518e-01	   5.8143881017199350e-01	   3.6316058988616695e-01	   2.2605505067667447e-01	  -3.6119068230064255e-01	  -2.9511132971901211e-01	  -3.0819952350138080e-01	  -2.0172305677523218e-03	  -2.5499412231941368e-02	   4.7701508650047847e-01	   1.2630178918404505e-01	   5.8188774308671976e-01	   3.7197139121556710e-01	   6.5254488629807461e-01	   6.6500369198354359e-01	   2.7780303188280864e-01	   5.7688112599397642e-02	  -4.8145490814161573e-01	  -4.9689235141460580e-01	  -2.3724112503269101e-01	  -4.4584230214059101e-01	  -4.8332671087946442e-02	  -4.3287295402952009e-01	   3.8188417315378748e-01	  -1.7544009064459370e-01	   4.4890696412870407e-01	   2.3495509195082803e-01	   3.3381150180508178e-03	  -1.5245860965267377e-01	   6.0313151956412070e-02	  -1.5366297514558250e-01	  -9.4175442104059454e-02	  -1.6754774135929526e-01	   4.5027402069034317e-01	  -1.9893440265536888e-01	   1.0134964062225424e-01	  -4.2879839661601177e-01	   3.2972670746789512e-01	  -1.0533756877254502e-01	
  -5.6015090233619058e-01	  -3.2835042154814387e-01	   6.3921051551101404e-01	   6.9895332523887410e-01	   7.2007877519949726e-01	   7.0948936380141370e-01	   4.1084594147856118e-01	   8.3488578551330306e-01	   6.0813037094677758e-01	   7.4608547078459908e-01	   1.0315836988997794e-01	   6.7753822179734136e-01	   5.2271131372730872e-01	   0.0000000000000000e+00	   3.4214891104754522e-02	   2.3616782586946825e-01	  -2.5660150892966033e-01	  -3.8223498210067486e-01	  -1.5152327440914332e-01	  -1.4596735500092822e-01	  -3.2848437464091940e-01	  -2.8710769177160989e-01	   7.7509822230354142e-01	   8.2055652826163150e-01	   7.7128063881198061e-01	   7.3202461792959839e-01	  -2.8533552385437078e-01	  -5.5844156036576631e-01	  -5.3995856888345040e-01	  -2.0288022721358995e-01	  -5.0501682597204678e-01	  -4.0685939652356595e-01	   7.8294837865085676e-02	   2.9951876594126492e-01	   3.0152067928587734e-01	   6.0866246789861678e-01	  -4.6156748987654028e-01	  -1.4316174430753514e-01	  -1.1443494405556620e-01	  -1.2188482303793170e-01	  -2.3881805231773457e-02	  -3.5776133725079922e-03	   6.8314087312330751e-01	   5.3429702898090992e-01	   5.6471596667221768e-01	   5.8930865369512953e-01	   5.5735072015934983e-01	   5.0610736794889122e-01	   6.9758924994649218e-01	   7.4708820166004797e-01	   8.4187918641426973e-01	   7.3410247012295549e-01	   7.9382664754989363e-01	   3.9058962633358552e-01	   5.8129285930017505e-01	  -4.1384508349065446e-01	  -6.9421136532295624e-01	  -4.5076107700109569e-01	  -3.4979632822339946e-01	  -2.9352376351216336e-01	   6.2779680554272146e-02	  -2.4540288194997942e-01	   2.8369619959198900e-01	   2.2033516753919463e-01	   5.4464130710411940e-01	   4.9618666235510395e-01	   6.5615049369714212e-02	   4.4821238098008663e-03	  -5.3954030487700066e-01	  -6.8681923605289485e-01	  -2.8424955040771505e-01	  -5.7105382199926480e-01	  -3.0407515151697656e-01	  -5.5586466613995955e-01	   5.1009235156153288e-01	  -5.7379380805816316e-01	   4.7391311457819052e-01	   1.1833126159081642e-01	  -2.2503332842931517e-01	  -1.3202999841205643e-01	   2.5386788064662658e-01	  -2.5746522454829496e-01	  -1.3541047970950902e-02	   7.8678464811967372e-02	   6.4416116264182355e-01	  -2.8958411408169515e-01	  -1.4737527347190027e-01	  -3.8769359697154410e-01	   6.9330378429628392e-01	  -4.0599184393655019e-01	
   2.7970794766223389e-01	   1.1775148348333284e-01	   7.0068949824816887e-02	   1.9391296604150246e-01	  -7.9445996226634903e-03	  -2.7517347013200849e-01	   1.2224505045203621e-01	   6.1908327851691355e-02	  -2.4766317258359608e-02	  -4.2766770006245763e-02	   4.2494702060377326e-01	   2.1492386610265292e-02	   2.8916030248160640e-01	   3.4214891104754522e-02	   0.0000000000000000e+00	   4.2134744076123054e-01	   5.1512786673700639e-01	   2.0513576362562591e-01	   2.8318803772098322e-01	   3.1280312896775808e-01	   3.2361087707243530e-01	   4.2487091240039321e-01	   8.9098299783444426e-02	   6.1089699213768708e-02	  -3.7326572117040102e-02	  -9.6630693172670423e-02	   1.9631619302412071e-01	   1.7665993516676026e-01	   4.0950889287046310e-01	   3.0656813118571669e-01	   2.6721468859848263e-01	   2.3446578740066731e-01	  -9.6613261389286928e-02	   1.5245436688188599e-01	   2.4390337160252545e-01	   3.2582568757209118e-01	   2.9207049465219348e-01	   2.1582515373070785e-01	   3.8551991648898093e-01	   3.0847504314596130e-01	   3.7631159907665657e-01	   2.2783184558020467e-01	   2.1862554130354295e-01	   3.4974591285130319e-01	   3.5968190801703537e-01	   3.8467522999773052e-01	   2.6086186105070214e-01	   3.5341805130501058e-01	   1.9235197767863979e-01	   8.0596201865540673e-02	   9.8499842815394645e-02	  -4.3245621979073098e-02	   1.6385973880271076e-01	   9.1644523482474455e-02	   4.0827567726194824e-01	   2.7905992176791822e-01	   2.5841172602276308e-01	   2.0509899038525506e-01	   3.6070710744126400e-01	   4.1733857597724211e-01	   3.8251681118868441e-01	   1.4225101370382007e-01	   4.8481497930528700e-01	   7.8520728198063452e-02	   4.0355872628691825e-01	   1.0580403256838300e-01	   4.2395878959435795e-01	   2.7196617963838754e-01	   2.3737813383036427e-01	   8.2040761251138974e-02	   3.4720615088105983e-01	   1.2732343825141951e-01	   4.3919776936477589e-01	   1.9516684114035573e-01	   2.8982157034110900e-01	   1.9190168607850860e-01	   1.3576842022638957e-01	   2.4492788412869843e-01	   5.3523094647961300e-01	   5.1531044796861025e-01	   6.3369231701082163e-01	   3.1550665089741403e-01	   6.6965100912014242e-01	   2.9842685577358918e-01	   3.9649896859602785e-01	   1.4494987228091857e-01	   4.6377707689287850e-01	   4.5266527781210986e-01	   3.5353819259441666e-01	   5.1177819228057309e-02	
   2.8161797813638112e-01	   3.9624068764302950e-01	  -8.7528643781421334e-02	   3.0836248315917658e-01	  -1.8591669001027544e-01	  -1.5893935913154900e-01	   2.1032703277806260e-02	   2.6451395616039819e-01	   1.0879274692583570e-02	   7.4590779506436361e-02	   9.1853581375547971e-02	   2.9510337344947146e-01	  -8.4704521774808417e-02	   2.3616782586946825e-01	   4.2134744076123054e-01	   0.0000000000000000e+00	   2.9097164410160048e-01	   2.7547781722735254e-01	   5.2340001142663739e-01	   5.5034255350422490e-01	   3.7780875992742935e-01	   5.1963769401495485e-01	  -1.0354728544100515e-01	  -1.5427905400445105e-02	  -1.8873974999880067e-01	  -1.2514212285318485e-01	   6.0348132016800493e-01	   4.5191624864913615e-01	   3.2878222498898302e-01	   5.6281726469115245e-01	   2.3105203339417407e-01	   2.6290404655114535e-01	   3.8320445675498289e-03	   3.4217224315429917e-01	   2.8132573456097776e-01	   4.1959099703095537e-01	   8.1232618985415408e-02	   6.1042658510047920e-01	   4.9291446753373402e-01	   4.8226342819221274e-01	   5.9741011135778388e-01	   5.5827638004657665e-01	  -3.8341468005601710e-02	   2.1821988089383565e-01	   2.6613642974704022e-01	   3.6469122106352669e-01	   1.5499258054026793e-01	   3.0896422749217728e-01	  -9.4219280362372829e-02	  -6.2330585389776719e-02	  -8.2028762610398528e-02	  -1.7260924259985039e-01	  -1.1895299850356575e-01	   2.6301141586388366e-01	   4.1888424096705534e-01	   4.8642118009417812e-01	   2.4471754435309723e-01	   4.7622643409955279e-01	   3.5110022269513408e-01	   3.9278422804813456e-01	   2.5066544045815731e-01	   2.9508576685027998e-01	   1.4040392357470638e-01	   2.7120592079792283e-01	   3.9566738311938893e-01	   1.6978312402533330e-01	   5.3496177463027217e-01	   5.3903088010033540e-01	   4.6649358852793443e-01	   3.2529233001550439e-01	   3.7662708289770003e-01	   2.8177201384848949e-01	   4.1302804155383621e-01	   4.1675524588026491e-01	   2.0744984764013599e-01	   2.5959564902747045e-01	   7.8365531366861058e-02	   4.0081766878712843e-01	   2.9684540603023901e-01	   5.4958988045924972e-01	   5.3196663742266059e-01	   6.6004330026828062e-01	   5.5125814668274042e-01	   7.3268736766691567e-01	   2.6521200508721854e-01	   4.2579700365584450e-01	   7.2695344036019488e-02	   5.6823796700267182e-01	   3.4089202063512775e-01	   2.2833768010704911e-01	
   4.1351149396706821e-01	   1.1744890963692593e-01	  -1.4544150127087582e-01	  -2.4633409084157554e-01	  -2.8970179319041373e-01	  -3.0130603813854484e-01	  -6.7875444215988096e-02	  -3.3667158828953070e-01	  -2.0786188928349933e-01	  -3.3733868686333307e-01	   4.6186255229382622e-01	  -2.4493231742604946e-01	   5.3142872525798912e-02	  -2.5660150892966033e-01	   5.1512786673700639e-01	   2.9097164410160048e-01	   0.0000000000000000e+00	   5.6251807124961739e-01	   2.2139744896053642e-01	   1.7520442982537582e-01	   4.2180307909885417e-01	   3.0617423381235692e-01	  -2.8927691592951554e-01	  -3.1264908875137470e-01	  -2.5273363605770216e-01	  -1.9796138806402122e-01	   3.0015697148718967e-01	   3.4725380265360722e-01	   8.1167943867820014e-01	   6.6381140472931233e-01	   5.6413204622011937e-02	   6.8921761311883118e-03	  -1.6890649805021751e-01	  -5.9799821046736458e-02	   8.8511526493234627e-02	   1.0389514687385573e-01	   3.8620997071525032e-01	   2.6307546129660370e-01	   2.0514109615706644e-01	   1.3579101806908950e-01	   4.2632166590518322e-01	   3.2886962077515042e-01	   7.2413977257853493e-02	   2.2501133278960120e-01	   3.5306075860268560e-01	   2.9088340047544492e-01	   1.7042578286141452e-01	   2.5810915487047353e-01	   5.9309070637443978e-02	  -4.7363230344344615e-02	  -1.5581618052856322e-01	  -1.9736942786261227e-01	  -7.9159311985142172e-02	  -9.1658698998964699e-02	   1.1143512165018252e-01	   2.4523285642755066e-01	   5.7635101234861619e-01	   3.9687960843612008e-01	   5.9299136501482175e-01	   4.8034936536879619e-01	   6.1845960514218123e-01	   4.4354077329179309e-01	   6.7408650113450508e-01	   2.9902114467561608e-01	   2.5723603204739631e-01	   1.3346130510839089e-02	   5.4240868573464496e-01	   3.4077652359384414e-01	   3.5466321362332875e-01	   3.0839377795253098e-01	   2.2725825021879481e-01	   1.6590379445493403e-01	   4.4204545076113522e-01	   2.6747844895013839e-01	  -3.8931722560481358e-02	   1.9292929107403931e-01	  -3.3180637925376416e-01	   4.0631638869227694e-02	   7.1221091886731425e-01	   7.5768018602883136e-01	   5.8498380093520819e-01	   5.8629306880704202e-01	   5.2438233900739672e-01	   4.7331010231384069e-01	   2.3229954200487715e-01	   2.1186448543252337e-01	   4.3438857546120635e-01	   4.6752295777046893e-01	  -1.2739871797443547e-02	   7.6733272246969603e-02	
