   0.0000000000000000e+00	   8.4903126798756978e-01	   5.1141540318366241e-01	   4.6341105383720127e-01	  -1.9454750450655516e-02	   1.2516445124029171e-01	   6.3772743161303003e-01	   6.8797675736639952e-01	   2.4285765931618997e-01	   5.8341678239787131e-01	   7.7059831463057671e-01	   5.4569839153327016e-01	   7.4849554345855318e-01	   7.0122523015222615e-01	   6.2663198789146568e-01	   5.5012777510535571e-01	   5.0938308652743158e-01	   6.7755089915915923e-01	   6.1989579887683410e-01	   6.2213851345848092e-01	   4.7660982746707126e-01	   5.4324288410777233e-01	   4.9130337868754870e-01	   4.1886721115919906e-01	   7.7632442430667341e-03	   1.8586522246406370e-01	   4.3953674427604561e-01	   3.4936406531258801e-01	   6.2981673016561723e-01	   7.0290258330061883e-01	   6.1610495982615965e-01	   7.1007329763860927e-01	   6.2553914741904526e-01	   7.0221082337417218e-01	   3.5856873552513685e-01	   3.9267992664178802e-01	   5.1163625328746232e-01	   3.9111176309877060e-01	   4.6201634889332821e-01	   4.0055095854826489e-01	   4.5055318799262234e-01	   4.4537484204416233e-01	   4.2033921475894395e-02	  -3.1409778196558810e-02	   8.9479296485107579e-02	   7.1659239121947854e-02	   8.3325321753580428e-02	   2.6105720840657161e-02	   4.4946849801069011e-01	   5.1868913188407417e-01	   6.4699397064525555e-01	   5.6503518265174568e-01	   6.3923847270019585e-01	   4.8678202119019420e-01	   4.6978610284670536e-01	   3.6759238472383310e-01	   5.9844836685071123e-01	   5.2052282448729437e-01	   7.0586372271526543e-01	   6.0187198574664169e-01	   7.3540597306704869e-01	   6.8009124817886513e-01	   6.8795340813630124e-01	   6.2793078116714007e-01	   6.2796219352385563e-01	   6.6360968280000554e-01	   4.7346774714122825e-01	   4.3584421661138323e-01	   5.1416471396089625e-01	   5.1049080106654865e-01	   5.1930430291405938e-01	   5.4155065645133615e-01	   5.1095207934447995e-01	   5.2258086957734717e-01	   3.8229430745538506e-01	   2.7420210917795523e-01	   6.6738237855812432e-01	   6.3575084536427751e-01	   3.2523798784075786e-01	   3.1089490728731617e-01	   3.5577270685000861e-01	   4.0567976841986148e-01	   5.6643527548870920e-01	   4.8704509702674592e-01	   3.5515530761416481e-01	   2.3211692676907439e-01	   4.6211866126750190e-01	   2.7563846821333704e-01	   6.2228868812662930e-01	   4.9070042343804021e-01	
   8.4903126798756978e-01	   0.0000000000000000e+00	   5.1262381482049768e-01	   5.9613085548695466e-01	   7.1166961558576769e-02	   2.4254431970190837e-01	   4.2009027177049540e-01	   5.9564406343183873e-01	   2.2806353115205930e-01	   6.5300686795306462e-01	   7.2444073423392252e-01	   7.2712202658573521e-01	   6.3241555441783914e-01	   6.0090129752211585e-01	   5.8442058681085518e-01	   5.6726945650757588e-01	   4.4120987202558276e-01	   6.0481838399127841e-01	   7.2637538049899353e-01	   7.7938067783970322e-01	   4.0521714890288696e-01	   5.2828096310216588e-01	   5.9398386444570772e-01	   5.9254186909046580e-01	   9.5996542235668433e-02	   1.9077563764704433e-01	   5.4710513302413033e-01	   4.8570572142238777e-01	   5.2833513016193745e-01	   5.9630875107493819e-01	   5.6386843930620667e-01	   7.2276146355102511e-01	   6.5403424061739579e-01	   7.1564195999981239e-01	   4.8802948059455592e-01	   5.3526877378450144e-01	   5.8288215738990878e-01	   5.8309498170453300e-01	   5.6917269456893005e-01	   4.9203191324667916e-01	   4.3313360414950158e-01	   4.4333119706237112e-01	   2.1837955755631025e-01	   1.6063488424388461e-01	   2.2946693450891964e-01	   2.7060640150034587e-01	   2.2360581113838846e-01	   2.1507050518037973e-01	   5.0078295455261534e-01	   5.9507449415420743e-01	   6.9682014764452926e-01	   5.8463497534827491e-01	   6.1364728694176840e-01	   5.9185367427949409e-01	   6.1880017012739275e-01	   5.0597959274912074e-01	   7.0436646344193687e-01	   6.4326004302829165e-01	   6.7179901897940653e-01	   5.9061773809047557e-01	   7.1897246350024002e-01	   6.8109141028931630e-01	   6.6400360227488675e-01	   6.5544406299139757e-01	   6.5873807256190542e-01	   7.0356970784395734e-01	   6.3252964977457315e-01	   6.3008473784276020e-01	   6.3875387831764030e-01	   6.4113848454377487e-01	   5.3026012824996271e-01	   5.1931118177631508e-01	   5.1598507379014769e-01	   5.9194092966913470e-01	   4.1789482616321361e-01	   3.9685087763049454e-01	   6.4909982479547224e-01	   6.7435720875987093e-01	   4.2546353279396465e-01	   3.5006865929263020e-01	   4.3813099423489110e-01	   5.0235325901136840e-01	   6.6574965221552485e-01	   6.1509411505968470e-01	   5.4698211840030209e-01	   4.5127291807226688e-01	   6.4075814428464761e-01	   5.1470938424534818e-01	   7.2533994519152711e-01	   6.3605176604562164e-01	
   5.1141540318366241e-01	   5.1262381482049768e-01	   0.0000000000000000e+00	   8.3815188029948950e-01	   6.0260114633267592e-01	   6.6106833027953615e-01	   6.6212517864754949e-01	   6.3177889343748461e-01	   6.2030204252123977e-01	   5.4282733587562515e-01	   4.8012036330934282e-01	   4.8975052061778357e-01	   5.8492011709097713e-01	   3.5946061436042615e-01	   3.4456082263017390e-01	   1.8597654866599042e-01	   3.6438990758708556e-01	   4.8464799197086145e-01	   6.1834501900991301e-01	   6.5200642033389633e-01	   3.4382417094077261e-01	   4.0066964183275211e-01	   8.5245534423324454e-01	   7.8941847130456111e-01	   4.6303849668497149e-01	   4.6156134383948327e-01	   3.0733108601018466e-01	   3.6387820096613638e-01	   4.5656146246368490e-01	   3.5273445191027197e-01	   2.6522878528293081e-01	   4.2047232826764142e-01	   4.4010764658768786e-01	   4.8374450619527576e-01	   5.8164384173664341e-01	   4.6249893568155637e-01	   4.5480604623592402e-01	   5.1216938520621202e-01	   3.4747468216275423e-01	   4.3591310542072159e-01	   4.8294366355884388e-01	   4.5000658481729616e-01	   2.1179062734118570e-01	   1.6969406931897774e-01	   2.7284113245941582e-01	   3.4269215324400398e-01	   2.3800764750533329e-01	   2.4309217435201619e-01	   4.0996223746164978e-01	   4.5671854360141539e-01	   5.3928122319429095e-01	   4.8049497529555746e-01	   6.6058718648029546e-01	   6.1897315448789891e-01	   3.8746218942529242e-01	   3.3291362179947426e-01	   4.6053174591406965e-01	   3.9661389955639093e-01	   1.9066062117144467e-01	   1.5693154202065293e-01	   3.9254548648972526e-01	   3.2630709917103778e-01	   5.4790752497453143e-01	   4.6670393017429923e-01	   3.8155944915192230e-01	   4.6395703516334980e-01	   4.8818996192656694e-01	   5.5112774562995837e-01	   3.0586545524989583e-01	   4.0077181615016466e-01	   1.4154228971951210e-01	   2.4853643543792769e-01	   2.2256994828464710e-01	   2.7544374674403072e-01	   3.1937600628661478e-01	   4.1439161241621902e-01	   4.1109338391036104e-01	   4.9110435203194958e-01	   4.0709940266492811e-01	   2.1254832023042969e-01	   4.4062983868606381e-01	   5.4262250470252105e-01	   6.0250516283258460e-01	   5.7371853889091939e-01	   6.4201352351036667e-01	   6.5583682201410287e-01	   6.2143318618619503e-01	   5.2400095223221732e-01	   4.9406022437541919e-01	   6.0051254110376195e-01	
   4.6341105383720127e-01	   5.9613085548695466e-01	   8.3815188029948950e-01	   0.0000000000000000e+00	   5.5641070658609382e-01	   7.1035251567848012e-01	   4.3668785100710161e-01	   5.5490701977506252e-01	   4.9439327486364743e-01	   6.5560214844840048e-01	   4.6529697732832331e-01	   6.5706936387539772e-01	   4.1337180497451875e-01	   2.8516590047700041e-01	   3.0871858148217923e-01	   2.3928541549775723e-01	   3.7696826824931295e-01	   4.3122773818346855e-01	   6.5021555809835097e-01	   7.4974657285351098e-01	   2.1030354092323694e-01	   2.8330021410095296e-01	   8.7543966484407310e-01	   9.0090118639391981e-01	   3.5543815556028213e-01	   4.0020460489144088e-01	   4.5527670900049533e-01	   4.8775968553370674e-01	   3.8872037318551106e-01	   2.7753731856890762e-01	   2.6857173475143820e-01	   4.4136912647632615e-01	   4.8730264051863148e-01	   5.2737869817773764e-01	   6.2158822262322300e-01	   5.2140826812324148e-01	   5.0151321881054445e-01	   5.4941190805147733e-01	   4.8601938603185618e-01	   5.0167079584854313e-01	   4.0844324873301785e-01	   3.9659313764825033e-01	   2.3442159158171375e-01	   2.3018079632106031e-01	   2.7926184583921787e-01	   3.9696060917537151e-01	   2.1325306322228807e-01	   2.7027782966963954e-01	   3.2192276272811021e-01	   3.9601147897167732e-01	   4.6497393396913939e-01	   3.5352085714760306e-01	   5.8056506144348252e-01	   5.4680161200839061e-01	   4.1808264581061982e-01	   3.3204450634040744e-01	   5.9183236910063031e-01	   5.1394812069719842e-01	   2.2166468899610248e-01	   1.7679918531234290e-01	   3.9965247450115765e-01	   3.6381380348478720e-01	   5.6316935201011409e-01	   4.9055791413560035e-01	   4.4363528193903290e-01	   5.7657598197246629e-01	   5.8958598664315010e-01	   6.6326705904943872e-01	   4.8870382577048632e-01	   5.0902221893754396e-01	   1.3382577383685965e-01	   1.6771142636243064e-01	   1.4578201050266074e-01	   2.2245606284417360e-01	   2.7659364259565145e-01	   3.2241765272602629e-01	   3.2847000500342105e-01	   4.2741918838938453e-01	   4.8767031455268639e-01	   3.1347874657101266e-01	   5.5419957436650369e-01	   6.2506444264085115e-01	   7.0246523191494148e-01	   7.2842457173105224e-01	   7.1797791073619721e-01	   7.0510363625611705e-01	   7.4740525985317918e-01	   7.2177379666306640e-01	   5.9678548556422362e-01	   6.4119029508851710e-01	
  -1.9454750450655516e-02	   7.1166961558576769e-02	   6.0260114633267592e-01	   5.5641070658609382e-01	   0.0000000000000000e+00	   7.2177975613277701e-01	   2.4500799693964964e-01	   1.9970004048181400e-01	   5.7835907312816870e-01	   1.8438909498700490e-01	  -5.1727334176444130e-02	   1.2934161196836411e-01	   2.9803927040188256e-02	  -1.7514963317362825e-01	  -2.2332794481088930e-01	  -3.5115810369953715e-01	   5.1058915572099281e-02	   9.8219964946010506e-03	   1.2622588504565310e-01	   2.0717391352034464e-01	  -2.6617371869079309e-02	   9.6054509002295618e-02	   4.9532887548795079e-01	   5.3695778144316342e-01	   4.8992611735909453e-01	   3.6178595735306762e-01	   1.5612792572932135e-01	   1.7594882764110575e-01	  -3.6288496587318343e-02	  -9.3454140199110275e-02	  -2.0308582953595661e-01	  -1.3187137994625603e-01	   1.1093452116419183e-03	   6.8045561658771334e-02	   1.8110594042729417e-01	   1.8910330710244574e-02	   4.0893212022020821e-02	   1.3489449694177477e-01	   8.3066027913104246e-02	   8.6559151272153884e-02	   3.7756905430287563e-02	   1.0693052893612767e-01	   3.2525357713445202e-01	   3.3749287534401634e-01	   3.2084165372967949e-01	   3.8134274759462444e-01	   3.6925728218186293e-01	   3.9694030018813159e-01	   2.6922091365937340e-01	   3.8092410590096004e-01	   1.8297268930854449e-01	   2.1802249085539430e-01	   2.3383881713067195e-01	   3.6696807965001138e-01	   1.8096467869531610e-01	   2.2304592364406237e-01	   1.1760038376880820e-01	   1.5349822612924965e-01	  -1.2256919055929513e-01	   6.7128144680933151e-03	   9.4483554830438729e-02	   9.2719057072056715e-02	   2.7600392011048702e-01	   2.5326136195193949e-01	  -1.5291417253296088e-01	   3.6817640831845994e-02	   2.5089469748800686e-01	   3.5369651119683865e-01	   1.1898875643176926e-01	   2.0936322510155120e-01	  -2.8479970240345104e-01	  -2.6010886911796599e-01	  -1.4462586017588680e-01	  -5.9120924983738166e-02	   5.1012336470862084e-02	   1.3457134119402636e-01	  -3.4028047768201834e-02	   9.1193775609930972e-02	   1.7492662792936933e-01	   5.8937704677232541e-02	   9.2294785942963947e-02	   2.1979801536171073e-01	   1.8026487799218566e-01	   2.2854372171896509e-01	   3.1166459639336808e-01	   4.2284713868773349e-01	   2.9925604926323013e-01	   3.6205020157200218e-01	   1.0184556998689513e-01	   3.3600575581931991e-01	
   1.2516445124029171e-01	   2.4254431970190837e-01	   6.6106833027953615e-01	   7.1035251567848012e-01	   7.2177975613277701e-01	   0.0000000000000000e+00	   2.4579081999750768e-01	   2.8289748038657203e-01	   4.7200062762123873e-01	   4.8325679878883238e-01	   2.4083647507969591e-01	   3.4419835505037710e-01	   1.8775201177290401e-01	   1.8510772364321276e-02	   3.0722707141448119e-02	  -1.3765227521433589e-02	   2.1052511518015971e-01	   1.5749400023191332e-01	   3.7684719937296118e-01	   4.7504329958509472e-01	   9.5290064413030603e-02	   2.0574942271190361e-01	   6.6434743288431797e-01	   6.7349080274611728e-01	   4.0142602961394991e-01	   3.1844595103025825e-01	   4.0327356317832530e-01	   3.8587515418380958e-01	   1.3862890965042809e-01	  -1.2854940058739047e-02	  -7.2498151933916215e-04	   9.9052215096139817e-02	   2.0546111765646163e-01	   2.2863038790147333e-01	   4.7994365581635867e-01	   3.1777994531822717e-01	   2.4189152349663207e-01	   3.2876871606129898e-01	   1.3396260744549870e-01	   2.5160438358555892e-01	   1.9257655174599997e-01	   3.0566612795538939e-01	   1.8752076766674156e-01	   2.0308271189999150e-01	   2.1035134985504861e-01	   3.2187937563272828e-01	   1.8163411760184958e-01	   2.4305746161154454e-01	   1.4219886259769998e-01	   2.6339095838638543e-01	   2.2696921002056508e-01	   2.1181397990627215e-01	   3.9288835738718986e-01	   4.7682277883388668e-01	   2.2809379708809574e-01	   2.3811519534585041e-01	   3.8032195421024356e-01	   3.5226432182030598e-01	  -6.5803618503088024e-02	  -5.1738519976804009e-02	   1.1139701321157636e-01	   6.4761926817725787e-02	   3.0828256784234703e-01	   2.7369370061711429e-01	   1.5135137892545519e-01	   2.5683289233242390e-01	   3.3581988295841925e-01	   4.3113691340955534e-01	   2.9092474313607386e-01	   3.2947498989719060e-01	  -1.4860838746551408e-01	  -7.7631229653098183e-02	  -1.2286227589562121e-01	   4.0421976998738021e-02	   8.1467737007007879e-02	   2.7258641249974824e-01	   1.1962495247944657e-01	   2.1691402197302873e-01	   3.6676775065179323e-01	   1.3075894740173793e-01	   4.1874550540586941e-01	   4.4605274326118882e-01	   4.4509689954820408e-01	   5.2309456337655025e-01	   5.2921145523101443e-01	   5.2799904868510983e-01	   5.8817901810966333e-01	   5.5574898426900177e-01	   2.5672281087957194e-01	   4.3135744702152645e-01	
   6.3772743161303003e-01	   4.2009027177049540e-01	   6.6212517864754949e-01	   4.3668785100710161e-01	   2.4500799693964964e-01	   2.4579081999750768e-01	   0.0000000000000000e+00	   9.1846143973321748e-01	   6.4352821942320260e-01	   5.6306701431731265e-01	   5.2721192560324903e-01	   2.1257894882593883e-01	   8.1010144271297235e-01	   7.2234583249412299e-01	   5.6636392910143607e-01	   4.4224370334397789e-01	   5.6422469373144257e-01	   5.8434786680245976e-01	   5.7787547492027236e-01	   4.4977458479669702e-01	   3.9312900887709090e-01	   5.2952306708819830e-01	   4.2721333272528461e-01	   2.7701700820302411e-01	   3.5699936458638792e-01	   5.7201999227572564e-01	   3.5671167901752848e-01	   1.6396454397440874e-01	   6.2013755044405627e-01	   6.4817032824457521e-01	   5.4132365361332457e-01	   5.9090515620116912e-01	   6.0764581647807836e-01	   6.7070614879892587e-01	   3.9729725881821915e-01	   4.7190903220034924e-01	   3.6054662585718433e-01	   1.7023582059790526e-01	   3.2687789901754183e-01	   2.7996148387251335e-01	   3.5544270060471878e-01	   2.8765010526558754e-01	   1.1825469893135704e-01	   8.4093657471625713e-02	   2.6608075396223169e-01	   2.3991187444060824e-01	   2.2895878541921533e-01	   1.6831915959823771e-01	   5.5274162385509062e-01	   4.3010899004732500e-01	   6.0655651762845109e-01	   6.0692701656649495e-01	   4.5918253798887987e-01	   3.9747408406611606e-01	   4.2435127097206765e-01	   3.3188220487457065e-01	   3.2702102567568131e-01	   2.1307829617625940e-01	   4.8291421668239642e-01	   3.3954335717965739e-01	   5.8960611646635930e-01	   4.6488794201258410e-01	   5.3226721266774946e-01	   4.3651641389842777e-01	   5.7536414978826478e-01	   6.0879226546017173e-01	   4.1423936333955447e-01	   3.3012810512675195e-01	   2.4936820921163338e-01	   3.0317228707163024e-01	   3.8414658581889610e-01	   4.1589099187527701e-01	   3.7969732902120024e-01	   3.0312924444548328e-01	   3.4102267207895620e-01	   2.3214652115748782e-01	   5.9152475900428381e-01	   5.6058228661021026e-01	   2.7473756412841016e-01	   1.7107648768418166e-01	   2.7026486904322755e-01	   2.9597473221012505e-01	   3.9497222648630603e-01	   3.5326113538298054e-01	   2.1205664041026823e-01	   2.2786921888886524e-01	   2.8419875521902288e-01	   1.0918757966032638e-01	   4.4955316292482611e-01	   3.9000862096536998e-01	
   6.8797675736639952e-01	   5.9564406343183873e-01	   6.3177889343748461e-01	   5.5490701977506252e-01	   1.9970004048181400e-01	   2.8289748038657203e-01	   9.1846143973321748e-01	   0.0000000000000000e+00	   6.0400426500866089e-01	   7.4886967205993393e-01	   6.1408137620231606e-01	   4.0257407973628156e-01	   8.1569399196262560e-01	   8.1675786302805087e-01	   6.6189379777382440e-01	   5.8638621047459472e-01	   5.6175193129877765e-01	   6.4295061531389996e-01	   6.6432978317266500e-01	   5.8025766671278722e-01	   4.3146949211568292e-01	   5.8155635917235537e-01	   5.1973722051424120e-01	   4.0739970407223070e-01	   3.5379251596354888e-01	   5.9670201401463241e-01	   5.3338058918445075e-01	   2.9833945207559387e-01	   6.4999179738902613e-01	   7.0525919738694209e-01	   5.8445335547564559e-01	   6.8799985555280641e-01	   7.1626257550210481e-01	   7.8147325416183655e-01	   4.9666331119947366e-01	   5.9398811336266855e-01	   4.0440097656151286e-01	   2.5713433165586591e-01	   4.4590722618822509e-01	   4.3689685909834575e-01	   3.1512268131777449e-01	   3.4207986391440848e-01	   2.1563706777720754e-01	   1.9666456275443533e-01	   3.5625434554842272e-01	   3.5547360850211890e-01	   3.0751838003801502e-01	   2.8210159144252200e-01	   6.1395157369152686e-01	   5.1251606378740922e-01	   6.8841832077250675e-01	   6.5076243078017737e-01	   4.9947186410815791e-01	   4.8480222673185303e-01	   5.6914859101069193e-01	   4.8948116876194209e-01	   4.6233498607096307e-01	   3.2622825375088749e-01	   5.8538875603905938e-01	   4.0815657590323595e-01	   6.6836743043270075e-01	   5.6167059491999394e-01	   6.0122520240179411e-01	   5.1086610845490976e-01	   6.9174447330249977e-01	   7.6753427239603167e-01	   5.7505111166255274e-01	   4.9299211877617594e-01	   3.8936126823392703e-01	   4.1126110999773691e-01	   4.8887218245797681e-01	   4.5837463459760613e-01	   4.3525344699145352e-01	   3.6405730680393733e-01	   3.2381234155724736e-01	   2.9549130696923820e-01	   6.1042413153438602e-01	   5.9597176218130177e-01	   3.8788854185779392e-01	   2.4327577497670710e-01	   3.4091816298010236e-01	   3.6150099376145678e-01	   4.8488930502640537e-01	   4.7055975835286284e-01	   3.1848349763848227e-01	   3.3104708302569535e-01	   3.9449095564882841e-01	   2.3069668514686431e-01	   5.5718907492909009e-01	   5.1478115422385584e-01	
   2.4285765931618997e-01	   2.2806353115205930e-01	   6.2030204252123977e-01	   4.9439327486364743e-01	   5.7835907312816870e-01	   4.7200062762123873e-01	   6.4352821942320260e-01	   6.0400426500866089e-01	   0.0000000000000000e+00	   4.6501225548366243e-01	   2.0808596683745079e-01	   2.1939727667708431e-01	   5.5486975807346628e-01	   3.8930210944499011e-01	   3.6884414169958191e-01	   2.4556598356547099e-01	   1.6998927846078354e-01	   3.2550289117874176e-01	   3.5637618666634302e-01	   3.3684662865816761e-01	   1.3372338606867090e-01	   3.0217535134233020e-01	   4.6625791980765185e-01	   3.1075749564450678e-01	   6.5017875497214228e-01	   6.8430532528505816e-01	   1.8512332880658255e-01	   1.6015974120325543e-01	   2.3295325044266635e-01	   1.6788704458273879e-01	   1.3375927532994034e-01	   2.2846069582048537e-01	   2.9693312005729078e-01	   3.4600544407323486e-01	   4.4176031935348470e-01	   3.8203880169932947e-01	   2.7232359958080909e-01	   2.1219655520031830e-01	   3.6284969231469466e-01	   1.4961730143454366e-01	   2.2909526970607344e-01	   1.0284058613262070e-01	   1.3958430624149160e-01	   1.4182374866698333e-01	   2.4814483941506890e-01	   2.6949108406255223e-01	   2.6916904169786759e-01	   2.4045261102321619e-01	   3.4258318495874829e-01	   3.0843557249230114e-01	   3.8433876283812429e-01	   4.0258375469911245e-01	   3.2948146939405210e-01	   3.9235253301973338e-01	   2.1441666083555566e-01	   2.0069100594800959e-01	   1.4147851367917685e-01	   9.0929732314216805e-02	   1.0719759197675166e-01	   5.5504045163020960e-02	   2.9569842889420822e-01	   1.4866619570907014e-01	   3.5178930263143260e-01	   2.5736965282804680e-01	   3.5633852040923142e-01	   4.5570753410418807e-01	   2.6298478914443352e-01	   2.4493597925169261e-01	   1.0869929318769747e-01	   1.4980961003277973e-01	   2.1192962857463710e-01	   2.6025754863709205e-01	   2.1439355084242256e-01	   1.7150059836695408e-01	   2.9577111987177107e-01	   2.6967505478044385e-01	   2.5954042875642380e-01	   3.0280647606554578e-01	   1.9763084415346510e-01	   1.3719312448976170e-02	   2.0148206160706467e-01	   2.4025156004198661e-01	   2.3127736637442561e-01	   2.7569969274194711e-01	   2.2099318574584070e-01	   3.2572949465548318e-01	   1.5343898537261871e-01	   1.1428390966779016e-01	   1.9727757184791203e-01	   2.3110737857463542e-01	
   5.8341678239787131e-01	   6.5300686795306462e-01	   5.4282733587562515e-01	   6.5560214844840048e-01	   1.8438909498700490e-01	   4.8325679878883238e-01	   5.6306701431731265e-01	   7.4886967205993393e-01	   4.6501225548366243e-01	   0.0000000000000000e+00	   6.8088887572824941e-01	   6.1876026687514796e-01	   6.5886367381866162e-01	   6.9921469347606235e-01	   6.4467373728122035e-01	   6.5305315649594819e-01	   5.2117212381350753e-01	   5.3935452790724026e-01	   7.1748918877538115e-01	   6.5272499768953396e-01	   3.1149809146903473e-01	   4.2071752385126854e-01	   6.1076373060815436e-01	   6.0437012500068965e-01	   1.7580024582116072e-01	   3.8695431088758991e-01	   6.3020067657987711e-01	   3.6148658946826173e-01	   5.8303956743016916e-01	   4.6889527630000050e-01	   4.4099241242673803e-01	   5.5538793411865750e-01	   6.1956733705043554e-01	   6.2977489973022305e-01	   5.7095862748232018e-01	   6.0964463522922618e-01	   4.4251895523358553e-01	   3.7674264017265041e-01	   4.0499908312612948e-01	   4.1771798271699878e-01	   2.4961993161585888e-01	   3.8064840073676631e-01	   9.8526176258060053e-03	  -4.4831333970348948e-03	   1.0658400718491154e-01	   1.8084545877063984e-01	   4.4659448128107571e-02	   6.9725364770268777e-02	   2.9864499298777175e-01	   3.1976436875108327e-01	   5.2874151163108163e-01	   4.6460773483667850e-01	   5.3343724440213491e-01	   4.9584557854197037e-01	   4.4196382602905732e-01	   3.6819746233463602e-01	   5.9413189918277154e-01	   4.3872223545924088e-01	   4.8353498390193750e-01	   2.6869026478045799e-01	   5.5521625385007745e-01	   4.3389077148588595e-01	   5.7323096509164673e-01	   4.2247695027048981e-01	   8.0929671570917405e-01	   8.7595080575969431e-01	   5.2292210269517736e-01	   4.9473629158176596e-01	   5.1554488826897105e-01	   4.6863467890873811e-01	   4.3053952202996115e-01	   4.4321268040400241e-01	   3.9527862918222201e-01	   3.5953263739785324e-01	   2.5377389894377311e-01	   3.5031784739174715e-01	   5.2784838668039502e-01	   5.5416697369860479e-01	   4.9147817448413667e-01	   4.0574734841061505e-01	   5.8312395673243089e-01	   5.1409962078762572e-01	   6.5697920445195146e-01	   6.7239926495984415e-01	   5.5869674251190449e-01	   4.6401086919871348e-01	   6.3840138941745816e-01	   4.5367773639423359e-01	   6.4811945475455246e-01	   5.6993092313327276e-01	
   7.7059831463057671e-01	   7.2444073423392252e-01	   4.8012036330934282e-01	   4.6529697732832331e-01	  -5.1727334176444130e-02	   2.4083647507969591e-01	   5.2721192560324903e-01	   6.1408137620231606e-01	   2.0808596683745079e-01	   6.8088887572824941e-01	   0.0000000000000000e+00	   7.3552061105575262e-01	   7.4724293590707980e-01	   6.8053549535200319e-01	   6.2117625482015748e-01	   6.0842969234562505e-01	   4.3778966418970694e-01	   5.4130748063073120e-01	   7.5074362949559936e-01	   6.4774279658147504e-01	   4.0813276935996579e-01	   3.1375546171250657e-01	   5.2307818352058177e-01	   4.9537615346258485e-01	  -2.0388079330681459e-03	   1.6867034654774546e-01	   5.6345444647337306e-01	   3.7882666238954366e-01	   5.2537497557715251e-01	   5.1019883181534142e-01	   5.2172690707605029e-01	   6.3593232403498401e-01	   5.1161098926795834e-01	   5.4450140201913400e-01	   4.9325490334780125e-01	   5.3963180644879183e-01	   3.7862524858509761e-01	   2.8371223441362248e-01	   3.0731897665886276e-01	   3.6595073616201379e-01	   2.5699896960278790e-01	   3.6166874701430085e-01	  -1.5727988679460653e-01	  -1.8497791300280758e-01	  -7.0852442048373612e-02	  -3.9690358068041227e-02	  -1.5255092048794502e-01	  -1.3784230531247638e-01	   1.9109492454801888e-01	   1.9895878175297788e-01	   4.7052885899179808e-01	   3.7264572871451462e-01	   5.1696863419076300e-01	   3.6245198479793345e-01	   2.8403569226631153e-01	   1.7345061198628264e-01	   5.1762418879241756e-01	   3.6208487928525662e-01	   4.5635151936121976e-01	   2.3520433528869111e-01	   4.6320472242233768e-01	   3.6327014495937748e-01	   4.2845881493143212e-01	   2.8855747049810571e-01	   7.8249187483095661e-01	   7.1108374977057420e-01	   3.8253097098377153e-01	   3.5753971483918834e-01	   4.9718732919299341e-01	   4.4976211686856327e-01	   4.2043481809377492e-01	   4.2448786406109151e-01	   3.8936223457569175e-01	   3.2586646346477532e-01	   2.4167088022907074e-01	   1.2817451269249094e-01	   5.6390644221459507e-01	   5.7357421938154773e-01	   3.2758048771608195e-01	   2.6552054707740114e-01	   4.1121906627259863e-01	   3.6537325642380358e-01	   6.4760470838410922e-01	   5.8355485825322295e-01	   4.8150936977649433e-01	   3.2945406326995330e-01	   5.7633655928967398e-01	   3.4555918233711125e-01	   6.0326560932762163e-01	   3.7623896028468201e-01	
   5.4569839153327016e-01	   7.2712202658573521e-01	   4.8975052061778357e-01	   6.5706936387539772e-01	   1.2934161196836411e-01	   3.4419835505037710e-01	   2.1257894882593883e-01	   4.0257407973628156e-01	   2.1939727667708431e-01	   6.1876026687514796e-01	   7.3552061105575262e-01	   0.0000000000000000e+00	   5.1862898204508368e-01	   4.3095314271591223e-01	   4.1813945340754233e-01	   3.8822592085283980e-01	   2.0248590119532112e-01	   3.7170319660008766e-01	   6.0252437266933934e-01	   6.1237256763771575e-01	   1.6053768793257206e-01	   1.4416014288396123e-01	   6.3923666903577525e-01	   6.5859024820842327e-01	   2.0332664571938819e-01	   2.0982895347896019e-01	   4.9386285246425377e-01	   4.7055692617414646e-01	   2.6011698236013070e-01	   2.3955035924912077e-01	   2.4124209617489359e-01	   4.1140849498456344e-01	   2.8019672193137846e-01	   3.4956261345295619e-01	   5.5970281935650124e-01	   4.9217141755352878e-01	   4.2724298859917786e-01	   3.9816627108192526e-01	   3.7169224317197724e-01	   4.6332868571400204e-01	   2.9540299817339921e-01	   3.0155064722907998e-01	  -1.1127573640561204e-01	  -9.2203319021903818e-02	  -6.9703215742740771e-02	   2.4881004668656344e-02	  -1.3750641283159121e-01	  -5.5672273430112745e-02	   5.6980770448544812e-02	   1.3915260225143958e-01	   3.5632036421325008e-01	   2.0829461052800766e-01	   4.8606208449351002e-01	   3.4311416834414182e-01	   2.2460959499359123e-01	   1.2089215340808235e-01	   4.1415156095661243e-01	   2.5532025783009382e-01	   1.5287730896481855e-01	  -4.2431919131267664e-03	   2.7220336107265614e-01	   2.0197095616933908e-01	   3.4437814140027628e-01	   2.0285216585102703e-01	   6.2204844650936020e-01	   5.6908414829562193e-01	   3.0403417622974716e-01	   3.4080075359506601e-01	   3.3065559569222769e-01	   2.7642020986281457e-01	   3.1229639950666344e-01	   3.2465088778088469e-01	   2.2947967419558124e-01	   2.4960025794405549e-01	   2.3830759971340057e-01	   1.1872797228676925e-01	   2.4901290920093824e-01	   2.8751588155504282e-01	   2.1954070542221443e-01	   1.3875536681475498e-01	   3.4938997087797269e-01	   3.1956519115141319e-01	   6.0574358669680339e-01	   6.2066871496357368e-01	   5.6625672373993563e-01	   4.5471791287579238e-01	   5.9073630738774274e-01	   4.7412501960270592e-01	   5.1935450503215830e-01	   3.7235632184185397e-01	
   7.4849554345855318e-01	   6.3241555441783914e-01	   5.8492011709097713e-01	   4.1337180497451875e-01	   2.9803927040188256e-02	   1.8775201177290401e-01	   8.1010144271297235e-01	   8.1569399196262560e-01	   5.5486975807346628e-01	   6.5886367381866162e-01	   7.4724293590707980e-01	   5.1862898204508368e-01	   0.0000000000000000e+00	   8.7476474533040383e-01	   7.3475481112067242e-01	   6.1629134164585242e-01	   4.7716607356019941e-01	   6.6153723615112181e-01	   6.2828978160390792e-01	   5.2352027625657049e-01	   4.1154551998472849e-01	   4.9955706212825829e-01	   4.4326589522855303e-01	   2.9166265531506586e-01	   3.5235373139537157e-01	   4.5652805777102590e-01	   3.8478784733232585e-01	   2.1568458820666483e-01	   5.6507455105070148e-01	   6.0964945579471219e-01	   5.0998042762299944e-01	   6.4970995745586757e-01	   5.4298745750490585e-01	   6.0921258214767016e-01	   5.5325072180202295e-01	   5.7002918098599309e-01	   4.1343750930628165e-01	   2.8126661373218842e-01	   3.7072640539993235e-01	   3.7375503163622203e-01	   3.7331115549227006e-01	   3.3637438832230226e-01	  -1.6109142657261016e-02	  -4.0980505814507698e-02	   1.0048060560210070e-01	   1.0481760041683971e-01	   9.2921405530937320e-02	   5.4436809560980723e-02	   4.4234326585604056e-01	   3.9522416618911616e-01	   6.5637172514864695e-01	   6.0964705080575288e-01	   5.8793542111506403e-01	   4.7719680081242866e-01	   4.1853927772008215e-01	   2.8871221924539625e-01	   4.1428225805792790e-01	   2.2405838843751688e-01	   4.7677420780366442e-01	   2.7194403469792799e-01	   5.6356790057201067e-01	   3.8759709043157220e-01	   4.6107239526852239e-01	   3.6397522108018304e-01	   7.3184049412528329e-01	   6.8260447884546360e-01	   3.4219428663348872e-01	   2.7072954108950575e-01	   2.5316474106287856e-01	   2.5706721573570157e-01	   4.9624263713212091e-01	   5.9925394433666868e-01	   4.2761034137664977e-01	   4.2881393218284058e-01	   3.3462599517363889e-01	   2.8552426904971207e-01	   6.0050378921748682e-01	   5.2946903790255462e-01	   2.7550375570498709e-01	   1.2284570728990099e-01	   3.0858389583348317e-01	   2.8982151338984785e-01	   4.6941622209406475e-01	   3.7919219374465829e-01	   3.0884395018876565e-01	   2.5544265086395757e-01	   3.4687389287358861e-01	   8.1615054019190877e-02	   5.2309258856664753e-01	   3.9068727861624686e-01	
   7.0122523015222615e-01	   6.0090129752211585e-01	   3.5946061436042615e-01	   2.8516590047700041e-01	  -1.7514963317362825e-01	   1.8510772364321276e-02	   7.2234583249412299e-01	   8.1675786302805087e-01	   3.8930210944499011e-01	   6.9921469347606235e-01	   6.8053549535200319e-01	   4.3095314271591223e-01	   8.7476474533040383e-01	   0.0000000000000000e+00	   8.1784747315728601e-01	   8.0238776791270727e-01	   5.0008825883833774e-01	   6.5943714001302767e-01	   5.5585522648513097e-01	   4.5084870885630879e-01	   4.1026774466990173e-01	   5.2042740964572864e-01	   2.5456425897459650e-01	   1.6845060227795941e-01	   1.8520382147465042e-01	   4.2448685078748094e-01	   5.1613568548312505e-01	   1.5725508667489721e-01	   6.1377171680203513e-01	   6.9133519827136747e-01	   5.8665546518582146e-01	   6.6391914812766117e-01	   6.0629019919457949e-01	   6.3044209358097680e-01	   4.6312479571128284e-01	   5.5855639455319606e-01	   3.7598061256279480e-01	   2.2133810550467412e-01	   3.6916974591925122e-01	   4.2843061245039782e-01	   2.5717209803190128e-01	   3.5086545046365220e-01	   4.9197410232922054e-02	   3.4699929383446980e-02	   1.5110468903398655e-01	   1.3128379707383298e-01	   1.3518948452615959e-01	   1.1447504846053272e-01	   4.7206712764420211e-01	   3.7622797240305483e-01	   6.6111956302936503e-01	   6.1929096109506077e-01	   5.1215167641705317e-01	   4.0395687999167657e-01	   5.0869913146664336e-01	   4.1405866838108069e-01	   4.4071178574404779e-01	   2.4744814316310620e-01	   6.4153068224023890e-01	   3.6706721399917874e-01	   6.5873462162975571e-01	   4.6263807076733632e-01	   5.0559666590799812e-01	   3.9849274116141853e-01	   7.4228895393434247e-01	   7.3941025890735312e-01	   3.8667301342855476e-01	   2.7280737493430440e-01	   3.1351502021564803e-01	   2.8541345826307829e-01	   5.5800158526832644e-01	   5.5370860154631762e-01	   4.9690560759359215e-01	   4.5330507893523142e-01	   2.7639186769899149e-01	   3.0832547004377248e-01	   6.0961120020651505e-01	   5.5623712732451680e-01	   2.9815546906222895e-01	   1.6906901245694400e-01	   2.8864878597340815e-01	   2.1157973182832385e-01	   3.7445576950069559e-01	   3.5108342434026307e-01	   1.8335894671725278e-01	   1.1807390181808050e-01	   2.5717811275725122e-01	   4.6535170485895571e-03	   5.7225800846022823e-01	   4.3019787523268560e-01	
   6.2663198789146568e-01	   5.8442058681085518e-01	   3.4456082263017390e-01	   3.0871858148217923e-01	  -2.2332794481088930e-01	   3.0722707141448119e-02	   5.6636392910143607e-01	   6.6189379777382440e-01	   3.6884414169958191e-01	   6.4467373728122035e-01	   6.2117625482015748e-01	   4.1813945340754233e-01	   7.3475481112067242e-01	   8.1784747315728601e-01	   0.0000000000000000e+00	   8.4853153272613357e-01	   3.9803142043806639e-01	   5.8647421786923948e-01	   6.4368111980492515e-01	   5.4569676408031120e-01	   5.0759522979491745e-01	   5.2839809999316689e-01	   3.4012752955599840e-01	   2.4034005684643872e-01	   2.1933935610007044e-01	   4.2073514777085813e-01	   5.2794209741698939e-01	   3.4541050441632942e-01	   6.5402358019134366e-01	   6.0178400664235165e-01	   6.4679442766574224e-01	   7.0621879893060679e-01	   5.9373235657775092e-01	   5.8081394155280730e-01	   5.7181341402741426e-01	   6.3412907456706913e-01	   4.2052003034629803e-01	   4.5855251572046618e-01	   4.4423249659615660e-01	   4.6323630016135164e-01	   3.0505201509418933e-01	   4.0051725971657981e-01	   4.2575611331292271e-02	   3.9604819654637496e-02	   1.5866690402057920e-01	   1.7921835191883509e-01	   9.8872361072532167e-02	   9.7018520780821779e-02	   3.7514074607441561e-01	   2.5424629850324076e-01	   5.7492380957107381e-01	   5.3700186683404050e-01	   4.2953579284565663e-01	   3.7512278521269427e-01	   4.6841922988915741e-01	   4.1818041126796324e-01	   4.4439601054742528e-01	   2.6701378833398359e-01	   5.5996313293968769e-01	   2.9033900841317611e-01	   4.9418804149183321e-01	   2.9109414850382564e-01	   4.2114246774647102e-01	   3.0433019854151816e-01	   7.2869875186046118e-01	   6.6265043971212201e-01	   4.7921531289173031e-01	   3.6516179299751983e-01	   3.9425282362458791e-01	   3.1328472980906791e-01	   7.1625105552421631e-01	   6.7064190856807326e-01	   6.3923705918979368e-01	   5.2913679590002360e-01	   4.3973029919248430e-01	   5.2017010542406128e-01	   6.1162019754887753e-01	   5.9479633496369733e-01	   3.7325368540325299e-01	   1.9182335866991684e-01	   4.3263090414723260e-01	   3.0049430220027029e-01	   4.9565704932355026e-01	   4.4422039720418727e-01	   3.2930993998094915e-01	   2.3188245505490207e-01	   3.5698690707103664e-01	   1.0360753296449023e-01	   5.3217419250706632e-01	   4.1727973615111019e-01	
   5.5012777510535571e-01	   5.6726945650757588e-01	   1.8597654866599042e-01	   2.3928541549775723e-01	  -3.5115810369953715e-01	  -1.3765227521433589e-02	   4.4224370334397789e-01	   5.8638621047459472e-01	   2.4556598356547099e-01	   6.5305315649594819e-01	   6.0842969234562505e-01	   3.8822592085283980e-01	   6.1629134164585242e-01	   8.0238776791270727e-01	   8.4853153272613357e-01	   0.0000000000000000e+00	   4.8517774543768111e-01	   5.5185941126944493e-01	   6.5764824838760039e-01	   5.7145684454446011e-01	   4.4347896553244814e-01	   4.9118951130701832e-01	   2.1935955235161897e-01	   1.9063851057009357e-01	   3.7330237053608051e-02	   2.4122452779210829e-01	   5.3140040882211326e-01	   2.9749962824825571e-01	   5.9140432413526467e-01	   5.7538551783439706e-01	   6.3389012636221476e-01	   6.8521169730647657e-01	   6.4174752970098059e-01	   5.6912782389054051e-01	   5.2043246478860494e-01	   6.6171523758331741e-01	   4.8985447664330456e-01	   4.0646465680302590e-01	   4.4467633006991258e-01	   2.5708138125328706e-01	   2.6340410998210606e-01	   2.2841103552525466e-01	   1.3132710438235922e-02	  -1.8331422071992561e-02	   1.1835431790109527e-01	   9.5079429138471616e-02	   1.8539072666906936e-02	   2.1668646075940944e-02	   3.0539112946980213e-01	   1.5113663460190752e-01	   4.7085518223116163e-01	   3.7998077453735113e-01	   3.4815652629861427e-01	   2.7822623328868584e-01	   3.6279009963663011e-01	   3.2468277906071219e-01	   4.9748126427732386e-01	   3.3384783094139026e-01	   6.5096729843548162e-01	   3.1050374412348219e-01	   5.4887165174780661e-01	   3.3418389534502324e-01	   4.5113126638411888e-01	   3.1620517126618453e-01	   7.5937422066659710e-01	   7.2254247090968438e-01	   4.6917231928159309e-01	   3.3411399618735882e-01	   4.9360932544861003e-01	   4.0484846676940672e-01	   7.2184450909117026e-01	   6.7576785919834026e-01	   6.4945176699966400e-01	   5.2704868715902164e-01	   4.0605018692956607e-01	   4.2769327440413130e-01	   6.3963649135881928e-01	   6.1655330553968168e-01	   3.8080777355442230e-01	   2.7476525105866145e-01	   4.6970762137889233e-01	   3.3469797726842954e-01	   4.9187319934650575e-01	   4.8785660186306257e-01	   2.9985025235726087e-01	   1.9717347993243356e-01	   3.3163385173865501e-01	   1.8584293637175631e-01	   5.9819726036041421e-01	   3.9474013734784918e-01	
   5.0938308652743158e-01	   4.4120987202558276e-01	   3.6438990758708556e-01	   3.7696826824931295e-01	   5.1058915572099281e-02	   2.1052511518015971e-01	   5.6422469373144257e-01	   5.6175193129877765e-01	   1.6998927846078354e-01	   5.2117212381350753e-01	   4.3778966418970694e-01	   2.0248590119532112e-01	   4.7716607356019941e-01	   5.0008825883833774e-01	   3.9803142043806639e-01	   4.8517774543768111e-01	   0.0000000000000000e+00	   6.8650693134449681e-01	   6.2938379634620656e-01	   5.7571806429005512e-01	   3.3892142455931062e-01	   4.6168609765117918e-01	   2.9978531303510902e-01	   2.9857037405544284e-01	   4.2802351924923356e-02	   1.4041525028915774e-01	   2.8998943472828065e-01	   1.6400895162151513e-01	   7.7562432375239609e-01	   7.1712714798413346e-01	   5.4762850549199971e-01	   5.5848337174915952e-01	   6.8848763284081715e-01	   6.4152171314188511e-01	   2.5612177893145255e-01	   4.7223598796403943e-01	   5.7304418710718208e-01	   2.7684380107385897e-01	   2.4743334411183071e-01	   5.1920868176259412e-02	   3.9072542737259769e-01	   1.7235759264309056e-01	  -1.6798451791914699e-02	  -5.3773286567379258e-02	   8.8227111493087804e-02	   6.5651062619713846e-02	   5.5513307305654166e-02	   1.7754003448516072e-02	   3.0147296252179390e-01	   2.4642609799475318e-01	   3.5256143850280874e-01	   3.1152846471717821e-01	   3.5093083931189734e-01	   2.9493481344336336e-01	   3.5559642612210973e-01	   2.3221751090817633e-01	   5.6770107296544370e-01	   4.9755496287036727e-01	   5.4966056816705022e-01	   4.3517495768674597e-01	   5.4428407839497772e-01	   4.7811332999915201e-01	   6.1749612071337090e-01	   4.8515384858060362e-01	   4.7398635817191398e-01	   5.6452424840898985e-01	   4.3736663609185888e-01	   3.8364683466626337e-01	   5.0445285993146771e-01	   5.2300762134896950e-01	   3.5577500520289829e-01	   4.3773827724172126e-01	   4.5653911749234383e-01	   4.2733992602636017e-01	   4.9838980820510415e-01	   3.6636993511230503e-01	   7.3339738645197827e-01	   6.6835451670718871e-01	   6.2861910685612188e-01	   5.9306937398412141e-01	   6.8174326551959064e-01	   6.2642717716442886e-01	   6.2531324337228567e-01	   5.7090638539703242e-01	   3.9984837603205359e-01	   2.7452745990029603e-01	   5.2628357608228049e-01	   4.0929510856087503e-01	   5.6665006912379767e-01	   4.7541633395372085e-01	
