   0.0000000000000000e+00	   2.0426044593136417e-01	   4.3054405554006747e-01	  -6.1953404208589184e-02	  -2.1417008114536698e-01	  -1.9206291519004048e-01	   2.7356201471845099e-01	  -2.1753898461043486e-01	  -1.8641354358836121e-01	  -2.1777460468076806e-01	   3.2914992355288614e-01	   2.8391922915098061e-01	   3.1083199254479343e-01	  -1.1195326235855407e-02	   1.2334264778873856e-01	   2.1892525589200944e-02	   3.3642348642580944e-01	   7.1858769987488358e-02	   6.7250182941524750e-01	   4.6167712580454928e-01	   2.0715748487763161e-01	   3.2295383966040748e-03	   3.4379803317972538e-02	   1.3428601195797245e-02	  -2.4308674084286991e-01	  -2.3677886244717428e-01	  -2.7545619315161429e-01	  -2.5751893888553906e-01	   3.9174080965846747e-01	  -1.0845273048198166e-01	  -9.0646341948826037e-02	  -4.6308837883936735e-02	   3.3545007586388786e-01	   2.0458943800368593e-01	  -7.3799131406047921e-02	   2.4190565213548475e-02	   2.9752738874197349e-01	   1.6917938212350669e-01	  -8.4927949610968556e-02	   1.9636940352578701e-02	   2.7639895027746775e-01	  -7.8834883341715525e-02	   4.3525870372230341e-01	   3.5043515121072433e-01	   4.0088246205348510e-01	   3.3834575791549160e-01	   5.1348157641530612e-01	   4.5602010881645111e-01	   2.3562398698536707e-01	   1.8319793352744651e-01	   6.3049155812206700e-03	   8.4138979835440803e-02	  -1.9432531371103713e-02	   4.0653160053970466e-01	   1.9250082744706645e-01	   3.9798054986985726e-01	   7.6310673573794108e-01	   1.7757894667033475e-01	   3.8613484582605873e-01	  -4.4675814759559326e-02	   2.6483543980686708e-01	   7.8299925472770274e-02	   4.3156029918730959e-01	   2.3495121119279039e-01	   7.0282817773251308e-02	  -2.6894827773692086e-02	   1.1813916520302140e-01	   1.1123208013825191e-01	   2.5556549135234929e-01	   2.5890207924714709e-01	  -5.7698833733594961e-02	   2.5917949216416131e-01	   3.2563702765867725e-01	  -2.0717723204331524e-02	   3.0905740721651115e-01	   4.5272683142461589e-01	   2.5547396656157451e-01	   1.8922493523849993e-01	  -1.1214818267269017e-01	  -5.5139367137774613e-02	   1.1954446581862260e-01	   2.9759580419838583e-01	   3.3378366364870116e-01	   4.3537638216516544e-01	   6.4113505059410339e-02	   4.6202456441881140e-01	   3.6012217489442444e-01	   2.8517422188613761e-01	  -3.0923997862959990e-01	   4.2809723618868811e-01	
   2.0426044593136417e-01	   0.0000000000000000e+00	   3.2333609234521637e-02	   5.5020997153296913e-01	   4.4793902288460818e-01	   4.4981018445679971e-01	  -2.4638529021854638e-01	   5.1128737720963724e-01	   4.4941356740659777e-01	   3.6363890525483478e-01	   2.2659674070679378e-01	   3.1406342188534869e-01	  -1.8276404647892494e-01	   4.9126701729551669e-01	   4.4790752718035953e-01	   3.8177855082651185e-01	   3.8516755153983095e-01	   7.4819142416929962e-01	   3.4540103450297144e-01	   7.0248884480881246e-01	   5.4891937497646703e-01	   5.3291253087558421e-01	  -9.0014865854108547e-02	   5.4576931054290831e-02	   3.5389818750420943e-01	   3.9276884881229901e-01	   4.0109163239060230e-01	   4.1181165941488684e-01	   2.1874132191390713e-02	   5.6865085379637170e-01	   3.7936038705894282e-01	   1.3893544156672410e-01	   5.2567547295957484e-01	   6.5522863018266486e-01	   2.5370129071950664e-01	   6.7248383870508438e-02	   3.5476588639257449e-02	   5.0686219093377904e-01	   2.7273618160147232e-02	   2.5769768661634357e-01	   5.9787182529704268e-02	   4.6116236194304389e-01	   3.0569163820689543e-01	   3.4694898616733127e-01	   2.6710700917971553e-01	   3.2846097093314602e-01	   5.2064850290731179e-01	   4.5695638304528752e-01	   2.6636729012709365e-01	   2.2605650835699595e-01	   2.7391434933669950e-01	   7.5442747485220174e-02	   3.7918397784657615e-01	   1.4022547150685510e-01	   5.0891258569531128e-01	   1.2417623587434527e-02	   4.3112164145193432e-01	   9.1296097691184930e-01	   4.5112082030830780e-01	   6.5148919535720451e-01	   3.7931194698606574e-01	   5.8280840729793792e-01	   4.2909434951407688e-01	   6.2772564257725261e-01	   1.4618642018625688e-01	   2.3093213021275563e-01	   5.7011714177753614e-01	   4.7252005578966239e-01	   3.7308381769324328e-01	   3.6838829740388551e-01	   7.3230973686821976e-01	   1.9070892442492293e-01	   3.9376256922353159e-01	   5.1676550781387331e-01	   5.1361325414915660e-01	   2.7860924783857216e-01	   5.4644569148807831e-01	   4.7532020248237683e-01	   3.7708952796552464e-01	   2.0168225149339436e-01	   6.8181765735529587e-01	   4.8355624321963731e-01	   6.2659357896706647e-01	   1.2459366128894533e-01	   6.2915402739054349e-01	   5.9552179968054503e-03	   5.4389981718918490e-01	  -4.0441766907311505e-01	   4.8875734725642206e-01	  -1.4863035336736122e-01	
   4.3054405554006747e-01	   3.2333609234521637e-02	   0.0000000000000000e+00	   6.1951330091046378e-02	  -3.7151032248449978e-01	  -3.4771053978256977e-01	   7.3373984717868401e-01	  -1.1612958069671879e-01	  -3.7027139738484605e-01	  -4.5345826946851681e-01	   3.4782568655194457e-01	   6.7416462129203825e-02	   5.6935470175743963e-01	  -2.0445812003179364e-01	   1.2096359620823241e-01	  -9.3333733440018232e-02	  -2.5117518233615910e-02	  -1.0678396292810173e-01	   5.9132857482599555e-01	   3.7431920192406559e-01	   2.2339487325810026e-01	   6.7225585618322495e-02	   8.0120140596788136e-01	   5.7018651171017620e-01	  -2.5486895418038735e-01	  -1.7020019335648415e-01	  -1.3895222207284574e-01	  -2.3193436089820768e-01	   2.1106321447987297e-01	  -3.1697698964962601e-01	   2.0282133049355144e-01	   3.4843823807268359e-01	   2.2396589325003111e-01	   7.2347764301740947e-02	   3.2820644463046200e-01	   2.8940344713541510e-01	   4.6834401587201935e-01	   2.1713127322916370e-01	   1.9069071395971740e-01	   7.6150171238317216e-02	   4.0928283988433500e-01	  -6.7847319641237427e-02	   5.7240169079272996e-01	   2.7397311287128751e-01	   3.1788603268905258e-01	   1.3745137899568982e-01	   3.0192179033949451e-01	   3.0268741508385344e-01	   1.4024505976378848e-01	   9.1067386892422664e-02	   1.5616588432186357e-01	   1.2639477061329346e-01	  -4.8874593948243852e-02	   2.0552274454955857e-01	   4.6700191067332884e-02	   2.2677778190838715e-01	   3.8027019735909040e-01	  -6.3075135824304296e-02	   4.2002940217167266e-02	  -5.1806390391847468e-01	   2.0387172941546050e-01	  -2.6877623328988753e-01	   1.4688490135932861e-01	  -6.2383925817090929e-02	   5.4795991478209971e-01	   6.5946960887832570e-02	   5.2507961488608770e-02	  -5.5261758751224056e-02	  -5.5104088930842650e-03	   1.7419540162732922e-01	  -5.1373168838409693e-02	   3.2585846520357953e-01	   3.5627775465729095e-01	   6.1474600085086636e-02	   3.1236051557809213e-01	   4.2858058324895354e-01	   2.6206899217332330e-01	   3.8073445162271230e-01	   9.9908813394013127e-03	  -1.1417925638621541e-01	   2.6636135908465919e-02	   1.7828686394060411e-01	   1.8142730692662634e-01	   2.5836917125649650e-01	   5.0256050912887297e-02	   3.1271067325005891e-01	   4.0454848156154868e-02	   8.2059801241205516e-02	  -9.9242298538529339e-02	   3.9027251013413572e-01	
  -6.1953404208589184e-02	   5.5020997153296913e-01	   6.1951330091046378e-02	   0.0000000000000000e+00	   5.5301584484911759e-01	   6.6679850615874103e-01	  -2.3544243159060788e-01	   7.7551326211925120e-01	   5.7358352218517072e-01	   6.0682180178964829e-01	  -2.4793794446156040e-02	   2.7250648753344320e-01	  -3.2236238827993691e-01	   6.0087857304247572e-01	   4.5102914617646134e-01	   7.5094416856451129e-01	   2.6102615338796670e-01	   5.1253306987783631e-01	   7.1540484662291265e-02	   4.6879710488963222e-01	   1.5103528938002905e-01	   1.9227039430107085e-01	   2.2183676183469500e-01	   5.7464146532671179e-01	   5.6648764805477247e-01	   6.2597702501363450e-01	   6.1563456749019230e-01	   6.1524947441022693e-01	  -1.9217845025867702e-01	   3.8247501751213642e-01	   4.3724130248597803e-01	   2.0215178241550660e-01	   3.5451174755991666e-01	   5.3998771576190152e-01	   1.9020525756170351e-01	   9.8222382063110888e-02	   1.8989101264078420e-02	   2.7882698550924528e-01	   1.0892975057022830e-01	   4.8005158552038740e-01	  -1.1742975111799572e-01	   4.1951616796284863e-01	   1.5045916691175798e-01	   7.7513048092930234e-02	   1.1186563406576805e-01	   2.2077948120882379e-01	   2.9190641371891524e-01	   2.0919422845971805e-01	   1.3217992661545691e-01	   6.8512643085071392e-02	   1.2233678059040035e-01	   1.6916816558703428e-02	   3.0326312842487724e-01	   1.8995764333558061e-03	   3.9542846054639191e-01	  -9.5934600485970994e-02	   9.1279627174070455e-02	   5.3860456781302846e-01	   3.5118635228656510e-03	   4.3518472219756249e-01	   4.1107057242304207e-02	   5.0775579783779923e-01	   2.8406289672542012e-01	   4.0427570332634644e-01	   1.4636908876079677e-01	   3.7950625776605357e-01	   2.2295767186852722e-01	   3.3597422660986420e-01	   1.1764732033844913e-01	   1.1558198272978654e-01	   5.2807960294937595e-01	  -1.1051490439587872e-01	   5.4290138445508881e-02	   3.6452726884655301e-01	   1.7053901276337088e-01	   9.6769540233773738e-02	   3.3491104762599727e-01	   1.8370274484548604e-01	   3.0161275399538023e-01	   7.5904045382900159e-02	   5.6732843278478828e-01	   3.2953226961960563e-01	   5.5700066104791757e-01	   1.3629326074913589e-01	   6.3320051474704053e-01	  -7.9078855857291269e-02	   2.2196603502572676e-01	  -5.3919773417348882e-01	   6.0103545270127623e-01	  -6.4789496665882407e-02	
  -2.1417008114536698e-01	   4.4793902288460818e-01	  -3.7151032248449978e-01	   5.5301584484911759e-01	   0.0000000000000000e+00	   9.0681804280474188e-01	  -7.8503924749050202e-01	   5.8889558963367683e-01	   9.6676574262238457e-01	   8.9635020856027658e-01	  -9.4684851209527424e-02	  -4.9242756928710676e-02	  -5.7540707077000197e-01	   6.7070279438966884e-01	   6.9370488492911264e-01	   7.0229234983273736e-01	   2.3339349335711285e-01	   5.2442603907792329e-01	  -1.8888235730566921e-01	   1.2416830846959442e-01	   1.6099069490980464e-01	   4.7843367837388073e-01	  -1.8844686174549821e-01	   1.4575236854928587e-03	   7.5612006118336328e-01	   7.3824961129544353e-01	   7.4910090678454200e-01	   7.9237164046772357e-01	  -3.6046630199660978e-01	   5.1529589547106980e-01	   2.8765865941627783e-01	   6.2757254875225349e-02	   7.6508650497336766e-02	   2.0102320103626375e-01	   8.6796319655944171e-02	  -2.0456679475448428e-01	  -8.8483538794218081e-02	   1.3615112707202381e-01	   2.8602536206033521e-02	   1.6416059723152260e-01	  -3.7779988625547140e-01	   2.8665168015425863e-01	  -2.4359208010774161e-01	   1.1311255223165014e-04	  -1.2994361825186490e-01	  -2.1291410548740002e-02	   1.5646579955225659e-01	   2.2912933153077630e-02	   2.0386623334583270e-03	   6.6269047969029798e-02	   8.7215531281447073e-02	  -1.8553763898836087e-01	   3.5336331008861815e-01	  -2.9948494211175281e-01	   3.7724013949078589e-01	  -1.9535576506431429e-01	  -1.1521072789368847e-03	   5.3562158173740104e-01	  -1.1627974494271697e-02	   6.0877896892910588e-01	  -1.3874898623251714e-02	   3.6510611274110794e-01	   8.2404391270749250e-02	   1.5906903409995185e-01	  -4.6136551368307438e-02	   4.3622421921898032e-02	   1.6335112671165353e-01	   1.0562059376227120e-01	   2.5087474396989184e-01	   9.7328695330586662e-02	   5.5296639682971438e-01	  -4.3999143670173629e-02	  -8.5716888011429140e-02	   1.6157368615675433e-01	   2.1277823902504961e-01	  -3.0345625259807008e-01	   2.2570147426855189e-01	  -6.8783952001562537e-02	   2.8998068774413976e-01	   2.8479338779132851e-01	   5.9941560163593177e-01	   1.0730220404598700e-01	   4.4806280278559130e-01	  -1.9329896795956208e-01	   5.6166733558962545e-01	  -3.5776573960698993e-01	   2.3707474703632420e-01	  -5.9869997884023796e-01	   7.0709126671988320e-01	  -5.1156911172437991e-01	
  -1.9206291519004048e-01	   4.4981018445679971e-01	  -3.4771053978256977e-01	   6.6679850615874103e-01	   9.0681804280474188e-01	   0.0000000000000000e+00	  -7.1061269705745567e-01	   6.3083533866107411e-01	   8.9404814221558004e-01	   9.5821734402720737e-01	  -1.1994380468830632e-01	  -1.2852040034053944e-02	  -5.0980873353419565e-01	   7.1765739350363356e-01	   6.3966317405453677e-01	   7.5933309584406361e-01	   2.8640889180320800e-01	   5.0989989582643447e-01	  -1.4105638986844643e-01	   1.6094029414430408e-01	   7.9098005138639363e-02	   3.9715649382419682e-01	  -1.7591130190660692e-01	   8.5816492357948554e-02	   7.9257771267438670e-01	   8.2073614127822436e-01	   7.6201034942603085e-01	   7.9296976803804808e-01	  -3.0782806827156239e-01	   4.6889628315574750e-01	   2.7093771182038334e-01	  -2.4151597333918928e-03	   1.0220469916465744e-01	   2.4528312272998468e-01	   3.0717094016970602e-02	  -2.1939488768960094e-01	  -6.1127305855147578e-02	   8.8617906636973165e-02	   9.6696866263002140e-02	   2.7493042168308557e-01	  -3.5053223533102029e-01	   2.8024435498593725e-01	  -2.1802410666102184e-01	   4.5613118307651938e-03	  -1.7484127747439496e-01	  -4.7933447844575885e-02	   2.0240786167049529e-01	   7.0592376118920289e-02	  -4.4639692519425289e-02	  -3.7319583472066944e-03	   6.5488333200862364e-02	  -1.7020688441651852e-01	   3.4897159430967789e-01	  -2.2960812261084476e-01	   4.0189279810562611e-01	  -1.8141450012381891e-01	  -7.1778737913513798e-03	   5.4531144417092836e-01	  -4.8348143562888676e-02	   5.7645741514630189e-01	  -3.5410790115550650e-02	   3.7685979703326056e-01	   1.0683577230148461e-01	   1.8689093302472848e-01	  -8.3118430104801716e-02	   7.5248176585796911e-02	   1.2671366925775518e-01	   1.3928398121566871e-01	   3.0277422782018526e-01	   1.2183942726733316e-01	   4.9349140524603807e-01	  -1.7440117214530879e-01	  -8.2985121631146824e-02	   9.0692089788276281e-02	   1.3975491251455913e-01	  -3.1513355794512748e-01	   1.2205749286496041e-01	  -1.2496961504302426e-01	   3.0807008760064319e-01	   2.8776977506488122e-01	   5.6264316984816254e-01	   1.0383501673059913e-01	   5.2437225379276275e-01	  -6.7721622619579508e-02	   5.5673892139957204e-01	  -3.4829647049098872e-01	   2.5665609639004761e-01	  -5.7249307396946014e-01	   6.8908840014470929e-01	  -4.2723863697709896e-01	
   2.7356201471845099e-01	  -2.4638529021854638e-01	   7.3373984717868401e-01	  -2.3544243159060788e-01	  -7.8503924749050202e-01	  -7.1061269705745567e-01	   0.0000000000000000e+00	  -2.7811705695462746e-01	  -7.7685425615236603e-01	  -7.9228984876187047e-01	   3.1915814307672097e-01	   1.5758533108768907e-01	   6.5338882193478209e-01	  -4.5422891682767780e-01	  -3.6201654732623656e-01	  -4.7904863018151356e-01	  -1.5027860044663910e-01	  -3.9875634662182480e-01	   3.6903457054824085e-01	   1.5174510258192864e-01	  -6.0136445752389970e-05	  -2.0979513357540508e-01	   5.2405922511525460e-01	   3.4518902357424208e-01	  -6.9381169836439227e-01	  -5.5106037508173389e-01	  -5.6233526532901146e-01	  -6.0837779768685418e-01	   3.4244244657968759e-01	  -5.0201747756221526e-01	  -1.1585136776051633e-01	   1.2337897822449848e-01	   1.6089198446854305e-01	  -1.6472760803813741e-02	   3.2246515377486899e-02	   2.4896808381513663e-01	   1.9530097285595566e-01	   1.6948080334715347e-02	  -5.0873540909330196e-02	  -1.7759852874910081e-01	   4.1691865148162510e-01	  -1.9144676565744334e-01	   4.4347216052170457e-01	   1.5192705924331468e-01	   2.9553659531594373e-01	   1.4645297590191161e-01	   5.0965090219841788e-02	   1.7510708459770852e-01	   1.1180121478220315e-01	   3.9491617638043534e-02	   3.1246279842225444e-02	   2.3994888578608095e-01	  -2.0058245045566345e-01	   3.1864716953219308e-01	  -1.7523850878086808e-01	   2.9825450348743776e-01	   1.5120242894294555e-01	  -3.8503624656045499e-01	   9.2286816916878303e-02	  -6.0868402615264872e-01	   2.5401955660154574e-01	  -2.3265153168588770e-01	   8.7964098271100535e-02	  -3.7612551917733508e-02	   3.5050953505571414e-01	   1.1664629551413738e-01	  -5.5964563253528575e-02	  -4.2836312149653437e-02	  -1.8264403686661135e-01	   1.1302338230663900e-01	  -3.1835778489613947e-01	   1.5367632848417317e-01	   2.8758953600398196e-01	   2.0309479637412500e-03	   1.0384898107421439e-01	   3.9084323155055506e-01	   1.7945226271981470e-02	   3.4959547222849607e-01	  -1.7639187296093958e-01	  -3.3397242431933877e-01	  -3.4642549563929370e-01	   3.9096784955330290e-02	  -1.5646858531873883e-01	   2.0116401790834840e-01	  -3.2171576419482417e-01	   3.8350114214957021e-01	  -7.0703870985378336e-02	   3.6232369812820658e-01	  -4.7205298969740944e-01	   5.5874068798096910e-01	
  -2.1753898461043486e-01	   5.1128737720963724e-01	  -1.1612958069671879e-01	   7.7551326211925120e-01	   5.8889558963367683e-01	   6.3083533866107411e-01	  -2.7811705695462746e-01	   0.0000000000000000e+00	   5.8135097430378946e-01	   5.1961325760733001e-01	   2.3825463242445682e-01	   4.4444210242341320e-01	  -3.5912433817571909e-01	   7.9998392499439430e-01	   4.3159993039513828e-01	   6.3150151363039242e-01	   3.3593779857005829e-01	   5.6974768270641740e-01	  -5.5181662249525948e-02	   2.9557614173768176e-01	   1.0975287817224268e-03	   3.4475927636394621e-01	   5.8486918385970213e-02	   4.0808881482557313e-01	   3.8648005990446682e-01	   5.2677993366800246e-01	   4.1643182525306294e-01	   4.3836511954062568e-01	  -1.7748675678342596e-01	   5.2243859870100295e-01	   2.8652744137960134e-01	   1.2317181818103404e-01	   2.9918965220931532e-01	   4.2473562511546914e-01	   5.0813541546072018e-03	  -1.0188910231176171e-02	  -2.3521744334183642e-01	   1.7880745317713215e-01	  -1.1316057760869114e-01	   1.4400512633689286e-01	  -2.8802941923018655e-01	   3.7043369576329266e-01	   4.9913819111180785e-02	   1.8463740926971606e-01	   1.9121034456885519e-01	   3.0702086618520208e-01	   2.6167546212338688e-01	   2.5558578735394644e-01	   2.7179645499144889e-01	   2.5635109134000317e-01	   2.3861914077621021e-01	   1.8703542263034162e-01	   4.8046024841856516e-01	  -1.9993660018831835e-02	   4.0978839805329104e-01	  -2.0130689595442185e-02	  -3.8006695293501397e-02	   4.9688295510260139e-01	   3.1823073698174123e-02	   5.1811193350981943e-01	   1.9349205411498455e-01	   6.9072209325266509e-01	   2.4949821122104043e-01	   4.0880306094684299e-01	   1.2399337700215950e-01	   5.0497026585031690e-01	   1.4858036773693573e-01	   2.5743861709258270e-01	   6.7716586508733290e-03	   1.2495616993520656e-02	   6.4535355271667738e-01	  -1.6229333839010113e-01	   4.2563589662835653e-02	   3.6191631781853417e-01	   2.8670054596524153e-01	  -8.7052535208069992e-02	   3.0790598031529720e-01	   1.8507362979450714e-01	   3.6277147706327245e-01	   1.6157084240852393e-01	   6.0888079458536326e-01	   2.0602489016618458e-01	   5.2364215568142825e-01	  -1.3482310691163801e-01	   5.9075113449648231e-01	  -2.2542125130656590e-01	   2.5612694493829163e-01	  -6.6036833284639285e-01	   6.5928410476870947e-01	  -2.5346197239074397e-01	
  -1.8641354358836121e-01	   4.4941356740659777e-01	  -3.7027139738484605e-01	   5.7358352218517072e-01	   9.6676574262238457e-01	   8.9404814221558004e-01	  -7.7685425615236603e-01	   5.8135097430378946e-01	   0.0000000000000000e+00	   9.0446155010759821e-01	  -1.3124453231649946e-01	  -8.0805490116688264e-02	  -5.8224692276009815e-01	   6.1333755012385460e-01	   6.8793673069135364e-01	   7.0441390333833387e-01	   2.1785221729790366e-01	   4.9352766757886402e-01	  -2.3896945770444583e-01	   8.9410118291981644e-02	   1.6534545048758781e-01	   4.2803623491399229e-01	  -1.8862513371904677e-01	  -1.6528368408309916e-03	   7.7074648312955119e-01	   7.4338181300749184e-01	   7.2420606433777079e-01	   7.5463238794977605e-01	  -3.8849189328571787e-01	   4.4290755537402154e-01	   2.4707937711246122e-01	   4.9552759349496746e-02	   7.3970436127453951e-02	   2.2381571438560111e-01	   8.7967863227767756e-02	  -2.0823109623830546e-01	  -3.1704892805904487e-02	   9.6117636442627025e-02	   8.7073599394803261e-02	   1.8814587410549591e-01	  -3.9798275373651637e-01	   3.0717950152603812e-01	  -2.6186938550855499e-01	  -3.1686181895573748e-02	  -1.5118457505876881e-01	  -2.3096659141619454e-02	   1.3524077454088931e-01	  -4.5332188101990297e-03	  -3.5262560554817392e-02	   1.9745183953812293e-02	   3.6533450349052844e-02	  -2.2961524012898862e-01	   2.6909512334383279e-01	  -3.3399755406264447e-01	   3.1591722908959419e-01	  -2.0023927033600247e-01	   2.1717609349034703e-02	   5.2142582747053434e-01	  -4.8427914375599485e-02	   5.7244874013420399e-01	  -5.9789831908224761e-02	   3.7813718952681796e-01	   7.7151250863735116e-02	   1.3547778347123762e-01	  -4.8807585363570105e-02	   7.9652674955112163e-02	   1.4074425296147541e-01	   1.1312075472082017e-01	   2.1554325170990057e-01	   4.9015244320240625e-02	   5.0926008715089410e-01	  -5.0144956632956428e-02	  -1.1463924344151652e-01	   1.3720096548697525e-01	   1.5986747382306821e-01	  -3.0454689985209671e-01	   1.9520181303919337e-01	  -1.1619800044529321e-01	   2.3907437039539317e-01	   2.5974713382501891e-01	   5.7335045244551830e-01	   9.9821570620488534e-02	   3.8643204389726077e-01	  -1.5875916053082204e-01	   5.2658754651221495e-01	  -3.4159601294347763e-01	   1.6608788661285370e-01	  -5.8305254150689134e-01	   6.6111153665279820e-01	  -4.9787657237057581e-01	
  -2.1777460468076806e-01	   3.6363890525483478e-01	  -4.5345826946851681e-01	   6.0682180178964829e-01	   8.9635020856027658e-01	   9.5821734402720737e-01	  -7.9228984876187047e-01	   5.1961325760733001e-01	   9.0446155010759821e-01	   0.0000000000000000e+00	  -2.3698805121408353e-01	  -1.4427503971739980e-01	  -5.4808573084707279e-01	   6.1153696332337848e-01	   6.1148244870879909e-01	   7.4508967732001175e-01	   2.3800618767301718e-01	   4.3876899374512035e-01	  -2.5091257536817546e-01	   2.0797139313241834e-02	   6.2922237109641246e-02	   2.6837907554630774e-01	  -2.5162929458276395e-01	  -1.8363003964169511e-02	   8.2393330246671070e-01	   7.7850032888366316e-01	   7.6291445426897386e-01	   8.0108243928078171e-01	  -3.2991692612281076e-01	   4.2580153831052769e-01	   2.4953467529429788e-01	  -3.7679023947179979e-02	   2.8097576483708173e-02	   2.1125863252036792e-01	   1.1428032120474831e-02	  -2.3600797919138622e-01	  -4.8921320689264025e-02	   4.2751743955596375e-02	   1.4340604888581795e-01	   3.2506859989943093e-01	  -3.3730752097358990e-01	   3.2403090241404758e-01	  -3.2373518023534703e-01	  -1.1724087862240501e-01	  -2.6620182542797810e-01	  -1.3697485801430392e-01	   9.2012307774045732e-02	  -6.5158479486084997e-02	  -1.3525287999510854e-01	  -9.4077064316130998e-02	  -2.3149719385131686e-02	  -2.6743110685642074e-01	   2.3433138883104968e-01	  -3.1587988256037125e-01	   3.2865016652973633e-01	  -2.6330054155892013e-01	  -6.9104803859412811e-02	   4.5918040455976017e-01	  -9.7500616694904910e-02	   5.6046795389832726e-01	  -1.0184091169144134e-01	   3.2554912820228893e-01	   6.5475763601008929e-02	   1.3747064935476622e-01	  -1.5004865259916483e-01	   1.0941126863600315e-02	   6.7507334179370104e-02	   7.4589917255294430e-02	   2.1276204984540703e-01	   1.3890408885149908e-02	   4.0474683266022660e-01	  -1.9365677904501916e-01	  -1.4306248568567551e-01	   7.0168828085252308e-02	   2.7004618316506329e-02	  -3.1539940854406551e-01	   8.9247687751060539e-02	  -2.3857655595166455e-01	   2.7339563837311887e-01	   2.7370569410485024e-01	   4.8319541520974590e-01	   5.9534246814817532e-02	   4.0856014081681857e-01	  -7.2463828070275460e-02	   4.8974312337630804e-01	  -3.7492805419044695e-01	   1.3054206145418340e-01	  -5.2665391909064252e-01	   6.2490580370191917e-01	  -4.6030724108852666e-01	
   3.2914992355288614e-01	   2.2659674070679378e-01	   3.4782568655194457e-01	  -2.4793794446156040e-02	  -9.4684851209527424e-02	  -1.1994380468830632e-01	   3.1915814307672097e-01	   2.3825463242445682e-01	  -1.3124453231649946e-01	  -2.3698805121408353e-01	   0.0000000000000000e+00	   3.9247488791639246e-01	   3.4025717962341540e-01	   1.5566080015453976e-01	   2.1670821450653821e-01	  -4.0306046855788487e-02	   3.2153904574137027e-01	   1.6947003134499206e-01	   5.6833419339995750e-01	   3.6227684817526362e-01	   9.4257391773511251e-02	   2.6109418722321887e-01	   1.2692181777492695e-01	   9.8125475164331386e-02	  -3.5468018305015270e-01	  -2.2591591806568229e-01	  -3.3421493871601887e-01	  -2.7298424942875599e-01	   3.2036528149160676e-01	   4.7250034487806188e-02	  -1.2900992995678190e-01	  -1.2209490406165721e-01	   2.2432126325872487e-01	   6.6581665431459908e-02	  -1.9690386085842451e-01	  -8.7399198212307877e-02	   2.0036853623915756e-02	   4.8656408253896041e-02	  -1.1932841429649030e-01	  -2.9908795342782990e-01	   3.3890304132218024e-02	   1.7644070596539243e-02	   2.2495460834011488e-01	   3.0257774140538629e-01	   3.4026813628245667e-01	   1.7299370725718616e-01	   3.0003468207525297e-01	   2.9906103456301147e-01	   2.9900967023800834e-01	   2.1638491981461694e-01	   1.1389556100620971e-01	   1.0842610712824965e-01	   1.8852177160470790e-01	   1.9921329555259279e-01	   1.9345575176087837e-01	   2.2885530983711277e-01	   2.8283467080633418e-01	   1.5873618711004189e-01	   2.0579175096980748e-01	  -4.8585587446083852e-03	   3.9654874840418908e-01	   1.8741207138211058e-01	   4.9760410975917924e-01	   2.0018790854741519e-01	   3.0669258280959627e-01	   7.9555268518498090e-02	  -3.2363338483499836e-02	  -7.4902525767597247e-02	   2.1584505773254440e-02	   1.7272564352202874e-01	   2.0850958917915510e-01	   1.6925712552558561e-01	   4.4336643017157940e-01	   2.4673472755406267e-01	   5.4221636699292519e-01	   2.8964739269658990e-01	   2.4917471996679030e-01	   3.4704942562629476e-01	   1.8575248916819925e-01	   5.7365705890630281e-02	   2.4026705227434214e-01	   9.9150854628321239e-02	   3.4444076596816076e-01	  -4.0195156070702800e-02	   3.1399084360043655e-01	   1.0745506210945338e-01	   2.7771285997192541e-01	  -1.5361606894809460e-01	   4.3064307627133036e-02	   6.0953465486016177e-02	
   2.8391922915098061e-01	   3.1406342188534869e-01	   6.7416462129203825e-02	   2.7250648753344320e-01	  -4.9242756928710676e-02	  -1.2852040034053944e-02	   1.5758533108768907e-01	   4.4444210242341320e-01	  -8.0805490116688264e-02	  -1.4427503971739980e-01	   3.9247488791639246e-01	   0.0000000000000000e+00	  -9.4740446602395792e-02	   5.0252789014861676e-01	  -1.6421469512428420e-02	   2.8009981026668385e-01	   3.1659874125418574e-01	   3.6122704322086074e-01	   4.0253570175415171e-01	   5.2050451588997115e-01	   4.1681109568512918e-03	   1.2783580635315567e-01	  -1.0519482852058432e-01	   2.4050406279456929e-01	  -2.8854659127866011e-01	  -1.3464980766037546e-01	  -2.4556044418351783e-01	  -1.6997003658630572e-01	   3.1795979776818883e-01	   3.6565355298554031e-01	  -6.1628853507299970e-02	  -5.9710151848398826e-02	   4.9472054090971129e-01	   3.7792237257919964e-01	  -2.8993326678768278e-01	   8.7310650823003516e-02	  -2.5368163045377107e-01	   8.1469527577719886e-02	  -4.7691736855815942e-01	  -7.8443996584958972e-02	  -7.3573074083902928e-02	  -1.7067308879163696e-02	   3.2949458002553056e-01	   4.4728338509842774e-01	   6.1913411151537590e-01	   7.0279308438695143e-01	   3.6985416401872018e-01	   5.1254816709489093e-01	   5.4823428406362373e-01	   5.0164574851463595e-01	   1.8573230529151985e-01	   4.8915460410996225e-01	   2.5449900765893885e-01	   5.0828306258287737e-01	   2.7427906988582545e-01	   4.0261926821482463e-01	   2.9060132588353066e-01	   2.5862244285464631e-01	   4.4485327498629612e-01	   3.1162335163797317e-01	   2.5878579322888767e-01	   5.8550515637934408e-01	   4.6043199987236644e-01	   5.8741705536769917e-01	   1.8204386393636217e-02	   4.2446005031715944e-01	   2.1905535929904255e-01	   3.9969427449246425e-01	   2.1337429641811300e-02	   1.4260704569080604e-01	   2.5268027573390850e-01	  -1.0888844930938554e-01	   1.1212139291287558e-01	   2.5568026121706044e-01	   9.7167189106490623e-02	   1.6061235342462446e-01	   9.1745093448121512e-02	   2.5607546398733211e-01	   1.0695596059408846e-01	  -4.9893214909237496e-02	   2.4717685451339871e-01	   3.6863531736725375e-01	   4.1792159559355546e-01	   2.8329864750400752e-01	   2.8207304811291545e-01	   4.0287915772779315e-01	   4.1683872979281034e-01	   3.6443039934005494e-02	  -8.8889229184456103e-02	   3.3472877450222976e-01	
   3.1083199254479343e-01	  -1.8276404647892494e-01	   5.6935470175743963e-01	  -3.2236238827993691e-01	  -5.7540707077000197e-01	  -5.0980873353419565e-01	   6.5338882193478209e-01	  -3.5912433817571909e-01	  -5.8224692276009815e-01	  -5.4808573084707279e-01	   3.4025717962341540e-01	  -9.4740446602395792e-02	   0.0000000000000000e+00	  -3.2531356090432012e-01	   3.8604004098726788e-02	  -3.4059346920386524e-01	  -1.0760142854040926e-01	  -2.2466277768283999e-01	   3.9250573400719208e-01	   8.4603125109376842e-02	   3.1845426607516790e-02	  -2.5522006805862951e-01	   5.1070987368609833e-01	   1.9269740903925894e-01	  -3.9015453425424962e-01	  -4.3553934203177297e-01	  -2.9849381345021414e-01	  -4.0142055487961636e-01	   3.2246033725298262e-01	  -3.3183313854865415e-01	   5.1421116409488779e-02	   1.1209999190952474e-01	  -4.9318735538102284e-03	  -4.0770440251119117e-02	   1.5130793226043646e-01	   1.7876821804887136e-01	   3.2379228040767594e-01	   1.5555341737953096e-01	   1.5558755435193600e-01	   1.0596725669535141e-01	   5.4084780600942550e-01	  -1.8879294295931295e-02	   3.7006554467568842e-01	   8.4902758215293972e-02	   3.8732495347149974e-02	  -1.5048444492890106e-01	   1.4297313734771031e-01	   1.0078550505422881e-01	  -4.4457779192636854e-02	  -1.0585192586945277e-01	   8.7482569279178274e-02	  -1.9444247675802738e-02	  -7.8923520661180704e-02	   1.3417735226379127e-01	  -3.7107618341099907e-02	   4.5717143380605597e-02	   1.0346256083591951e-02	  -2.5956510932435101e-01	  -8.1491806590102231e-02	  -4.8440910076803795e-01	   2.8185642425283131e-01	  -2.9504956252888132e-01	  -1.9694110894989614e-02	  -1.1647857209826037e-01	   3.7737192953897691e-01	  -1.7018913609608879e-01	  -1.1955639660781547e-01	  -2.6945900084414098e-01	  -1.4520725940469958e-01	   3.3309390532038546e-02	  -2.5134933989308084e-01	   3.2675949797535259e-01	   3.8476415714962442e-01	   1.7442487807101555e-02	   2.7432747173733579e-01	   5.7683397493506938e-01	   1.8851413921739324e-01	   2.6612670780545600e-01	  -1.3347593451478951e-01	  -9.5442766368073931e-02	  -2.5335632644417938e-01	   8.0522368294868502e-02	   6.8604751535281880e-02	   2.8104121268964066e-01	  -2.1844189490479918e-01	   1.7835771763394870e-01	  -6.5102152537338712e-02	   2.8959556044676771e-01	  -2.3146643385772708e-01	   2.8480757596218920e-01	
  -1.1195326235855407e-02	   4.9126701729551669e-01	  -2.0445812003179364e-01	   6.0087857304247572e-01	   6.7070279438966884e-01	   7.1765739350363356e-01	  -4.5422891682767780e-01	   7.9998392499439430e-01	   6.1333755012385460e-01	   6.1153696332337848e-01	   1.5566080015453976e-01	   5.0252789014861676e-01	  -3.2531356090432012e-01	   0.0000000000000000e+00	   5.3376088005303934e-01	   7.1252468752536502e-01	   3.7394695870015765e-01	   5.8147015413489211e-01	   6.1925736550627664e-02	   2.8961112159126390e-01	   1.8098892305177972e-02	   3.6486147935382535e-01	  -1.3009776822942234e-01	   2.0795237572583658e-01	   4.7220337389693717e-01	   5.2456808018414358e-01	   4.6505357213245313e-01	   4.7764349519394611e-01	  -1.0389446800336957e-01	   5.8419057590863110e-01	   2.3706966442681632e-01	   6.8246249532561473e-03	   3.0999350560715089e-01	   3.3939737622201821e-01	  -1.1010709869881170e-01	  -1.1356177208424782e-01	  -1.7808617005242361e-01	   1.8776802532454068e-01	  -2.3991057831926854e-01	   1.8232131222334624e-01	  -2.4314564053570203e-01	   2.8755265934496710e-01	   6.4969275025158313e-02	   3.2436945880345514e-01	   2.4484957525829251e-01	   3.6654639983116322e-01	   4.2133856200912811e-01	   3.7921090108538380e-01	   3.7654924556151359e-01	   3.9542037716458195e-01	   3.2242200035886376e-01	   2.7002669496678128e-01	   5.7997842143734446e-01	   1.3150084045224597e-01	   5.3981350995153365e-01	   4.0503494520722542e-02	   7.1596511714692279e-02	   5.1045088779469350e-01	   1.9941010497677403e-01	   6.1555324116354282e-01	   2.2723107390237857e-01	   6.3669036140725754e-01	   2.1485029146965079e-01	   4.0315017639018835e-01	  -6.9324231118039863e-03	   3.3430622834950385e-01	   2.2558954438879980e-01	   2.6208766898274777e-01	   9.0553978457932685e-02	   3.6705256265418831e-02	   5.7762666611051439e-01	  -1.5704540502944003e-01	   3.9439366262161631e-04	   1.9085184803379190e-01	   2.2877355188510473e-01	  -1.1428059313158782e-01	   3.2693804131890641e-01	   1.3199085024324117e-01	   3.4927421451986618e-01	   1.9936500143627228e-01	   5.6826562742319786e-01	   2.0867926911364998e-01	   6.7743218565843444e-01	   5.6956829754634258e-03	   5.7146789291947309e-01	  -1.5364316231426528e-01	   4.3918507103404286e-01	  -4.7716000406923492e-01	   5.9082017799121178e-01	  -2.4603305145866536e-01	
   1.2334264778873856e-01	   4.4790752718035953e-01	   1.2096359620823241e-01	   4.5102914617646134e-01	   6.9370488492911264e-01	   6.3966317405453677e-01	  -3.6201654732623656e-01	   4.3159993039513828e-01	   6.8793673069135364e-01	   6.1148244870879909e-01	   2.1670821450653821e-01	  -1.6421469512428420e-02	   3.8604004098726788e-02	   5.3376088005303934e-01	   0.0000000000000000e+00	   6.8362625746365935e-01	   2.0844884837929006e-01	   4.1870690412711553e-01	   1.5353371801613264e-01	   2.9302416315881169e-01	   2.5784186113847901e-01	   3.7339114894587017e-01	   1.7730959224890436e-01	   1.7823966224582219e-01	   5.3974213584550579e-01	   5.2166220448838052e-01	   5.9634276919418983e-01	   5.8027441895276777e-01	  -1.1157108508002868e-01	   3.4479784940336877e-01	   3.5360609303138230e-01	   1.7248665183367370e-01	   1.8750045911282739e-01	   2.3357574664713887e-01	   2.1857178521628184e-01	  -7.1472712552889714e-02	   2.2915579520469909e-01	   2.8839317728279162e-01	   1.4097833900474060e-01	   2.7708539064528470e-01	  -4.3348419423723070e-02	   2.7409529455720005e-01	   9.7021141984475770e-02	   1.8271663568841900e-01	   2.5007136553196418e-02	   1.0223373490072034e-02	   3.7335216463828197e-01	   1.8967686072591455e-01	   2.6433446955002049e-02	   6.5222032031382007e-02	   1.7632939703087167e-01	  -1.7262040501344486e-01	   3.0382423666540809e-01	  -1.5204084535385023e-01	   4.5239486646460392e-01	  -9.4248109229462806e-02	   1.8840183755905543e-01	   4.5366736563147142e-01	   9.0130138640475602e-02	   3.6909967628732016e-01	   2.8632247750523548e-01	   2.7461285139820030e-01	   1.9293538007592395e-01	   1.2892116827055758e-01	   3.8820852239371784e-01	   5.1633493729867655e-02	   1.9343157398228739e-01	   1.5709814835467083e-02	   1.7319000686743566e-01	   1.7835885292575965e-01	   4.5770906313931031e-01	   2.2147836393302703e-01	   1.5143335102319636e-01	   1.8494474121568183e-01	   4.6198815258309273e-01	   7.0199186331335053e-02	   3.3715010126929651e-01	   3.6921969788292174e-02	   2.2772415359835774e-01	   2.1886585390400770e-01	   5.3429109092587157e-01	   2.4016453339386212e-01	   6.6364663946941116e-01	   1.7072399663859350e-01	   5.7249831486831582e-01	  -1.1025454516516466e-01	   3.2514320687971876e-01	  -3.6236718060593981e-01	   6.0013722055583907e-01	  -2.1484723034726311e-01	
   2.1892525589200944e-02	   3.8177855082651185e-01	  -9.3333733440018232e-02	   7.5094416856451129e-01	   7.0229234983273736e-01	   7.5933309584406361e-01	  -4.7904863018151356e-01	   6.3150151363039242e-01	   7.0441390333833387e-01	   7.4508967732001175e-01	  -4.0306046855788487e-02	   2.8009981026668385e-01	  -3.4059346920386524e-01	   7.1252468752536502e-01	   6.8362625746365935e-01	   0.0000000000000000e+00	   2.9552670648100765e-01	   4.5273554660321069e-01	   4.6779202135539245e-02	   2.8644976915750853e-01	   4.8203521930711271e-02	   2.0183441594598542e-01	   7.0606605419742008e-02	   3.9123442206923542e-01	   6.0999669953734048e-01	   6.5718340585737289e-01	   6.0898778629311923e-01	   6.2569324258565329e-01	  -1.1775316823697513e-01	   4.3926102715886350e-01	   3.4884029990701360e-01	   1.2535597895956757e-01	   2.2156526740005072e-01	   3.2918317508612871e-01	   8.0867412960382162e-02	  -1.2702580796783191e-02	   7.7673286091897442e-03	   1.8981652091443943e-01	   5.3909345849947873e-02	   4.3587478726162565e-01	  -1.2996219925096078e-01	   2.9710578224769191e-01	   8.4858390526265259e-02	   2.0285559566611222e-01	   1.4807885796170606e-01	   2.2890375246392142e-01	   3.3674868109128731e-01	   2.1820700703434448e-01	   1.8532958316484494e-01	   1.5156004582173099e-01	   1.2298221818000013e-01	   2.6994222832437659e-02	   2.9183813021383781e-01	  -1.0969343319649768e-02	   4.2843161764361692e-01	  -9.1309052435137178e-03	   7.7909351306241742e-02	   4.1365947755729671e-01	   3.6963695993470540e-02	   4.7133948531565062e-01	  -4.0777193173041376e-02	   4.5414073981617131e-01	   1.7854745649921250e-01	   2.3859848818246820e-01	   1.0861152376494516e-01	   2.6827698891280982e-01	   1.1340458559645358e-01	   1.9576863645730774e-01	   6.7143797345106421e-02	   9.6662333863893647e-03	   3.9711877645576410e-01	  -1.6299751686225947e-01	  -1.2415054820010018e-02	   1.9216669516751872e-01	   1.4340366942946403e-01	  -9.9303290271593597e-02	   1.4372265966945313e-01	  -9.8346263533002548e-02	   2.6254264618972534e-01	   2.0340003362357420e-01	   4.9019918185650024e-01	   2.8517895768914731e-01	   5.9570567056147561e-01	   2.1571162364000307e-01	   6.3200999000781743e-01	  -5.6068233393755176e-02	   2.7526543045852631e-01	  -3.9084776233252388e-01	   5.1083764977096291e-01	  -8.8613981362699712e-02	
   3.3642348642580944e-01	   3.8516755153983095e-01	  -2.5117518233615910e-02	   2.6102615338796670e-01	   2.3339349335711285e-01	   2.8640889180320800e-01	  -1.5027860044663910e-01	   3.3593779857005829e-01	   2.1785221729790366e-01	   2.3800618767301718e-01	   3.2153904574137027e-01	   3.1659874125418574e-01	  -1.0760142854040926e-01	   3.7394695870015765e-01	   2.0844884837929006e-01	   2.9552670648100765e-01	   0.0000000000000000e+00	   6.6255569616282961e-01	   3.3527482199650488e-01	   3.2175669549310226e-01	   1.2860868214108151e-01	   1.5805129907645965e-01	  -1.3395122271864657e-01	   6.3943027818413184e-02	   2.2211401859711782e-01	   2.9601943996786345e-01	   1.2912802037662219e-01	   1.9725515800183996e-01	   5.8675134199803736e-01	   5.5502627742478461e-01	   2.8630696741080996e-01	   1.4855768042358591e-01	   4.8421321108546311e-01	   5.1534050902072526e-01	   7.6290973102843551e-02	   1.1216321662584267e-01	   5.9933519951156117e-02	   1.4042444813509464e-01	   1.2049003159303451e-01	   2.4956290285016397e-01	   1.4192135093471403e-01	   4.1155542001964618e-01	   1.0971284981706859e-01	   1.7275979138095113e-01	   6.6145276104755346e-02	   9.9032895818937372e-02	   2.1377420594246616e-01	   2.2176847247001455e-01	   7.6199424326188203e-02	  -1.3239821949300061e-02	   8.1472826788195590e-02	   5.5222276938460893e-02	   1.5181704070379401e-01	   7.2444274911814308e-02	   1.8763496170895874e-01	  -2.3291162895469862e-02	   4.9090245993967024e-01	   4.6558556299738668e-01	   2.3283732248217831e-01	   3.0333048995768708e-01	   2.3118983848111527e-01	   4.2025188193937507e-01	   6.6324204403319031e-01	   5.1946034854371992e-01	  -6.8756271824664927e-02	   2.8648231559986448e-01	   1.9771218037242549e-01	   3.2377526078270880e-01	   3.6617310403685832e-01	   2.8500180720480023e-01	   3.3581239822834319e-01	  -1.5741794891146105e-01	   2.8975847088518891e-01	   2.6409169135537275e-01	   3.4024326020491891e-01	   1.3140124701655259e-01	   2.5358077088138736e-01	   2.2239799210872330e-01	   6.9694142719935948e-01	   5.9448680477620830e-01	   6.9643386293695986e-01	   5.4910389719951436e-01	   5.5574814814777040e-01	   1.2100779104809709e-01	   5.0490898966232578e-01	   1.2723215454800590e-01	   2.9144014374475208e-01	  -2.5156245432200475e-01	   1.1407714010907757e-01	   1.6644595287496469e-02	
