   0.0000000000000000e+00	   7.3617526303959901e-01	   6.2043189520804132e-01	   3.6612268402380738e-01	   5.7850670287087747e-01	   4.4753863200226190e-01	   5.9723931353364668e-01	   2.9657665376632059e-01	   4.7072667706488303e-01	   3.9406860158691531e-01	   5.4578067700668220e-01	   6.4742993016629646e-01	   5.3098800286235504e-01	   3.0978268730262165e-01	   6.1026106382278478e-01	   6.4107667742127061e-01	   4.2799146159198709e-01	   3.9687207111324763e-01	   8.5205036180116289e-01	   7.6362526707673251e-01	   3.6984774221295746e-01	   5.1015469169511929e-01	   4.0287389625132625e-01	   2.9628037706029542e-01	   2.8293309410467998e-01	   5.8790645956634621e-02	   2.2803928382261798e-01	   2.6864845516007302e-01	   5.3122893188199585e-02	  -1.6309875671017708e-02	   2.1562091274140105e-01	   3.3115543408882658e-01	   6.2627066359899508e-01	   6.0303184505125129e-01	   4.2679888665287924e-01	   4.5936758116444898e-01	   7.3499243182951091e-01	   5.9075447743947407e-01	   4.9591228008342608e-01	   3.5907694603920881e-01	   6.8785411752195391e-01	   5.0975526958270956e-01	   7.0833350249598093e-01	   6.5764069195105268e-01	   5.5953831974498625e-01	   4.3344100077688241e-01	   6.5818669645209338e-01	   7.1054257982534619e-01	   5.9335919866879594e-01	   5.8703181924133307e-01	   5.9829731914954454e-01	   5.0051822252835176e-01	   6.3277197577912214e-01	   5.4790945895799847e-01	   5.8511272949350146e-01	   7.0572463477959291e-01	   7.9239277472491754e-01	   6.4582717981174320e-01	   7.5539462146253222e-01	   6.1610913632545061e-01	   6.9719087267734425e-01	   5.4626665912932171e-01	   5.3910515045252794e-01	   3.9567471480145239e-01	   5.0350816312058921e-01	   3.0984011899496655e-01	   7.5241737352358418e-01	   6.4393440408680946e-01	   7.6472466146280138e-01	   7.8482334725299352e-01	   1.4277894600516136e-01	   2.2744553688438601e-01	   5.5878136274313916e-01	   4.4252966835031526e-01	   5.8031530888278593e-01	   5.9656054305169781e-01	   7.2549370659974310e-01	   6.8184604782115010e-01	  -1.0890602933169083e-02	  -1.6118079512273800e-01	   4.8248135166193978e-01	   4.1573329931910602e-01	   5.2210309448916359e-01	   6.8149588823375518e-01	   5.5833293308885823e-01	   6.2145732226229478e-01	   4.8387089499652403e-01	   6.4061240225501370e-01	   4.2019875233769116e-01	   7.8911866355298477e-01	
   7.3617526303959901e-01	   0.0000000000000000e+00	   4.8947056398689648e-01	   5.3502455254881442e-01	   6.7155046149580211e-01	   5.4828772407604376e-01	   7.3825704985724716e-01	   5.2498331864260928e-01	   4.8567512767311816e-01	   5.5167776232700427e-01	   2.1156426702373585e-01	   7.1724353075590475e-01	   5.3497314691004694e-01	   5.4503700928624954e-01	   4.5130584194701817e-01	   6.4566899352186369e-01	   6.5389243215287840e-01	   6.7373038302305321e-01	   6.8635365788542868e-01	   8.1805211767001418e-01	   5.7514100541849666e-01	   6.4444832911656080e-01	   4.4589298307579622e-01	   2.9722844853161878e-01	   2.0683016516559377e-01	   1.5422287262277701e-01	   3.1814607609579870e-01	   2.7706637025804093e-01	   1.5218101008107282e-01	   5.2628658184908028e-02	   2.6100348184061661e-01	   3.6097402970899017e-01	   7.3823737262554823e-01	   7.8786818822542726e-01	   3.4346194133398705e-01	   5.5291371391798383e-01	   6.5830982991883424e-01	   7.5676188630305641e-01	   4.7224207401842933e-01	   4.1743396169569441e-01	   6.3230037224948576e-01	   6.7094851897657082e-01	   7.2839030807534644e-01	   7.1472095479772513e-01	   5.2975365177438150e-01	   6.2811900023010947e-01	   7.1413395756316000e-01	   7.2231305239824728e-01	   7.5720177414268719e-01	   7.8632126495738164e-01	   6.5995150271126590e-01	   6.8821854422138662e-01	   7.0564618706296489e-01	   5.8216891906753088e-01	   7.3831037367040153e-01	   7.0760548554768499e-01	   7.1160925759555516e-01	   7.8670676287246666e-01	   8.3183257201805372e-01	   8.0364294021769433e-01	   7.5043985268182489e-01	   8.5574582370877383e-01	   7.8274025654218304e-01	   7.2004901595577320e-01	   3.8601903043584290e-01	   5.4694853394558474e-01	   7.8914018718318923e-01	   7.6358565559974501e-01	   8.1237604665841134e-01	   8.3910010794541823e-01	   3.5350935553394930e-01	   1.8950075276825890e-01	   7.0332443403503364e-01	   6.7679016491011756e-01	   7.8104953054227244e-01	   8.0105454252543207e-01	   8.1342433595172259e-01	   8.0542723898896396e-01	   7.4265056558721260e-02	  -7.6497479414134442e-02	   5.9452652324306243e-01	   5.2356088488934371e-01	   3.7716136164999559e-01	   6.6454261851066398e-01	   4.1729013836670337e-01	   6.0680498202651534e-01	   3.0648987294160290e-01	   4.6672890735456013e-01	   4.6420688630688522e-01	   7.3223299990195523e-01	
   6.2043189520804132e-01	   4.8947056398689648e-01	   0.0000000000000000e+00	   7.5645349201333545e-01	   5.5298372036476229e-01	   2.8357502615738717e-01	   5.1545366969831830e-01	   5.9281251741595076e-01	   5.7371911284112609e-01	   4.8863747730215323e-01	   3.9412821662243414e-01	   5.3394409747300731e-01	   2.6008050082949707e-01	   2.5420072710441011e-01	   6.4539691516972386e-01	   6.3965106533747496e-01	   1.6218454746098548e-01	   2.3647853333432542e-01	   8.0554433146588544e-01	   7.6520723634003995e-01	   2.7340557752146311e-01	   4.7357319484438665e-01	   8.6767047623750693e-01	   8.0319394876932959e-01	   6.7108227884474903e-01	   4.7494151611041879e-01	   4.0313163844271949e-01	   5.6916810481098401e-01	  -1.9135186457189252e-01	  -2.9116785745663711e-02	   1.1893552713113911e-01	   3.9851715020570133e-01	   3.9285965931990807e-01	   4.8048098709937936e-01	   8.0781932602465900e-01	   5.3868339127271070e-01	   6.1814798869891285e-01	   5.8272219830470906e-01	   5.6524886161291032e-01	   4.5332346763111175e-01	   4.5949557136833918e-01	   5.6980469393443189e-01	   6.3251634924288069e-01	   5.1152259325038130e-01	   7.9947559116452716e-01	   5.2005432768438764e-01	   6.0778074613146371e-01	   6.3972401722097261e-01	   4.0614050296270726e-01	   3.0997748648665979e-01	   6.1500603897438333e-01	   4.9513218471824239e-01	   6.7291963002311672e-01	   5.6672456092576073e-01	   6.1727073892261997e-01	   4.6698143915055457e-01	   5.1217445189986943e-01	   6.1278275369338053e-01	   4.2332969943616422e-01	   2.0248080833628340e-01	   4.7296855389268988e-01	   2.6690025740841850e-01	   2.0003221968640811e-01	   9.1970115816043599e-02	   5.9402012944664806e-01	   3.2943019401756402e-01	   7.0525678253233726e-01	   6.1330914933000613e-01	   5.3247338340557959e-01	   5.8886544643136851e-01	   1.5190788618249076e-01	   3.4111075197577098e-02	   3.0926255175892847e-01	   2.9147401093073161e-01	   4.3236341200335571e-01	   5.2385187311676684e-01	   6.0209787247648550e-01	   6.2107438020655348e-01	  -6.2821167320660565e-02	  -1.1464505205782358e-01	   3.8826052945071077e-01	   3.3131826101978901e-01	   3.7606011738517320e-01	   5.8370846591894154e-01	   8.0645990309445925e-01	   7.8827907761017402e-01	   4.2767371894452144e-01	   4.1612263081110834e-01	   8.0157873850347927e-01	   5.6547212776408029e-01	
   3.6612268402380738e-01	   5.3502455254881442e-01	   7.5645349201333545e-01	   0.0000000000000000e+00	   4.9137552575875004e-01	   5.0723232211660074e-01	   5.1384357363925037e-01	   8.9189356036920331e-01	   3.3458145153843910e-01	   6.5400422497637267e-01	   1.5885110581482786e-01	   5.8829044059334989e-01	   1.8636169888931420e-01	   4.9595221153173269e-01	   3.6019727073032459e-01	   5.7046264663854374e-01	   1.2718797357455802e-01	   2.6891267058395890e-01	   5.6183641605443901e-01	   6.4222065258913652e-01	   2.5315429932091615e-01	   4.2976308674918301e-01	   7.4425757149021632e-01	   8.4285508000186904e-01	   6.5970334887184789e-01	   6.7346694383515038e-01	   4.9418231889362374e-01	   6.2031839600687333e-01	  -1.7200750287744634e-01	  -2.0144410213590114e-03	   1.9296406934697588e-01	   4.0076996510719248e-01	   3.7344708486734346e-01	   5.4120777705632928e-01	   6.9206488498084173e-01	   6.8569311669593047e-01	   4.9291275500504461e-01	   6.4927336106569367e-01	   4.7431033928226496e-01	   4.0968577419751762e-01	   3.2680351760538967e-01	   4.6485812272287880e-01	   4.9914151611021917e-01	   4.0903675518604110e-01	   6.7693987356154850e-01	   7.3108629065519626e-01	   4.7619975872396908e-01	   5.1003205702623700e-01	   4.0842222260793748e-01	   3.0407658901879991e-01	   5.3640296625915529e-01	   5.9524863408257267e-01	   5.2664450970542942e-01	   3.9829626820660075e-01	   5.7884270012180117e-01	   3.4081698069724820e-01	   2.8289971138666814e-01	   5.7707545645991132e-01	   3.8148643208948463e-01	   2.4363506379746419e-01	   4.4652941532579293e-01	   4.3524807929349929e-01	   2.5725154275469436e-01	   1.6250001060077340e-01	   5.4414894409515169e-01	   6.2582072715237946e-01	   6.9309004760369519e-01	   7.4755415965246130e-01	   3.9926202100825292e-01	   4.9003159954654862e-01	   1.3105993611110694e-01	  -1.9010695336198186e-01	   2.4075547336042391e-01	   2.2308195450627208e-01	   4.2700073218373980e-01	   5.0245174535654824e-01	   4.8069715664160229e-01	   5.7564510111131739e-01	  -3.6688199876046955e-02	  -1.5438865220130554e-02	   3.2455464064858780e-01	   2.0851968018831563e-01	   1.1460685410241607e-01	   4.1435135646012156e-01	   5.9106326120640329e-01	   8.2439243593602618e-01	   2.9840234087871731e-01	   2.0354603917991312e-01	   8.0161791572753738e-01	   5.1646323555227913e-01	
   5.7850670287087747e-01	   6.7155046149580211e-01	   5.5298372036476229e-01	   4.9137552575875004e-01	   0.0000000000000000e+00	   6.5987423600936701e-01	   6.6487254289439390e-01	   5.7740124073812105e-01	   7.1185136172150609e-01	   5.7295985236148084e-01	   2.1511904062248119e-01	   5.4479141350230076e-01	   3.2860020101610743e-01	   4.0218300921293615e-01	   4.0180757736958844e-01	   5.0243065022022848e-01	   4.1134452389452547e-01	   5.1246757637163487e-01	   5.8214607026644194e-01	   6.4362805292160674e-01	   4.6898426923939690e-01	   5.9166424441070153e-01	   4.6004100355183808e-01	   3.6628327654093951e-01	   1.8511850678992658e-01	   3.4269727382985543e-01	   2.2240337925565185e-01	   5.3678823570639989e-01	   3.6313784010857990e-02	  -1.4109598960621909e-02	   2.7139399296922090e-01	   4.7107737718883436e-01	   5.4323686966643203e-01	   6.3444553756158073e-01	   4.4347198502319629e-01	   4.7718286662555232e-01	   4.8684709332303799e-01	   5.3978041713966995e-01	   4.4626660922323180e-01	   3.1438042073177019e-01	   4.2071423086319920e-01	   5.4406117569110002e-01	   6.5378256786002353e-01	   5.7221351809024645e-01	   5.1473207522978104e-01	   5.9591313141190549e-01	   6.4043916426268432e-01	   6.3622015330027892e-01	   6.1294284521509668e-01	   4.8580611814534247e-01	   6.2219382475357032e-01	   5.9172682226241613e-01	   6.1608510420456497e-01	   5.1338463246580135e-01	   6.2589510822001404e-01	   5.2945696021826538e-01	   5.9780027841330141e-01	   6.6305605167229054e-01	   6.3830447813966029e-01	   5.7657344529780519e-01	   5.8240395600518413e-01	   5.4093776029826590e-01	   4.4680775703439812e-01	   4.2955786870213969e-01	   4.6537963129570470e-01	   5.5595073940718931e-01	   7.3182157066331999e-01	   6.7905158109664321e-01	   6.5900317709579537e-01	   6.6663673624407938e-01	   3.7927062805060402e-01	   1.6752456761820095e-01	   5.5202629328469155e-01	   5.0609967935507760e-01	   6.1801217944276710e-01	   7.1339055635059401e-01	   6.6545739623626099e-01	   7.1484039920689402e-01	   2.1546169723764799e-02	  -5.7206454342160221e-02	   4.0271637329795895e-01	   3.6274779805364366e-01	   2.7500162918521853e-01	   4.8662467119661351e-01	   4.2550622655880882e-01	   5.7630580922572616e-01	   1.8417509247699337e-01	   4.2301342585830393e-01	   4.0158373723130680e-01	   5.3438421857791552e-01	
   4.4753863200226190e-01	   5.4828772407604376e-01	   2.8357502615738717e-01	   5.0723232211660074e-01	   6.5987423600936701e-01	   0.0000000000000000e+00	   6.1036339278327278e-01	   6.4032458948844972e-01	   2.5180620328960762e-01	   6.3051151790275295e-01	  -2.1620824482354618e-02	   5.4489056546507098e-01	   1.9171522125807725e-01	   4.8394602901197326e-01	   1.3597682074014542e-01	   5.1083704407594532e-01	   2.6320405221833099e-01	   3.4111573979166920e-01	   4.2322972440521461e-01	   4.8806506302188118e-01	   4.0507828791315059e-01	   5.6175729475693736e-01	   2.4331172945843824e-01	   2.8577768597438297e-01	   1.8309408978063488e-01	   4.8325146450736184e-01	   2.9132258646022541e-01	   4.9904685188768705e-01	   7.2509972605955847e-02	  -1.7490600577838151e-02	   4.7322561180812828e-01	   5.3936212006875583e-01	   6.3364611007143190e-01	   6.9391150279864455e-01	   3.3566810014691439e-01	   6.5102787621370450e-01	   4.4202303789628067e-01	   5.8634358762477201e-01	   3.9011721208622885e-01	   3.0803443324229662e-01	   4.5383704794345159e-01	   3.5739727619117911e-01	   5.2449439103549222e-01	   4.6437892493844990e-01	   3.8844786414774929e-01	   7.2948135104018741e-01	   4.7687309877024353e-01	   5.1019836817244357e-01	   5.2783288686603991e-01	   4.0977685939522768e-01	   4.1965771453237299e-01	   5.1201859466140609e-01	   3.9493050926597018e-01	   2.4210838607626248e-01	   5.0020582535336022e-01	   4.8443423532774610e-01	   5.0923438579367508e-01	   4.7583514458604659e-01	   6.7770060341073179e-01	   5.9850602384811591e-01	   5.4103642458630563e-01	   5.1280847725273582e-01	   4.2708892825970429e-01	   3.4687219301714145e-01	   3.0516403135097758e-01	   6.2615353492801251e-01	   6.7572297259350056e-01	   7.5520656922249696e-01	   5.8085088837464183e-01	   5.3174758402000211e-01	   3.0498901917001686e-01	   1.7130334200690978e-01	   5.1179763223712327e-01	   4.2733802865702403e-01	   4.7976122922178333e-01	   5.8165056504004520e-01	   5.3655163776522674e-01	   6.4633885248345413e-01	  -7.6678817140297451e-02	  -1.1202537692684825e-01	   2.4494688396776709e-01	   1.7644301340327209e-01	   4.2564701402585156e-02	   3.4425644203206968e-01	   1.4009259481931927e-01	   5.5708022238000310e-01	   2.4559699606375784e-01	   4.5982979720075556e-01	   2.0448868921736002e-01	   6.1370187650556240e-01	
   5.9723931353364668e-01	   7.3825704985724716e-01	   5.1545366969831830e-01	   5.1384357363925037e-01	   6.6487254289439390e-01	   6.1036339278327278e-01	   0.0000000000000000e+00	   6.5231793948419114e-01	   4.8829131849383572e-01	   5.3654824258822054e-01	   1.5587706597700704e-01	   4.5276025867351127e-01	   5.7018044083973640e-01	   5.1875269150038406e-01	   2.6872897936625240e-01	   4.7256310763361509e-01	   5.5523057549738419e-01	   4.8805615319618956e-01	   5.9894597028000629e-01	   6.0964525540789771e-01	   5.7847917996393294e-01	   6.5712598309864090e-01	   4.4127872015570352e-01	   2.3365393217879066e-01	   6.6067916535282933e-02	   2.8461003978134869e-01	   2.8481137565525649e-01	   2.4021851682042461e-01	   4.7948599625331177e-02	  -6.4784495016187008e-02	   2.4746523756775018e-01	   3.5436424694492302e-01	   6.9532122573971678e-01	   7.6662439389184633e-01	   2.8456099486755154e-01	   5.7421501828664345e-01	   4.1584811728742366e-01	   6.0807664689802909e-01	   3.6254102167701518e-01	   4.2508406417318978e-01	   5.1510460394798530e-01	   5.5939256053294550e-01	   6.1756164584664208e-01	   5.9861896424186156e-01	   4.9705710263608582e-01	   6.8025185733241333e-01	   6.4490970110654022e-01	   6.2178443209705869e-01	   6.9607583917428784e-01	   6.2289162676663845e-01	   6.1331814915207061e-01	   6.3510649964618815e-01	   5.7233264651163340e-01	   5.1360211105321019e-01	   5.6873633509296739e-01	   5.0180796262290006e-01	   5.7671332686696442e-01	   5.5754740992613960e-01	   6.9816988547722181e-01	   4.9306974485068994e-01	   6.6240698341812765e-01	   6.2281745733322480e-01	   6.9845730229278791e-01	   5.5183698295892991e-01	   3.7547027706690805e-01	   5.7175018247694021e-01	   7.2324352620824994e-01	   7.0855773531479549e-01	   7.1240788817612011e-01	   7.1807219351007234e-01	   4.6991867122616326e-01	   3.1440412074551949e-01	   7.0303495336124056e-01	   5.7627393248349335e-01	   6.0238468981474436e-01	   6.7388757267390709e-01	   7.7531361440706581e-01	   7.6896045863433971e-01	  -9.3317700682543664e-02	  -2.6304521691033583e-01	   5.0275487181077105e-01	   4.2704031835064804e-01	   3.6678898817454009e-01	   5.9932179506963168e-01	   3.5315099579829118e-01	   5.8363207280579066e-01	   1.2106091217399757e-01	   4.1941166658301376e-01	   4.1198444217922303e-01	   5.8287773547874600e-01	
   2.9657665376632059e-01	   5.2498331864260928e-01	   5.9281251741595076e-01	   8.9189356036920331e-01	   5.7740124073812105e-01	   6.4032458948844972e-01	   6.5231793948419114e-01	   0.0000000000000000e+00	   3.8380290287540980e-01	   7.9513616055595149e-01	   7.7209891643040984e-02	   5.5388968048040366e-01	   2.4267372936015133e-01	   5.7531692475155183e-01	   2.7862220466697962e-01	   5.8446522735841822e-01	   1.8084118946164726e-01	   3.3837383022668999e-01	   5.0176943143329633e-01	   5.7470661459071248e-01	   2.9177880472182210e-01	   4.6625202804597765e-01	   6.1372728814947419e-01	   6.5396604790430279e-01	   4.3459184258515982e-01	   6.8287077699627940e-01	   4.3352532611645578e-01	   5.0896887965728765e-01	  -1.1513366470384273e-01	   2.9971566662698797e-02	   2.3311827626314874e-01	   4.1157594086853472e-01	   4.4155008489336744e-01	   6.0168574224467242e-01	   5.5983960744896555e-01	   6.8229721670329213e-01	   3.5613625451370373e-01	   5.9539899482555392e-01	   3.8390039231010642e-01	   3.5748792682470504e-01	   2.8920902249128044e-01	   4.5104206210079878e-01	   4.1941486651747129e-01	   3.3750675760670867e-01	   5.2548493032636157e-01	   7.0547019884250761e-01	   4.3899917646051034e-01	   4.2707713513208972e-01	   4.2511264413314581e-01	   2.7268547798476794e-01	   4.9131371308870420e-01	   5.6218546363127797e-01	   4.4666569792403210e-01	   3.2959778594840761e-01	   5.0534424558371926e-01	   2.5943111864683627e-01	   2.2784173157370305e-01	   5.0113084192983604e-01	   3.6872408246242411e-01	   2.2976484280857434e-01	   4.0305935215459404e-01	   4.5876355427494353e-01	   3.0291053344221996e-01	   2.2784518284931787e-01	   5.5040127862534349e-01	   7.7510971245693017e-01	   6.2716463291784197e-01	   7.1274521056408635e-01	   4.2575372196935984e-01	   4.7701464600585930e-01	   2.4863491293578688e-01	  -1.0631757794133186e-01	   3.4506799967848301e-01	   2.9532072788047442e-01	   4.5786937220705670e-01	   5.4155215522447142e-01	   5.0514447818108033e-01	   5.8887644517274196e-01	  -6.4106792353380918e-02	  -6.0901568920341875e-02	   3.3243441645121946e-01	   2.3215902777713671e-01	   1.1745743887969545e-01	   4.2360459188200195e-01	   4.8510453122185049e-01	   7.4981954164837961e-01	   1.5255567948384857e-01	   1.9824866728976592e-01	   6.7976806026923720e-01	   4.4712244681222674e-01	
   4.7072667706488303e-01	   4.8567512767311816e-01	   5.7371911284112609e-01	   3.3458145153843910e-01	   7.1185136172150609e-01	   2.5180620328960762e-01	   4.8829131849383572e-01	   3.8380290287540980e-01	   0.0000000000000000e+00	   5.1444125658030659e-01	   4.0500637465975919e-01	   4.9634968014545211e-01	   4.9980416909732522e-01	   4.5712684085195054e-01	   6.3385361516111827e-01	   4.7367509663543972e-01	   3.8210465911452529e-01	   3.3241092062107397e-01	   4.6159548568934888e-01	   5.2161818755535216e-01	   3.8018053737076363e-01	   3.8133793165040808e-01	   5.1413389851974733e-01	   3.2853447139535946e-01	   1.1371067689111725e-01	   1.4917336123494990e-01	   5.8274101257071373e-02	   2.2046109722465124e-01	  -4.6385859282346308e-02	  -4.4581920824740190e-02	  -8.0242988628075690e-02	   1.0525663461093979e-01	   3.0498240185728920e-01	   3.4477425175063448e-01	   3.5132307328701340e-01	   2.4364187805432222e-01	   3.6181207236127177e-01	   3.7838370190163778e-01	   3.7690403130205341e-01	   2.6992737517946169e-01	   2.9410624553061665e-01	   4.9002095824935576e-01	   4.9824597794521730e-01	   4.3691064323979040e-01	   3.7659931989092832e-01	   2.4635441867202801e-01	   5.3920778792517388e-01	   4.8327223180222706e-01	   5.2331197684514130e-01	   3.9778246726975525e-01	   6.3588124524174017e-01	   4.9374972669832967e-01	   5.8947125747725293e-01	   5.6684690949530003e-01	   5.1622922556548423e-01	   3.9907131018831721e-01	   3.4981780871868062e-01	   4.5190653390145996e-01	   3.5031484565411308e-01	   3.1204218102650327e-01	   3.7192608797440840e-01	   3.9354881665967623e-01	   3.3061527152908049e-01	   3.5264773084943712e-01	   5.6152950882667707e-01	   4.0590852652070575e-01	   4.5450067859971843e-01	   3.5965328506258254e-01	   4.0831094106805821e-01	   4.7314660508277179e-01	   3.1151400360188675e-01	   1.8522220960906888e-01	   3.9652850059354999e-01	   4.4333652709147209e-01	   4.8899990883986799e-01	   5.0289245788205539e-01	   5.4935950859366489e-01	   5.3662874893798085e-01	  -5.1824175122758373e-02	  -1.1849946360406902e-01	   2.8220053156242381e-01	   2.9270956432058243e-01	   3.0855997505529476e-01	   4.1812873907397313e-01	   4.1097805603287385e-01	   4.0932166938994785e-01	   1.0672456814339103e-01	   3.0103289578540843e-01	   4.5393635448667469e-01	   3.9715112959054727e-01	
   3.9406860158691531e-01	   5.5167776232700427e-01	   4.8863747730215323e-01	   6.5400422497637267e-01	   5.7295985236148084e-01	   6.3051151790275295e-01	   5.3654824258822054e-01	   7.9513616055595149e-01	   5.1444125658030659e-01	   0.0000000000000000e+00	   3.4261026848742999e-02	   6.6515029931194691e-01	   2.4602123193329495e-01	   5.5650591107978764e-01	   3.3694241699129923e-01	   7.5743831450600574e-01	   2.6993098042055846e-01	   4.0997109214729360e-01	   5.3789245233302518e-01	   6.5276771069476869e-01	   3.1785481648061953e-01	   4.5369440993767762e-01	   5.5604999815131317e-01	   5.3113850865505507e-01	   3.9301201898903121e-01	   5.3286683806796920e-01	   2.5014626310391042e-01	   3.4790680299854299e-01	  -8.9041726068616087e-02	   2.3598433987713580e-02	   1.9009015044660693e-01	   3.1113592874366530e-01	   5.5473570035620789e-01	   6.1441456063124267e-01	   5.5181214269633050e-01	   6.3219976882846929e-01	   4.7826143903639812e-01	   6.0693386793908610e-01	   4.8413451162210808e-01	   3.7198850235342523e-01	   3.8983862368729916e-01	   4.9969812014093445e-01	   3.8320497775813178e-01	   3.3793533875335502e-01	   4.0191672277126278e-01	   5.1918037797345895e-01	   4.6751092245730469e-01	   4.4882830155578124e-01	   3.8651661405275750e-01	   3.0498475689685267e-01	   4.1427149898986365e-01	   4.4856039960053695e-01	   4.6108886042097280e-01	   3.4660446089093233e-01	   4.8482454606028463e-01	   3.6267094529292199e-01	   3.4586072956245839e-01	   4.7678945466405598e-01	   4.5205313806133135e-01	   3.8122781427864977e-01	   4.2821729985225110e-01	   5.0522382161901402e-01	   3.7208683332928061e-01	   3.5436646267879279e-01	   5.2283984191687005e-01	   7.2884907207234417e-01	   5.3903749545635815e-01	   6.3643888285016392e-01	   5.1036505217641415e-01	   5.1831268165720312e-01	   2.7732688454482463e-01	   1.0188503150765904e-01	   4.1705556902349633e-01	   4.6064437836975886e-01	   5.4592117987869759e-01	   6.1274647510660396e-01	   6.0647463806633739e-01	   6.7952069380970082e-01	  -5.6857276075233582e-02	  -8.4929397013755209e-02	   3.0181156715262614e-01	   2.8100729661092511e-01	   1.3880503701045066e-01	   5.2532894207292369e-01	   4.1278690280528840e-01	   6.8002430228987132e-01	   1.6841703895965832e-01	   3.9618582409099667e-01	   4.9338048787457939e-01	   5.5152751980335135e-01	
   5.4578067700668220e-01	   2.1156426702373585e-01	   3.9412821662243414e-01	   1.5885110581482786e-01	   2.1511904062248119e-01	  -2.1620824482354618e-02	   1.5587706597700704e-01	   7.7209891643040984e-02	   4.0500637465975919e-01	   3.4261026848742999e-02	   0.0000000000000000e+00	   3.7882866731103887e-01	   6.9009839642117554e-01	   3.5337893509603380e-01	   6.8705456797463593e-01	   3.2982458678361826e-01	   3.1841773203898982e-01	   2.9881388126729852e-01	   4.1352265447636732e-01	   2.4056706184219376e-01	  -8.2591760442046191e-02	  -4.3960850773229921e-04	   1.1817981858807515e-01	   1.3255289632595829e-01	   1.9531428499144998e-01	   6.7970146734230977e-02	   1.8401890966498965e-01	   1.6548119532401251e-01	   3.1520204253588568e-01	   3.2157617882903922e-01	  -1.9835531281618357e-01	  -1.2155226255367238e-01	  -3.6124122988534658e-02	  -7.2034747560137252e-02	   2.0583435535704955e-01	   1.5069517702801727e-01	   4.0219977456906042e-01	   1.4921732998990633e-01	   1.0007933472748212e-01	  -9.9635068586412842e-02	   2.5217184697120965e-01	   1.4088978013055031e-01	   3.1005210987613852e-01	   1.6773228082145097e-01	   2.8759114976343370e-01	  -1.1965254067746690e-02	   1.5056286633243873e-01	   2.4133265175404389e-01	   2.6284080251842540e-01	   2.3208065004281231e-01	   4.5043498792061654e-01	   2.8588176726048448e-01	   3.1829680076077965e-01	   3.7501284231750515e-01	   2.1092319256606629e-01	   2.4898401562645128e-01	   2.3136261895564503e-01	   2.3189097128380359e-01	   1.1158339412933967e-01	   1.0724026881927204e-02	   2.3157354323976992e-01	   1.5967200091300121e-01	   1.8956913202629727e-01	   1.2093023532875477e-01	   5.2164570115330611e-01	   1.6105554919380591e-01	   2.6756004097517155e-01	   1.7774730898334484e-01	   1.6894506702740969e-01	   2.5405327999956012e-01	  -2.4640574105601631e-01	  -1.6900931435896935e-01	   6.5297407663040541e-02	  -3.5162753606311131e-02	   1.2205192890082518e-01	   1.4071138536317507e-01	   2.0781369250307438e-01	   1.0575500221437967e-01	   2.5602535603149679e-01	   2.3822594777317621e-01	   3.9532590942919388e-01	   3.2651365115971642e-01	   4.9334491302435757e-01	   2.3078336148669346e-01	   3.9116505987672989e-01	   2.1815523785268198e-01	   2.0960740987504023e-01	   4.5900625280762539e-02	   3.9253600198553562e-01	   3.7031920642389149e-01	
   6.4742993016629646e-01	   7.1724353075590475e-01	   5.3394409747300731e-01	   5.8829044059334989e-01	   5.4479141350230076e-01	   5.4489056546507098e-01	   4.5276025867351127e-01	   5.5388968048040366e-01	   4.9634968014545211e-01	   6.6515029931194691e-01	   3.7882866731103887e-01	   0.0000000000000000e+00	   4.4036082614694716e-01	   7.0459666398437837e-01	   5.8534620590303366e-01	   7.8100093624064859e-01	   4.3484041339206403e-01	   5.2804498861259164e-01	   5.9760106410012070e-01	   7.2309517405165258e-01	   3.9936108598887166e-01	   4.5043068665460051e-01	   4.1130008282989494e-01	   4.2981277970746123e-01	   3.8789274582238653e-01	   4.0090371479679521e-01	   1.6292333811990259e-01	   3.8684266317513005e-01	   2.2588859881043122e-01	   1.7384421048509152e-01	   3.8933845390528610e-01	   3.9328467883823703e-01	   4.6973631347649802e-01	   5.0789808906141398e-01	   4.7109038692298921e-01	   5.8412345107483354e-01	   7.4440806322491626e-01	   6.9026673863395038e-01	   4.8055712175358378e-01	   2.0950053776819380e-01	   4.3921432287438034e-01	   4.3085977427138816e-01	   5.2688391725240735e-01	   4.1696747762186670e-01	   4.4750929468373213e-01	   4.8653427338019528e-01	   5.1194161827864826e-01	   5.5636221927675455e-01	   5.9570622998373179e-01	   6.1829408142119024e-01	   6.1446314147135928e-01	   6.6822482050102527e-01	   6.5733520401535528e-01	   5.2418481156343621e-01	   6.9663796836683689e-01	   6.3345843921678302e-01	   4.7463799161825981e-01	   5.1276027571736804e-01	   5.6980994162109089e-01	   5.8223273687863086e-01	   5.3889587941706196e-01	   6.4040936741274868e-01	   5.3141210529715122e-01	   5.7787528807351451e-01	   6.3251556551140198e-01	   7.0108018570045727e-01	   6.7409196077271916e-01	   6.8591999661432612e-01	   5.4535479857267688e-01	   6.1053810812520470e-01	   5.7820026084435955e-03	  -1.0503926212184053e-01	   3.3464567052764926e-01	   3.8144283598304435e-01	   5.1451293158346878e-01	   5.9948743641643276e-01	   5.1614063363688956e-01	   5.7343313973184251e-01	   9.6286840625611991e-02	   7.8169745402348528e-02	   3.2008885773763945e-01	   2.3540837123723424e-01	   1.1998007689150052e-01	   4.3436578892952110e-01	   3.5451594442896928e-01	   6.0203538765318987e-01	   4.3187063614129928e-01	   3.6887377791676701e-01	   4.4594588859883466e-01	   7.5841390322096147e-01	
   5.3098800286235504e-01	   5.3497314691004694e-01	   2.6008050082949707e-01	   1.8636169888931420e-01	   3.2860020101610743e-01	   1.9171522125807725e-01	   5.7018044083973640e-01	   2.4267372936015133e-01	   4.9980416909732522e-01	   2.4602123193329495e-01	   6.9009839642117554e-01	   4.4036082614694716e-01	   0.0000000000000000e+00	   6.9562362782670428e-01	   5.1893078205163212e-01	   3.7570274035199491e-01	   7.2446238797905971e-01	   5.8746610607444461e-01	   3.7133754746950132e-01	   3.5572347407450500e-01	   2.9128300335447632e-01	   2.6196265765363175e-01	   8.3159388310396723e-02	  -5.3165367470223289e-02	  -9.5042088702941230e-02	   1.3837117277881405e-02	   2.0980882452661540e-01	   9.2422845026298474e-03	   4.0602075899445000e-01	   2.7050668455175819e-01	  -1.9458049107792369e-01	  -1.6014527760007874e-01	   2.7116481585173341e-01	   2.4955797992150466e-01	  -6.3459217048107090e-03	   2.5598388748720929e-01	   3.9859794708671692e-01	   3.8257610444535128e-01	   7.5529867962949429e-02	   2.1611899336376680e-02	   3.7336398836517198e-01	   3.1633253931403138e-01	   4.5383180308507076e-01	   3.7849440485131330e-01	   2.5886197664012023e-01	   2.3143757162651532e-01	   3.5304463370558614e-01	   3.7431622123364289e-01	   6.2849915911373222e-01	   6.0934031638392061e-01	   6.2476653230510715e-01	   5.4552175747849763e-01	   4.5003722718863703e-01	   4.9048372536990636e-01	   3.5154884254379892e-01	   3.8689318006328877e-01	   3.1567174605097836e-01	   2.6648459800463187e-01	   4.0669117428235713e-01	   2.7211612941759045e-01	   4.4562837363522689e-01	   5.0127519090716166e-01	   6.9593925212655028e-01	   5.5780808611772070e-01	   4.8595841195069667e-01	   4.2900494251891524e-01	   4.1650428448925364e-01	   3.7122483166099352e-01	   4.2048482693916117e-01	   4.8264174723620262e-01	   6.1396232318500180e-02	   1.1770443904885644e-01	   3.9689339873487411e-01	   3.4890711816643166e-01	   3.7659593523924084e-01	   3.7715339123600028e-01	   4.6286585520808943e-01	   3.7451690138177368e-01	   2.1941612166211749e-01	   1.2700915500662893e-01	   5.4225449089177191e-01	   4.9323150150212564e-01	   4.6973261081648210e-01	   4.2851460389985496e-01	   1.5210385311034591e-01	   2.2149748044346834e-01	   1.3951503094681454e-02	   9.7427806081839680e-02	   3.3574750908629636e-01	   5.4134208616644897e-01	
   3.0978268730262165e-01	   5.4503700928624954e-01	   2.5420072710441011e-01	   4.9595221153173269e-01	   4.0218300921293615e-01	   4.8394602901197326e-01	   5.1875269150038406e-01	   5.7531692475155183e-01	   4.5712684085195054e-01	   5.5650591107978764e-01	   3.5337893509603380e-01	   7.0459666398437837e-01	   6.9562362782670428e-01	   0.0000000000000000e+00	   3.3219849628468423e-01	   4.8387583423224034e-01	   5.4545759162798890e-01	   5.2048220076527663e-01	   2.3010683371854745e-01	   3.9449458299458928e-01	   3.4366047244484971e-01	   2.8501486773372703e-01	   1.8130010383529108e-01	   1.8780160071604790e-01	   6.8328217847134359e-02	   3.8065983482612825e-01	   2.2414533646423823e-01	   2.3013276630165225e-01	   2.8214574347631161e-01	   1.9094562274240590e-01	   7.0251044855374326e-02	   1.6893338780008045e-02	   3.0005547506164587e-01	   3.3648431885908742e-01	   1.0743012994550721e-01	   4.9020988865923454e-01	   4.2890107025357432e-01	   5.6012647240881652e-01	   2.0610612437637316e-01	   1.0768732206755359e-01	   2.3580440143559148e-01	   2.6776039564379894e-01	   3.9859502017374482e-01	   3.1553984152687392e-01	   2.6673783012936597e-01	   4.8520344680077082e-01	   3.8769678584538547e-01	   3.7186887336574814e-01	   6.7055046967222198e-01	   6.2895960271177331e-01	   6.5855249524224491e-01	   7.4693483756867540e-01	   4.9111187348114604e-01	   4.2568367132705914e-01	   5.2591238284407138e-01	   3.9983510929550814e-01	   1.4680654412133443e-01	   2.1948716846395649e-01	   3.7886858119234651e-01	   3.5204589511529966e-01	   3.7727924172337335e-01	   6.1692882066014532e-01	   5.8345375663811883e-01	   5.9778778209958050e-01	   5.3549026267719546e-01	   7.9538735660593918e-01	   4.9704522193848133e-01	   5.6127337097885732e-01	   3.3987272813422797e-01	   4.1000601578694357e-01	   1.8178696445769200e-02	  -1.1544165651359321e-01	   2.6521673222602432e-01	   3.0005445884832649e-01	   3.4524221336596639e-01	   3.8502354058399657e-01	   3.8406364874789867e-01	   4.3206920174428148e-01	   1.0761277719920970e-01	   1.0203883851919592e-01	   2.7854195228166889e-01	   1.8965199547390049e-01	   1.1113718073245932e-01	   3.0416662880277645e-01	   1.0532064678932253e-02	   3.8323918856091715e-01	   1.1150894938387038e-01	   4.2030955742677747e-02	   3.5605215754397168e-01	   5.9903973476949335e-01	
   6.1026106382278478e-01	   4.5130584194701817e-01	   6.4539691516972386e-01	   3.6019727073032459e-01	   4.0180757736958844e-01	   1.3597682074014542e-01	   2.6872897936625240e-01	   2.7862220466697962e-01	   6.3385361516111827e-01	   3.3694241699129923e-01	   6.8705456797463593e-01	   5.8534620590303366e-01	   5.1893078205163212e-01	   3.3219849628468423e-01	   0.0000000000000000e+00	   6.9040684674831510e-01	   4.0969640929806095e-01	   4.1429921462181873e-01	   6.1270760643595124e-01	   5.6726663862418791e-01	   1.2000299760499000e-01	   2.3417833525946599e-01	   4.7657451735126799e-01	   3.9583560625838776e-01	   4.2470979757065708e-01	   2.2661703036235031e-01	   3.2141481554739432e-01	   2.9959219071576304e-01	   2.7835473338333416e-01	   3.8995483353232940e-01	  -9.0408733315070086e-02	   1.4667907782190451e-01	   1.8311721314277396e-01	   1.8102377193636354e-01	   5.2518497585436275e-01	   2.5708297942624903e-01	   5.3435274152505785e-01	   3.5447645581752085e-01	   2.5558722571052506e-01	   3.8828448071722185e-02	   4.0672445686728975e-01	   3.8566834570303948e-01	   5.1575336235270908e-01	   3.5636548375456450e-01	   5.0414049310185494e-01	   1.6158340324313239e-01	   3.6720125325044917e-01	   4.4671351224939337e-01	   3.6730871509563556e-01	   3.0271432674495913e-01	   5.2033464485551206e-01	   3.4766570954164722e-01	   5.3075667435585849e-01	   5.3018011101296580e-01	   4.4112350133340328e-01	   3.7477289210533526e-01	   3.8978367680651815e-01	   4.5103591882895322e-01	   2.8517635087985754e-01	   1.7402663602902441e-01	   3.1637575649059690e-01	   2.2448892906740131e-01	   2.6580606542131713e-01	   1.9837934102682503e-01	   6.1465586850328591e-01	   2.1828338858926610e-01	   4.6898113589474960e-01	   3.4525054552816470e-01	   3.7612424451480991e-01	   4.3208460546056804e-01	  -6.2181428136907024e-02	  -4.0128046805159266e-02	   2.5262878097094132e-01	   2.3534633691601969e-01	   3.7153131077711116e-01	   4.2995012247834685e-01	   4.0595121174658200e-01	   3.4275057427214889e-01	   2.9545910394487424e-01	   2.3408572606425418e-01	   5.4390511086817894e-01	   5.3255763058693595e-01	   5.3402633916949260e-01	   5.0851628517585057e-01	   6.3360492461973106e-01	   4.2870287678793212e-01	   2.6074109268477275e-01	   2.3051102586266864e-01	   5.8481308014317879e-01	   4.7566276056024481e-01	
   6.4107667742127061e-01	   6.4566899352186369e-01	   6.3965106533747496e-01	   5.7046264663854374e-01	   5.0243065022022848e-01	   5.1083704407594532e-01	   4.7256310763361509e-01	   5.8446522735841822e-01	   4.7367509663543972e-01	   7.5743831450600574e-01	   3.2982458678361826e-01	   7.8100093624064859e-01	   3.7570274035199491e-01	   4.8387583423224034e-01	   6.9040684674831510e-01	   0.0000000000000000e+00	   4.5137395008343878e-01	   5.6086604657625783e-01	   7.7590680982237092e-01	   8.2174583155623337e-01	   2.4570935649933576e-01	   4.5206867137214823e-01	   6.0906616572734551e-01	   5.5261785889084991e-01	   5.4747530086078211e-01	   4.7766659673981920e-01	   4.5527871354737509e-01	   3.7001144965654270e-01	   2.2225882519971607e-01	   3.5629116066212718e-01	   2.0410626265038340e-01	   4.2142891464141674e-01	   5.7243750751469080e-01	   5.6704778216498286e-01	   6.5598675561816022e-01	   5.9879097252632851e-01	   7.1709743495257716e-01	   6.2623674798601181e-01	   4.8277299770300253e-01	   2.8021011271340934e-01	   6.0545134736917361e-01	   6.1129632933149280e-01	   5.2502361659677776e-01	   4.1745158994001008e-01	   5.5054857541320523e-01	   4.4872748486997027e-01	   4.5599181152287405e-01	   5.3103892640758110e-01	   3.8024328032129834e-01	   3.6859194455994243e-01	   4.3971461559034208e-01	   4.1339518370427719e-01	   5.5646297042299331e-01	   4.0424240764632868e-01	   5.0931640368271258e-01	   4.6704420107507183e-01	   5.5190016541816778e-01	   5.7196546665958892e-01	   5.4690220908112364e-01	   4.4843988552020242e-01	   4.8752828420691230e-01	   4.7250202459303664e-01	   4.2926822935165904e-01	   3.7580168215840359e-01	   5.5193810027592460e-01	   5.2419392012304389e-01	   6.6216303307756341e-01	   6.8573034000222410e-01	   6.7155555708800652e-01	   6.6308565091786298e-01	   1.3495586488726530e-01	   1.0454907075247893e-01	   4.6945435303466160e-01	   4.9293364796821876e-01	   6.0158117169661196e-01	   6.6959754502781099e-01	   6.3946610693644956e-01	   6.5356924653535109e-01	   1.8135711367124424e-01	   1.2611356238467425e-01	   5.6891006161098856e-01	   5.7986357867338900e-01	   4.8109899198575912e-01	   7.1912597770007647e-01	   6.0139600815272010e-01	   6.9545088148242828e-01	   3.5645056620688986e-01	   5.3175805751605665e-01	   5.2330532184755052e-01	   7.1584467423983411e-01	
   4.2799146159198709e-01	   6.5389243215287840e-01	   1.6218454746098548e-01	   1.2718797357455802e-01	   4.1134452389452547e-01	   2.6320405221833099e-01	   5.5523057549738419e-01	   1.8084118946164726e-01	   3.8210465911452529e-01	   2.6993098042055846e-01	   3.1841773203898982e-01	   4.3484041339206403e-01	   7.2446238797905971e-01	   5.4545759162798890e-01	   4.0969640929806095e-01	   4.5137395008343878e-01	   0.0000000000000000e+00	   8.5273796207967345e-01	   3.1934563164207602e-01	   4.4165308470008557e-01	   5.0403177224636686e-01	   4.2179671999282498e-01	   1.0731696291542100e-01	  -3.0891389676998615e-02	  -1.4124757386257472e-02	   1.3816630321351542e-01	   3.2596402384339623e-01	   1.5750336302189794e-01	   6.2422403175446106e-01	   4.6274365654022970e-01	   2.9503450928460881e-03	   1.6260530272544388e-01	   3.9199265089243784e-01	   4.4026214911212136e-01	   4.5930411567269722e-02	   3.4352605281465037e-01	   4.6925801199055822e-01	   3.7507519384430615e-01	   1.0025572481471080e-01	  -2.4944343500552260e-02	   3.8199142789717611e-01	   4.1178746669761607e-01	   4.4747578376740343e-01	   4.1179043162058571e-01	   2.7237923903608208e-01	   3.6367263079824447e-01	   3.6675427963696150e-01	   4.0584883368024938e-01	   5.1762558809795589e-01	   6.1965515368030410e-01	   4.4928922146014805e-01	   4.9755595647217077e-01	   4.7627433728167473e-01	   4.9641114387387331e-01	   4.0079969573362684e-01	   4.0656221915425705e-01	   5.3712705254772164e-01	   4.0193236254024378e-01	   5.8875851075399666e-01	   5.0426588995429333e-01	   6.0835537202863876e-01	   6.3439902975074558e-01	   8.4156321653811361e-01	   7.3221323578751640e-01	   1.8127332541010832e-01	   4.0135556491402025e-01	   4.7008505848430393e-01	   4.7311236392182332e-01	   5.9913670404474795e-01	   5.5530740524065636e-01	   2.1968591085943015e-01	   2.3401336073654502e-01	   5.5253331233502601e-01	   6.0770640688083377e-01	   5.4628661235551013e-01	   5.9186932185285523e-01	   5.6116333558033560e-01	   5.0267349394771710e-01	   5.1411340892448543e-01	   3.6647730831634706e-01	   7.3589757707480619e-01	   7.0705431157713661e-01	   5.0791178307987606e-01	   4.8603806761139617e-01	   9.3056500640781623e-02	   2.6440884222866462e-01	  -7.9689142969460690e-03	   1.3105093092074122e-01	   1.2927507614388026e-01	   5.3748330141388678e-01	
