   0.0000000000000000e+00	   6.6546754365728211e-01	   6.8379860611668497e-01	   2.8293154350034067e-01	   5.1016543972871675e-01	   7.0926625921889308e-01	   7.5930419044583020e-01	   3.2943126782614668e-01	   5.1641591852285640e-01	   7.9613945606396830e-01	   6.3810522477614429e-01	   4.6939538589947083e-01	   6.1521284639052642e-01	   4.2300833273338967e-01	   5.9106223597754959e-01	   4.9241688905797532e-01	   7.4996394832364932e-01	   6.2985402248532263e-01	   8.4135371675988369e-01	   7.4928251346117469e-01	   1.0708439565426439e-01	   4.5928687253209637e-02	   7.1245918537578501e-01	   6.1398921733018430e-01	   5.4760362356825953e-01	   5.2259388884637659e-01	   3.1824523369586127e-01	   4.9191618327840270e-01	   3.6184749739363486e-01	   1.3296845097813409e-01	   5.2340925643104652e-01	   5.5708202741849833e-01	   7.5063455955122316e-01	   6.6607444090454393e-01	   5.1059580691665918e-01	   6.0063133032849592e-01	   1.2908353974220607e-01	   6.2829054299505735e-02	   7.1289697746780220e-02	   2.7914537404886575e-01	  -8.3735358296671475e-02	   1.0424114469732240e-01	   6.4344231936390706e-01	   4.6006476451671563e-01	   4.0499617426285522e-01	   6.4527570290571168e-01	   5.4107847512413965e-01	   4.8556838826574689e-01	   6.7361898344429849e-01	   6.9204557109036435e-01	   6.9649384427778815e-01	   6.6402189338930107e-01	   6.5101717988624941e-01	   7.4879684672963887e-01	   2.6423313850349228e-01	   7.2048527431547738e-01	   9.2197700851121889e-01	   6.1238932992896711e-01	   8.3157370974295886e-01	   6.3927138774470438e-01	   8.5713214320615383e-01	   6.0362714028799658e-01	   6.6171820367089773e-01	   6.9509234499077655e-01	   4.6434693922919285e-01	   7.0947768417549062e-01	   7.3861073954273082e-01	   7.4942873373584262e-01	   7.7142925101492965e-01	   7.4555121884486208e-01	   1.5874026896997423e-01	   2.4934844094084174e-01	   4.0993558959535770e-01	   5.7582128419018153e-01	   3.2687683002707013e-01	   6.3776299442964901e-01	   4.0237713253166796e-01	   6.8463357722837848e-01	   4.9002265778160309e-01	   3.0385697385659538e-01	   6.6545364033671794e-01	   6.0574089001060760e-01	   7.8590196148753710e-01	   5.0634974802549626e-01	   4.8616166502507080e-01	   7.8003786802013586e-01	   5.1838691717065954e-01	   4.6535638328800311e-01	   2.7730572860266667e-01	   8.1837404613586140e-01	
   6.6546754365728211e-01	   0.0000000000000000e+00	   3.4452998548272251e-01	   7.5811638189994712e-01	   5.4081637836213603e-01	   7.4315564892927277e-01	   2.9051166341156559e-01	   8.0509905000286375e-01	   5.1901661647576469e-01	   6.5035891662888834e-01	   3.0893404381907241e-01	   8.3736370334238208e-01	   2.1176725820056361e-01	   5.4684115403103351e-01	   5.1810415406303090e-01	   2.0041536761043266e-01	   5.4145996067601310e-01	   8.3470799598274636e-01	   7.2201863900893160e-01	   8.5752926947471586e-01	  -3.0345598034320509e-01	  -8.0267080091697956e-03	   6.9555220086677094e-01	   6.9530172080489905e-01	   3.5303828962164596e-01	   3.0236543785222197e-01	   4.5125828007011554e-01	   4.6448899199753174e-01	   3.2694472814095592e-02	   3.5119729718319037e-01	   4.8603747342652448e-01	   5.5932576308036075e-01	   7.3557024161379903e-01	   7.9595625017413685e-01	   6.6945676119333719e-01	   7.7925964398507841e-01	  -1.1725529300766839e-01	   1.8773532790377392e-01	   2.8213259525061089e-02	   8.8778348566502810e-02	  -1.2465794939209726e-01	   2.7828852326024783e-01	   7.6679133790320897e-01	   6.0747328807297962e-01	   3.5540406226832588e-01	   6.4629226109699101e-01	   7.6457449549243772e-01	   6.7133257661342616e-01	   5.9256674347048577e-01	   6.5859398416586779e-01	   8.0048685373250583e-01	   4.9108522092085627e-01	   8.2086372611230718e-01	   7.1150463120154472e-01	   7.2139835811749542e-01	   3.5960057429841985e-01	   5.8842310554348032e-01	   9.4516304924457961e-01	   6.3665919595986187e-01	   8.3758588967441205e-01	   7.2827046448110799e-01	   8.5757210904799719e-01	   7.4595170511387932e-01	   8.6838200829334389e-01	   5.7183201402778783e-01	   6.9284022048766403e-01	   8.3330187562369429e-01	   8.2358884218381512e-01	   8.1918407125198323e-01	   7.4228294482379198e-01	   3.3646718451563762e-01	   1.3718044060219076e-01	   6.7513753736979232e-01	   6.4158108531079738e-01	   7.2368435520024144e-01	   4.6312781684947069e-01	   6.4441828625208308e-01	   5.9483295121239488e-01	   8.4232836973740760e-02	   5.1724636304328986e-01	   5.9204548938147350e-01	   6.5766768650776519e-01	   4.9305695200246147e-01	   5.1030411176147739e-01	   7.6294921386161740e-01	   5.3311400757979799e-01	   6.3428843459503215e-01	   1.7374427502978060e-01	   7.9546007431278465e-01	   3.9717966756917022e-01	
   6.8379860611668497e-01	   3.4452998548272251e-01	   0.0000000000000000e+00	   3.5657897534384059e-01	   5.4992595025702351e-01	   7.3036370460335653e-01	   8.6194948686045336e-01	   2.8752928632922692e-01	   7.1462671620823470e-01	   7.2622841880985300e-01	   6.6454157689199123e-01	   2.8684586059194067e-01	   7.3877227867990147e-01	   4.6169171452076513e-01	   5.3207519099535394e-01	   5.8569414023561317e-01	   6.6547189466991086e-01	   4.8847912585346676e-01	   6.9965833784504061e-01	   6.5216416532413091e-01	   2.5703415144565861e-01	  -2.0006962833609185e-02	   7.7133905334273067e-01	   6.8736077499640902e-01	   7.5547417737634592e-01	   7.6402758835882245e-01	   2.0621048314204810e-01	   3.0828466901766671e-01	   4.4697905935873306e-01	   7.9322497886089124e-02	   6.2199610763667890e-01	   6.7303718962599113e-01	   6.5454073389475598e-01	   5.4683824730198938e-01	   2.9998033143359215e-01	   4.5609191059626941e-01	   6.0552414941997958e-02	  -3.7083653579915140e-03	   8.2378248964183783e-03	   1.9141968208529350e-01	  -4.2060978634138688e-03	   6.6477325643937907e-02	   4.2054213435509963e-01	   2.2423880546875294e-01	   2.2724090021947130e-01	   4.0387103587211665e-01	   2.9662887967631268e-01	   2.3112760598386162e-01	   5.1759900264630876e-01	   5.3970121220580591e-01	   4.4035408950168359e-01	   5.8143547493964798e-01	   3.4326990085569686e-01	   4.8687501634303376e-01	   1.2448700749452625e-02	   5.8466757232908928e-01	   7.1240375376063980e-01	   2.2339828707048268e-01	   4.2479837380950891e-01	   3.3320482865146223e-01	   6.1550641064349909e-01	   2.8475093958059666e-01	   5.1426534473532026e-01	   4.7121876821405501e-01	   3.7373093028759702e-01	   5.5899110535044860e-01	   5.1344257908718216e-01	   5.5270942090510866e-01	   5.0612117146906677e-01	   5.9401715787831078e-01	   1.1252667222777972e-01	   4.0473705647223401e-01	   3.2128714624757687e-01	   5.2696264746718091e-01	   1.4881509144688043e-01	   5.9649001750975961e-01	   1.5957449602333670e-01	   5.3489852407227712e-01	   3.5530515736305923e-01	   1.0118556225107983e-01	   4.0255671648296054e-01	   3.7071203537846720e-01	   6.5382655295334724e-01	   4.4859956584426119e-01	   1.7532780756955185e-01	   6.7268385964742561e-01	   2.2783494091381426e-01	   3.0884578350408842e-01	  -5.4942903125405049e-02	   6.7137414997724476e-01	
   2.8293154350034067e-01	   7.5811638189994712e-01	   3.5657897534384059e-01	   0.0000000000000000e+00	   6.0104500291649521e-01	   6.7969308217414293e-01	   1.8003244124312562e-01	   9.3192026688198237e-01	   5.9030004817788728e-01	   5.2709066718567921e-01	   2.0688226561790690e-01	   8.4308929354171225e-01	   1.6617461735487218e-01	   6.3079817050898890e-01	   4.8199399816688943e-01	   2.0131813373080482e-01	   3.5506112246857374e-01	   6.8396237566869211e-01	   5.5678286086508133e-01	   7.2330247841332773e-01	  -3.3875599381110499e-01	  -7.5870542643607791e-02	   6.6250547788132286e-01	   7.3817261338167095e-01	   3.4447468209639442e-01	   3.1653949442632101e-01	   4.3823373240273011e-01	   2.9467105009274486e-01	  -5.4753959554151757e-02	   3.7388817498970889e-01	   4.9008922147505968e-01	   5.6346989052907825e-01	   5.8004791330171956e-01	   6.8290281345588266e-01	   5.7181583968577432e-01	   7.1998167939120084e-01	  -2.8674811010351364e-01	   1.5094716413779111e-01	  -5.6750530940621963e-02	  -8.7242876343640557e-02	  -1.2603966663653027e-01	   2.2122134704785218e-01	   5.5068232598121591e-01	   4.8707655518480264e-01	   1.4861454669574686e-01	   4.4473975472960042e-01	   5.8855156383013763e-01	   5.0814915573447683e-01	   4.1907506127597999e-01	   4.7157382982886265e-01	   5.8764812309992531e-01	   3.8145288357584312e-01	   5.6717970024312470e-01	   4.5221101403040609e-01	   6.4721399748528619e-01	   4.2454380733218937e-02	   1.9084950073077836e-01	   6.5609730512275877e-01	   2.2294891114309029e-01	   5.3827212290293369e-01	   4.1931192764476910e-01	   6.0751226963867189e-01	   5.8446884223546292e-01	   6.1998150587979839e-01	   4.8580694719445072e-01	   5.8171216858979879e-01	   6.1371344145359652e-01	   6.4034918566574528e-01	   5.2113130810913755e-01	   4.6914317015865015e-01	   3.3778105997540231e-01	   2.1584386722424076e-01	   7.0659813567224039e-01	   5.8995696539587605e-01	   7.9057524104520527e-01	   3.6899969284166512e-01	   5.5569965965733259e-01	   4.1251585742266017e-01	  -1.9433192790460449e-01	   3.2133116772534537e-01	   2.8303380088698454e-01	   3.6754447595847672e-01	   2.0675332736690391e-01	   4.3713592564963366e-01	   5.0060460707157450e-01	   2.3244395411147029e-01	   3.5891459747125837e-01	  -1.7383268645510583e-01	   7.2966848083403113e-01	   4.9751653396750584e-02	
   5.1016543972871675e-01	   5.4081637836213603e-01	   5.4992595025702351e-01	   6.0104500291649521e-01	   0.0000000000000000e+00	   6.6712385493475257e-01	   5.8966189851037898e-01	   5.4809560152873271e-01	   5.7993506499229941e-01	   6.8906259468159248e-01	   3.7162546976436689e-01	   5.7840583767283560e-01	   5.1903219428249681e-01	   6.5390626246869554e-01	   7.1710554842048446e-01	   5.6261015903310951e-01	   4.4015027265547851e-01	   5.3632161713923088e-01	   6.3122947073926516e-01	   5.4276075164743243e-01	   1.4571964692890430e-01	   1.9815231340100789e-01	   7.5989232051548816e-01	   7.3550973112954421e-01	   4.9400351646027585e-01	   4.9705084925177578e-01	   6.0779064242866809e-01	   4.6794506979240497e-01	   2.5934838937714855e-01	   3.5232447576013642e-01	   4.4282066030217382e-01	   4.6356489840579590e-01	   4.9494539068735527e-01	   4.9019800178630857e-01	   5.8783819201934839e-01	   6.1438582387168938e-01	   2.3596577721692663e-01	   3.0757556820686172e-01	   3.4164370375393921e-01	   3.3426625048700648e-01	   1.6409074706835369e-01	   3.4994490920884813e-01	   5.1533444116989990e-01	   4.6951179292097012e-01	   4.6203202904270074e-01	   4.6975801783687171e-01	   5.2124538275082688e-01	   5.0844108143972788e-01	   5.2440359330454278e-01	   6.2871191588497510e-01	   5.6560460052692729e-01	   5.7150758330903073e-01	   4.1704206061517429e-01	   4.6782473885925618e-01	   4.3280785811242334e-01	   3.1643423345031257e-01	   3.5414085450267241e-01	   4.4022328994677007e-01	   4.3878602568496089e-01	   4.7443065116224581e-01	   6.2697144586732456e-01	   5.7296345339867261e-01	   6.2912163285807199e-01	   5.9239944233359265e-01	   6.9201687818525670e-01	   7.0040097555245973e-01	   5.2531919369913793e-01	   5.4213502896643162e-01	   3.3959216250733615e-01	   4.2267891762738607e-01	   3.4978140054018375e-01	   2.2274792770345811e-01	   4.5627853822554076e-01	   4.8384927114901038e-01	   4.7877546384889491e-01	   4.4456491020981259e-01	   4.9171934147113439e-01	   5.1316005430665435e-01	   2.1691971420872411e-01	   3.4429032034282453e-01	   3.9812362635912035e-01	   4.6905163798549776e-01	   5.2315243820356938e-01	   5.1687805765250983e-01	   5.1965899283543282e-01	   5.3640397701800291e-01	   4.6519063576298059e-01	   1.6651597892049000e-01	   4.4525087227739346e-01	   4.0226774930084203e-01	
   7.0926625921889308e-01	   7.4315564892927277e-01	   7.3036370460335653e-01	   6.7969308217414293e-01	   6.6712385493475257e-01	   0.0000000000000000e+00	   5.6021396908346643e-01	   6.8760561093621175e-01	   8.3852632685763395e-01	   8.5204720176095416e-01	   5.0430964102655307e-01	   6.1899950332017883e-01	   4.8324523234831185e-01	   5.4131404677777339e-01	   5.2892750740881289e-01	   3.4758547310401455e-01	   6.5174131746676223e-01	   7.5548276087591226e-01	   7.3105503161549223e-01	   8.4290449303480464e-01	  -4.8872854623174936e-02	  -5.0022606431385563e-02	   8.4738608789727143e-01	   8.2791444455349361e-01	   7.4428856838585167e-01	   7.1334373221789504e-01	   3.8750727156182652e-01	   3.9030802948691667e-01	   1.7949075912669524e-01	   2.6693423286981388e-01	   5.3547594642152696e-01	   6.5074790474928612e-01	   7.0713764843235283e-01	   6.9796509377974247e-01	   5.8621231584875721e-01	   7.3093923641002367e-01	  -4.8137996251716633e-03	   1.9407073240604333e-01	   1.6974975730384449e-04	   2.0493542865426795e-01	  -1.1779441360436095e-01	   2.2206925577811093e-01	   6.9707951499842169e-01	   4.3691703364259393e-01	   3.6024101411940235e-01	   5.5752094153678611e-01	   6.3693245550069022e-01	   5.0296553700890700e-01	   6.5334997383002313e-01	   7.4334810932994333e-01	   7.3227266036161909e-01	   6.0229202460427056e-01	   6.8284129958023809e-01	   6.4711223861689504e-01	   4.8051163375479272e-01	   4.4536932613933311e-01	   6.7863671874158271e-01	   6.2039416461789743e-01	   5.9696724027874049e-01	   7.4478168932569178e-01	   7.3629265431081037e-01	   6.9253870171091980e-01	   6.9428930074040851e-01	   7.4454430480419342e-01	   5.6121719861275809e-01	   7.3842893642571539e-01	   7.6451728020181187e-01	   7.8305644414693021e-01	   6.9996929311205791e-01	   7.9157788527436468e-01	   3.0334808121302748e-01	   4.1807628364967131e-01	   5.5640500366054602e-01	   6.5540600736776200e-01	   5.0979878865397166e-01	   5.2290596994784444e-01	   5.1663910036003835e-01	   6.5080271705066683e-01	   2.0069917747584434e-01	   2.5912370781343452e-01	   5.1198120214200915e-01	   5.2462540344502173e-01	   6.2821009540003248e-01	   5.9795499735572333e-01	   5.6039817842491124e-01	   6.2559026364978487e-01	   5.4299758943286203e-01	   2.9654168059932201e-01	   5.2834349764514932e-01	   5.4194843304800877e-01	
   7.5930419044583020e-01	   2.9051166341156559e-01	   8.6194948686045336e-01	   1.8003244124312562e-01	   5.8966189851037898e-01	   5.6021396908346643e-01	   0.0000000000000000e+00	   1.4322520988446674e-01	   5.1998520498884182e-01	   7.4020575898252927e-01	   6.5208367107554532e-01	   2.4330617636537075e-01	   7.9027856386292350e-01	   4.6050795680568668e-01	   6.1173511182775231e-01	   6.8563000587934564e-01	   6.5527185599907889e-01	   4.3252062320800111e-01	   7.2416949308687673e-01	   5.2058039392955913e-01	   3.4798071580357276e-01	   1.4872031486619466e-01	   6.4896023661366009e-01	   5.4017512736971507e-01	   5.4793826723084937e-01	   5.9404777157942468e-01	   2.0902630663922567e-01	   3.8174410513987600e-01	   5.0951781027026566e-01	   4.8836089187299037e-02	   5.4281100338228827e-01	   5.2025401183541642e-01	   6.0905593621689003e-01	   4.9029022106344422e-01	   3.2743794817191946e-01	   4.5991201928520808e-01	   2.1700849549877496e-01	  -1.0857527022416222e-04	   1.5307164351661232e-01	   3.1660285683062755e-01	   9.6913643013674694e-02	   7.5078818228313873e-02	   3.8474147363923616e-01	   2.6581105210817563e-01	   3.0725520151547303e-01	   4.5133617369827866e-01	   2.6684146521631358e-01	   2.9156203756533616e-01	   5.0062669954748995e-01	   5.1697243763600398e-01	   4.1265283295534361e-01	   6.4291229512839942e-01	   2.9160783848840027e-01	   5.1576992798911026e-01	  -3.3647323851245442e-02	   7.3958592512736510e-01	   7.3907489544484173e-01	   2.1570521643305668e-01	   5.4671961255263568e-01	   2.9422078729299805e-01	   7.2170772924200577e-01	   3.1329532215147227e-01	   5.3749461343473115e-01	   4.9666135484839380e-01	   4.1359687668141421e-01	   6.3678553725779174e-01	   5.1265418577919741e-01	   5.5619911337927352e-01	   4.5930997665644135e-01	   4.8368863326194167e-01	   3.5936071983758935e-02	   2.8571281469908699e-01	   2.8130387322733041e-01	   4.9315058350519880e-01	   1.6557938387729204e-01	   7.0799091068467845e-01	   1.8319706940894837e-01	   5.8729978455455101e-01	   4.8929492541389497e-01	   1.3736288937510543e-01	   4.9177751202678149e-01	   4.3433504031636894e-01	   7.2913027296054733e-01	   4.1233319829305892e-01	   1.6710447679248991e-01	   7.3775410683057063e-01	   3.0015794011155145e-01	   3.9052075978804934e-01	  -8.6899840609084150e-02	   8.3219014159309790e-01	
   3.2943126782614668e-01	   8.0509905000286375e-01	   2.8752928632922692e-01	   9.3192026688198237e-01	   5.4809560152873271e-01	   6.8760561093621175e-01	   1.4322520988446674e-01	   0.0000000000000000e+00	   5.9928329692810201e-01	   5.1967337162172123e-01	   1.7001689580479695e-01	   8.7051412483532564e-01	   9.0094584548570736e-02	   6.4030436313475469e-01	   4.1083233729792679e-01	   1.1742456773406354e-01	   4.2458577461981656e-01	   7.5694290868974679e-01	   5.0900684314846689e-01	   7.3736493589308405e-01	  -2.6918647780622496e-01	  -3.8330807813250579e-02	   5.8792740009390376e-01	   6.7249499958950287e-01	   3.0780634099055409e-01	   3.1087969070263577e-01	   3.6100116073824018e-01	   2.8383651798997522e-01	   5.0549461866024506e-02	   4.9788959496556512e-01	   5.5898970406951975e-01	   6.1123637500999628e-01	   6.3553090794580092e-01	   7.2904472998070724e-01	   5.4751095439330322e-01	   6.9172576844043121e-01	  -2.2414037648960469e-01	   2.8709354636967599e-01	   3.9692694842992919e-02	   1.2490103349533510e-02	  -4.5134985764222424e-02	   3.3205914763034350e-01	   5.4254747984321239e-01	   4.7004511284103806e-01	   1.6898858815698861e-01	   4.7513142623104998e-01	   5.8627194553619022e-01	   5.0052703890648709e-01	   4.1767846457346941e-01	   4.7404834224783687e-01	   5.9567255776704786e-01	   3.1859512341322799e-01	   5.8526018271837610e-01	   4.4239600902551401e-01	   6.9785489852615656e-01	   4.0828269979292189e-02	   2.7291605968782862e-01	   7.2597653716789667e-01	   3.4694894222304568e-01	   6.6474622319707655e-01	   5.2197820307572407e-01	   7.5027038388087552e-01	   6.8348652384698361e-01	   7.1878483609412869e-01	   4.6521838997152715e-01	   6.5742653904743686e-01	   6.6022925307211788e-01	   6.6770871543566490e-01	   5.7732414898523821e-01	   5.3337691783996966e-01	   3.9059422816343986e-01	   2.3454118017068071e-01	   7.4779918882623475e-01	   6.2518584333508020e-01	   7.7269497135292942e-01	   3.3696631811483713e-01	   5.7909810506710346e-01	   4.3638484567303137e-01	  -4.8869443860401200e-02	   4.3174296093187636e-01	   4.4851848333037014e-01	   5.0769058829346503e-01	   2.9169790562946885e-01	   4.8721637827842967e-01	   5.8953188348059227e-01	   2.6618715103457152e-01	   4.7480752232038864e-01	  -4.0317507151071331e-02	   8.1306430277455011e-01	   5.6202648121685447e-02	
   5.1641591852285640e-01	   5.1901661647576469e-01	   7.1462671620823470e-01	   5.9030004817788728e-01	   5.7993506499229941e-01	   8.3852632685763395e-01	   5.1998520498884182e-01	   5.9928329692810201e-01	   0.0000000000000000e+00	   7.4732857023859212e-01	   6.3410484119124311e-01	   4.7199951702764520e-01	   6.0341606518417157e-01	   6.3143134608053830e-01	   5.3230030756675806e-01	   4.3055981546748456e-01	   7.1892586495607647e-01	   6.9888558878198914e-01	   5.7091187089148088e-01	   7.0101312238408586e-01	   2.0509659962207025e-01	   5.9540995437923232e-02	   6.9073129666423216e-01	   6.1392965152078494e-01	   7.6072605393773685e-01	   7.4918489763946938e-01	   1.4608610271830383e-01	   1.3474188420883662e-01	   3.9388274234812515e-01	   4.0914897447278670e-01	   5.9033124319109809e-01	   6.8632549073827986e-01	   6.8779365218210609e-01	   6.6676091744861654e-01	   4.8154972735854773e-01	   6.1137878349276709e-01	  -2.6963476067932805e-02	   2.1966080398567633e-01	  -9.1812790383718312e-02	   1.5228034233133247e-01	  -8.5273451793532851e-02	   2.3367377944987358e-01	   5.1376076561013928e-01	   3.2917754364827850e-01	   2.2790683459999217e-01	   4.2419114700427502e-01	   4.4919238763867930e-01	   3.4667495807364412e-01	   5.3182775245283009e-01	   5.7860814885795397e-01	   5.2997728195764016e-01	   4.9315411069647241e-01	   3.6606293346299101e-01	   3.7103894103023793e-01	   2.4538605462196814e-01	   3.1656335071330222e-01	   5.2813133738749285e-01	   3.9529146165918416e-01	   4.1498058093559465e-01	   5.8723815950067582e-01	   6.3425555655000021e-01	   5.6276556229009933e-01	   6.8655787798404333e-01	   6.2580494623629757e-01	   4.4945371705925519e-01	   6.5593357865588620e-01	   5.9042116540691936e-01	   6.0895785160458804e-01	   4.7632815445357440e-01	   5.9357967499514686e-01	   3.8069522037446263e-01	   5.6455832264581862e-01	   5.9723539798141556e-01	   7.0795347057624780e-01	   4.2916380129220988e-01	   4.9265851202875566e-01	   4.2989618514387806e-01	   5.8882998440977230e-01	   2.9683335939369582e-01	   2.3720116750274572e-01	   5.0965858938787112e-01	   4.8620015756455448e-01	   5.7647200806509946e-01	   6.0073209745359590e-01	   4.6283830412757221e-01	   5.6791051047188845e-01	   3.2397434377339329e-01	   2.3194720980872274e-01	   3.4334864859742142e-01	   3.4247728343948713e-01	
   7.9613945606396830e-01	   6.5035891662888834e-01	   7.2622841880985300e-01	   5.2709066718567921e-01	   6.8906259468159248e-01	   8.5204720176095416e-01	   7.4020575898252927e-01	   5.1967337162172123e-01	   7.4732857023859212e-01	   0.0000000000000000e+00	   6.3560580854538795e-01	   5.5188906109490188e-01	   6.8134379218947183e-01	   6.7303017406382093e-01	   6.9727113641702010e-01	   6.3046956195605031e-01	   7.1206917624803467e-01	   7.0903969170076730e-01	   8.4337216140415516e-01	   8.2252513089148627e-01	   3.8674935150351281e-02	   3.3246710547194018e-02	   8.0624383231798602e-01	   7.4841288076296142e-01	   6.5407777963596381e-01	   6.3269143455760646e-01	   4.1268186693095554e-01	   4.3809979460551784e-01	   3.0996339065072642e-01	   2.4653907171587436e-01	   5.7720312181966715e-01	   6.4385777940701083e-01	   7.4797193770989501e-01	   7.1907025033972605e-01	   6.2606343499694472e-01	   7.5930219360929807e-01	   7.4380914508085150e-02	   1.2609615943636185e-01	   1.7755552904010770e-02	   2.0734746977909191e-01	  -3.9239433573168732e-02	   1.9012675212402907e-01	   6.9652187563013102e-01	   5.0378595941050763e-01	   4.1457622057600224e-01	   6.1738310784994521e-01	   6.0465392269988461e-01	   5.7323832908889116e-01	   6.3506253285999614e-01	   7.0873940730341034e-01	   6.8310402079301857e-01	   6.8134866139731276e-01	   6.0293340308111720e-01	   6.9630609042882785e-01	   3.4509181248681431e-01	   6.5844691964920754e-01	   7.3861910410169085e-01	   5.5771159249655045e-01	   6.5738059551729366e-01	   6.9123384635204932e-01	   8.0477508801786657e-01	   6.6504563307921083e-01	   7.0510341973866730e-01	   7.6493218487682613e-01	   6.1065665967239235e-01	   8.1002839671152149e-01	   7.7780075071175747e-01	   8.2676996550538273e-01	   7.1906198659576959e-01	   7.9308327107707755e-01	   2.8690575506780042e-01	   3.5606270368247595e-01	   5.9075022309411518e-01	   6.9762017968928847e-01	   5.3743362827556473e-01	   7.1272205165453939e-01	   5.5201063750011536e-01	   7.5824783953812780e-01	   3.6198789921745933e-01	   2.4659223633008603e-01	   6.1899118391993913e-01	   6.1540662002693680e-01	   7.4552932239242964e-01	   6.2716493534937201e-01	   5.0013774127886157e-01	   7.2735967227570653e-01	   4.7777182895545289e-01	   3.2353469009573488e-01	   3.6390941936316168e-01	   6.8644849152081222e-01	
   6.3810522477614429e-01	   3.0893404381907241e-01	   6.6454157689199123e-01	   2.0688226561790690e-01	   3.7162546976436689e-01	   5.0430964102655307e-01	   6.5208367107554532e-01	   1.7001689580479695e-01	   6.3410484119124311e-01	   6.3560580854538795e-01	   0.0000000000000000e+00	   3.5777843246086877e-01	   8.8021829415559449e-01	   5.6780857661999140e-01	   6.8575311459466770e-01	   7.0158251237933078e-01	   7.3885835511249165e-01	   5.6865766112142113e-01	   6.5624312290659181e-01	   5.6023565743710624e-01	   3.9746386201485123e-01	   2.3149539000030131e-01	   5.6297520390456524e-01	   3.9197120552045972e-01	   7.1385386076214319e-01	   7.0364165688578839e-01	   1.8965525750797983e-02	   4.4073732241542145e-02	   6.4414789239552883e-01	   4.2526325165068213e-01	   6.0495087930773350e-01	   6.3544520814572647e-01	   6.5594888622851100e-01	   5.8007083156266215e-01	   3.5898917696883725e-01	   3.8345251063948665e-01	   1.3457344656566117e-01	   1.0936861416645934e-01	  -1.0694696244233481e-01	   1.6615315450939908e-01	   1.9968825426412422e-02	   2.2160724323878311e-01	   4.2562036064171560e-01	   3.7680204734955719e-01	   2.3232770699268906e-01	   4.6538508736980755e-01	   2.9406028085478758e-01	   2.9030464372130765e-01	   5.8574700424856285e-01	   5.1073301635289581e-01	   3.8846404352182706e-01	   5.2318734889855922e-01	   1.5303301844754952e-01	   3.3809211906126713e-01	  -1.0244876904950986e-01	   3.8872436700769486e-01	   5.3111044846704436e-01	   3.1331667999503121e-01	   4.0131604224323225e-01	   2.6671146237133114e-01	   5.5346186048298851e-01	   3.1695174608499876e-01	   5.1190460419627448e-01	   4.0945281396358840e-01	   3.6978129526445203e-01	   4.8132038276775513e-01	   3.7930305722215391e-01	   4.0896148531678467e-01	   3.7001011669330208e-01	   3.8659393172205914e-01	   2.5835577362838402e-01	   5.2309677071393101e-01	   3.8862967203424620e-01	   6.5412515493435663e-01	   2.2580691449703105e-01	   5.6946526611553616e-01	   1.9480487688654097e-01	   4.7603034204890265e-01	   5.1693988216745757e-01	   3.0078346127945688e-01	   4.9168897790958332e-01	   4.8029030104931081e-01	   7.1795900567518056e-01	   6.4972622387004197e-01	   3.8338070879115088e-01	   6.5773517729454412e-01	   2.6360126322697758e-01	   3.7363337673377894e-01	  -2.8672524241523206e-02	   4.6412011298598438e-01	
   4.6939538589947083e-01	   8.3736370334238208e-01	   2.8684586059194067e-01	   8.4308929354171225e-01	   5.7840583767283560e-01	   6.1899950332017883e-01	   2.4330617636537075e-01	   8.7051412483532564e-01	   4.7199951702764520e-01	   5.5188906109490188e-01	   3.5777843246086877e-01	   0.0000000000000000e+00	   2.9608446149449591e-01	   7.2034494082882361e-01	   6.2802790233943517e-01	   3.5201046502768718e-01	   5.1221907830156965e-01	   8.1293031173461638e-01	   6.3228204167785806e-01	   7.5509085169571555e-01	  -1.7132359607120357e-01	   1.6723098499282793e-01	   6.3310279942622116e-01	   6.8706438561388650e-01	   3.4163430290418556e-01	   3.5070830037278833e-01	   4.2883548007077127e-01	   3.1310124199259520e-01	   2.0048543225550242e-01	   5.9766901226138702e-01	   5.9670924993366059e-01	   6.1854408541937111e-01	   6.8093720722751316e-01	   7.6983615596711119e-01	   6.0359128403816265e-01	   6.7598701445143550e-01	  -5.7647283240091093e-02	   3.6075016747662653e-01	   1.8728435329971510e-01	   1.1938741530479169e-01	   1.1757305474549076e-01	   4.2565545175349240e-01	   6.7831113159160328e-01	   6.6992335551904292e-01	   3.5216343362968894e-01	   6.3482943022231475e-01	   7.0830516915423847e-01	   6.7523744836997612e-01	   6.0437670617277206e-01	   6.2802796576509978e-01	   7.1911995984239541e-01	   5.0710479807738840e-01	   6.5603817059451763e-01	   5.8409908996093107e-01	   7.2774108382306557e-01	   1.7036845625389282e-01	   3.3489349660796408e-01	   8.2005365587667367e-01	   4.0370642008619495e-01	   5.9441665449871706e-01	   5.7745086170092730e-01	   7.4323772862135140e-01	   6.9118062624776211e-01	   7.2689457548428482e-01	   5.1866150270678057e-01	   6.4573083656996144e-01	   6.4071531936643356e-01	   6.5807881796288581e-01	   6.1671767009266742e-01	   4.9896130999352489e-01	   3.9636550688229810e-01	   2.2022564832287705e-01	   7.4064522252399478e-01	   6.5919797265647073e-01	   7.8229008521000010e-01	   4.3765736812702061e-01	   5.5888424107351331e-01	   4.1911649943158469e-01	   8.3120465702384544e-02	   5.9303595161725142e-01	   5.1458021490134698e-01	   6.3796368530153069e-01	   4.4407596052406395e-01	   6.5649303957886918e-01	   7.0063500450201788e-01	   4.5257368514219598e-01	   5.8230585294327120e-01	   8.8011395157012048e-02	   7.2897423089223812e-01	   2.1261639604025434e-01	
   6.1521284639052642e-01	   2.1176725820056361e-01	   7.3877227867990147e-01	   1.6617461735487218e-01	   5.1903219428249681e-01	   4.8324523234831185e-01	   7.9027856386292350e-01	   9.0094584548570736e-02	   6.0341606518417157e-01	   6.8134379218947183e-01	   8.8021829415559449e-01	   2.9608446149449591e-01	   0.0000000000000000e+00	   6.4497312863211498e-01	   7.7347697473704458e-01	   8.5259853606873082e-01	   7.0629374070762119e-01	   4.6391137715153696e-01	   6.4792963977683060e-01	   4.7450054195742819e-01	   4.2967868223498162e-01	   3.2099847796623038e-01	   5.9529183260464680e-01	   4.4063759646209666e-01	   6.5499444761193149e-01	   6.8397812294702631e-01	   1.0603568090557539e-01	   1.1091328767993511e-01	   6.1821856406118081e-01	   3.2876899766990186e-01	   5.5076694602484966e-01	   5.3423501798084816e-01	   5.7992570508225916e-01	   5.0789035787708936e-01	   3.8146722623521800e-01	   3.8328386625784105e-01	   2.3266610450734124e-01	   1.1320721956219845e-01	   4.7863767828092839e-02	   2.3806729673860949e-01	   1.3519522484922683e-01	   1.8796884579520595e-01	   3.9065159363908752e-01	   3.6482288115651174e-01	   3.4107354503217580e-01	   4.3618242599607204e-01	   2.8878065130388991e-01	   3.1344617858703167e-01	   5.6624103301990725e-01	   5.2814814702732871e-01	   3.9122496258490713e-01	   6.4790252652017755e-01	   1.4583723927469616e-01	   3.8868835325933182e-01	  -1.1006501786435464e-01	   5.0981965440571353e-01	   5.1267576397825643e-01	   1.7482716487119332e-01	   3.7732438070520818e-01	   1.8054163426097602e-01	   5.5824682928750025e-01	   2.4092682798219101e-01	   4.3253734604035471e-01	   3.6809873944965066e-01	   4.0586501731967883e-01	   5.0493928592528436e-01	   3.6041756012770948e-01	   3.9838732435475321e-01	   3.0607166171616140e-01	   3.3193070504438471e-01	   3.2131315358263679e-01	   4.8634665319820924e-01	   3.6134488030343564e-01	   5.8048472801070039e-01	   2.1576957352977238e-01	   6.2467213387325948e-01	   2.4695483660406548e-01	   5.1043045120294028e-01	   5.3538885436796280e-01	   2.3760144708261027e-01	   4.5474123436848340e-01	   4.6175921663186920e-01	   6.9935441985841384e-01	   6.3704817522887458e-01	   2.7410440206261272e-01	   6.8565877712479595e-01	   1.8366893684059699e-01	   3.4471164293969936e-01	  -1.3983246202203431e-01	   5.6306450833669175e-01	
   4.2300833273338967e-01	   5.4684115403103351e-01	   4.6169171452076513e-01	   6.3079817050898890e-01	   6.5390626246869554e-01	   5.4131404677777339e-01	   4.6050795680568668e-01	   6.4030436313475469e-01	   6.3143134608053830e-01	   6.7303017406382093e-01	   5.6780857661999140e-01	   7.2034494082882361e-01	   6.4497312863211498e-01	   0.0000000000000000e+00	   7.7739388168137502e-01	   7.3130217055852476e-01	   6.4670347657342386e-01	   7.2574045233802742e-01	   6.1316537831132800e-01	   6.4701198513067515e-01	   1.1653705345518564e-01	   3.3241299813728103e-01	   6.1332085209571652e-01	   6.0402350907432578e-01	   4.1800985868857310e-01	   4.6698672490233850e-01	   3.3029534504996227e-01	   1.9609665728902420e-01	   4.3346079815688843e-01	   6.1868098139371897e-01	   6.9485728969035532e-01	   6.6508153903714462e-01	   7.1322794666151679e-01	   7.6008881175743537e-01	   5.3966971527964891e-01	   5.9254190269180862e-01	   3.1888430690277789e-02	   3.2968162957126329e-01	   1.1755239810731444e-01	   1.0432949476935771e-01	   1.6600290476959623e-01	   3.9364624227069733e-01	   5.7268358327894875e-01	   6.2009858744129709e-01	   3.5575566531271319e-01	   5.7885852635906065e-01	   5.6285887728336537e-01	   5.7678014175417003e-01	   5.7212230990839286e-01	   5.7539028158983596e-01	   5.6117611201015838e-01	   5.4901532025147293e-01	   3.4951871566151860e-01	   4.3107080401939224e-01	   3.8508940098639066e-01	   2.9281983273462231e-01	   3.2592452130166966e-01	   5.0339908103182029e-01	   3.1882910191087133e-01	   4.5671240508156141e-01	   5.6883897453422394e-01	   5.9344598570906260e-01	   6.5514235008397126e-01	   6.6404354402003929e-01	   4.8694063439602708e-01	   6.5110780866821438e-01	   5.4511721832986726e-01	   5.8072144731391528e-01	   4.3426490280054758e-01	   4.4300277798735677e-01	   5.2235457981368272e-01	   3.3502634557646627e-01	   7.0388389723038181e-01	   7.1183469422587087e-01	   6.3596540313891126e-01	   5.2765682931307634e-01	   5.7911610146723536e-01	   5.4877437175531196e-01	   2.8666706807740905e-01	   4.5135642390210906e-01	   5.5303681228989499e-01	   6.7406300529426266e-01	   5.1344705901483056e-01	   7.3631901048423787e-01	   5.5260360217497806e-01	   5.2642039686336961e-01	   2.7924203271037618e-01	   7.6104771333186855e-02	   3.7731508494919963e-01	   2.1112866840598515e-01	
   5.9106223597754959e-01	   5.1810415406303090e-01	   5.3207519099535394e-01	   4.8199399816688943e-01	   7.1710554842048446e-01	   5.2892750740881289e-01	   6.1173511182775231e-01	   4.1083233729792679e-01	   5.3230030756675806e-01	   6.9727113641702010e-01	   6.8575311459466770e-01	   6.2802790233943517e-01	   7.7347697473704458e-01	   7.7739388168137502e-01	   0.0000000000000000e+00	   8.5838442678417559e-01	   6.2535427726750981e-01	   6.2101788346988507e-01	   7.8827565294790714e-01	   6.1801413760917723e-01	   2.0207945969098606e-01	   3.3334786562476665e-01	   7.4629257712078556e-01	   6.5289536488089950e-01	   4.8587323134926924e-01	   4.8853152734282468e-01	   4.6314583224470396e-01	   3.6693643277094345e-01	   4.4844880587505848e-01	   5.1887404685103955e-01	   5.6938669812466902e-01	   5.5624469945550603e-01	   5.8762414472285607e-01	   5.8304737506864246e-01	   6.1315433587242696e-01	   5.9832909946560142e-01	   2.4633463845609410e-01	   2.3407670581684029e-01	   1.9914178571747901e-01	   2.5599419613860097e-01	   1.5903191658255472e-01	   3.0350023734221399e-01	   5.3967039357772151e-01	   5.4841570524552474e-01	   4.2614112534350640e-01	   5.2261281798468817e-01	   5.2087195344443471e-01	   5.5582518795318570e-01	   6.1670367024548367e-01	   6.3345768263825830e-01	   5.9080128117592823e-01	   7.0146868554131792e-01	   3.8108576065748795e-01	   5.0469732080939989e-01	   3.0239941740568060e-01	   4.0026819850297352e-01	   4.0496196598624834e-01	   4.6387878945230665e-01	   4.5345414776050991e-01	   4.0537782386229299e-01	   5.8384211736062785e-01	   4.8224071673228852e-01	   5.8732605912238234e-01	   5.7175290925921363e-01	   6.7439232780157976e-01	   6.3481584733899099e-01	   5.3132119302353165e-01	   5.7121072744837853e-01	   4.3286010610905223e-01	   4.1279045765379585e-01	   4.5736187627325436e-01	   3.0824447171199648e-01	   5.9886537209925539e-01	   6.6226992574475174e-01	   5.6526148003230969e-01	   5.6329985797290849e-01	   5.7892663141744383e-01	   6.3392921113418987e-01	   3.8022618407787745e-01	   4.4357303088322375e-01	   5.2558674479363587e-01	   5.9711986480891244e-01	   6.7554679648721405e-01	   7.4524728270975238e-01	   5.3647076782578496e-01	   6.6194184449643878e-01	   3.9795415915622123e-01	   2.2015912678339161e-01	   2.9094184831255088e-01	   4.3901859963341711e-01	
   4.9241688905797532e-01	   2.0041536761043266e-01	   5.8569414023561317e-01	   2.0131813373080482e-01	   5.6261015903310951e-01	   3.4758547310401455e-01	   6.8563000587934564e-01	   1.1742456773406354e-01	   4.3055981546748456e-01	   6.3046956195605031e-01	   7.0158251237933078e-01	   3.5201046502768718e-01	   8.5259853606873082e-01	   7.3130217055852476e-01	   8.5838442678417559e-01	   0.0000000000000000e+00	   6.1597692574500051e-01	   4.3601959640710852e-01	   6.2891459979104680e-01	   4.3915107275581361e-01	   3.9341528857716790e-01	   3.8530693601529320e-01	   5.5491775313281499e-01	   4.5655733018737493e-01	   4.8127869986940019e-01	   5.0413372004713508e-01	   3.1298103320526849e-01	   2.6524751057695739e-01	   5.9260359289692210e-01	   4.0579344134356188e-01	   5.8748628678855952e-01	   5.4195571575598256e-01	   5.3279049307994475e-01	   4.8331771510280142e-01	   4.2725569279512066e-01	   4.1495208646847453e-01	   2.6995591100273147e-01	   1.8469540388238184e-01	   1.5328052207699469e-01	   2.5433784689542593e-01	   2.1866677389580025e-01	   2.6305787874127373e-01	   4.0059003172495289e-01	   4.5719322288664893e-01	   3.6106673774529019e-01	   4.5845406105455450e-01	   3.3750596699292329e-01	   3.9759106990303233e-01	   5.0321976334601570e-01	   4.7324366476988317e-01	   3.7143188193791876e-01	   5.7959438423441667e-01	   1.1060492068328670e-01	   3.1822123533933011e-01	   2.5824587677390820e-02	   5.0734843151398445e-01	   3.8090958553171811e-01	   1.7603967310155222e-01	   3.0311585433219845e-01	   1.7221764412985141e-01	   4.5712528829428345e-01	   2.4732158334749640e-01	   4.3681380852531437e-01	   3.9533816008062272e-01	   4.9945750015423174e-01	   5.0422618759129478e-01	   3.3170644769788793e-01	   3.9586449012388714e-01	   2.6459380930599558e-01	   3.0152748137242524e-01	   3.3621857008196576e-01	   3.1941529067966967e-01	   4.1128371840326211e-01	   5.4522124851637055e-01	   3.0370596451962117e-01	   5.6210959729526566e-01	   3.2930655058711955e-01	   5.1442591715500963e-01	   4.7598253500855492e-01	   2.7373099499110753e-01	   4.3877331656714624e-01	   5.1908558517560000e-01	   6.3586507707248974e-01	   6.6097735031072125e-01	   2.8865902993149756e-01	   6.3417166857858520e-01	   1.5058963076058640e-01	   2.7925485219369273e-01	  -8.7014787181818903e-02	   4.6446041094984697e-01	
   7.4996394832364932e-01	   5.4145996067601310e-01	   6.6547189466991086e-01	   3.5506112246857374e-01	   4.4015027265547851e-01	   6.5174131746676223e-01	   6.5527185599907889e-01	   4.2458577461981656e-01	   7.1892586495607647e-01	   7.1206917624803467e-01	   7.3885835511249165e-01	   5.1221907830156965e-01	   7.0629374070762119e-01	   6.4670347657342386e-01	   6.2535427726750981e-01	   6.1597692574500051e-01	   0.0000000000000000e+00	   7.8486386407939412e-01	   6.9745859128908261e-01	   7.0636437933543506e-01	   3.4604806164888402e-01	   3.0101142983515200e-01	   5.8714536232483072e-01	   4.5881546268212969e-01	   6.0758112962137090e-01	   6.1589706380618858e-01	   7.4450403810928892e-02	   1.5685685906600394e-01	   6.7303078709819131e-01	   4.9465281142468703e-01	   6.5875536443800431e-01	   6.6503242465874701e-01	   8.2701569375465034e-01	   7.7105484413709990e-01	   5.0415052235018898e-01	   5.7595129188666339e-01	   6.4888543625091111e-02	   2.1812456046547418e-01	  -1.1739910777582227e-02	   2.1685439642365600e-01	   2.1026786157692400e-02	   2.4783132603454419e-01	   6.1694828639985033e-01	   5.6273792598154571e-01	   3.1593686872397070e-01	   6.5207513593605970e-01	   5.4722021420054179e-01	   5.0256597158941962e-01	   6.9430453826837046e-01	   6.7685907810305568e-01	   6.3107301304517793e-01	   6.2662675163536141e-01	   4.0520619703882776e-01	   5.3019120881330606e-01	   2.3471992639831393e-01	   6.1482960949565957e-01	   7.4600659485929366e-01	   5.2703577919345090e-01	   6.0551073041594716e-01	   5.5839332696953292e-01	   7.8554954156893619e-01	   6.0587216010038292e-01	   7.9069381382633031e-01	   6.9720802000279281e-01	   3.4737774616379824e-01	   6.9531993767134348e-01	   6.1982074862630554e-01	   6.4930356433849634e-01	   5.9152498724259273e-01	   5.4971764548186575e-01	   3.9354513660047979e-01	   5.2115805382977642e-01	   6.2104209639663477e-01	   7.8918156135335549e-01	   4.0866402417743286e-01	   6.5161821110284124e-01	   4.2876987293144581e-01	   6.5147267372656026e-01	   6.4924595400839158e-01	   4.7256057691543985e-01	   7.8575618714146311e-01	   7.3959448731216715e-01	   7.7957196029634213e-01	   6.8192839968304864e-01	   5.2105935698629358e-01	   7.4618787867322189e-01	   3.8600519014046780e-01	   3.7874331740126327e-01	   1.9747210242881946e-01	   5.7497636902081972e-01	
