   0.0000000000000000e+00	   7.7015694320973771e-01	   4.4417408565333394e-01	   5.9873351258189988e-01	   2.1966087652619359e-01	   3.4027965643302099e-01	   4.4104749887739786e-01	   6.7651360543366290e-01	   4.2155536812772765e-01	   4.2625070077288141e-01	   5.8587580298019493e-01	   5.7950851776220247e-01	   4.2446103007422809e-01	   4.8677035478864161e-01	   1.6350014605300162e-01	   5.2256000256495416e-01	   2.7737706520027949e-01	   1.1065067667130876e-01	   7.8269715824317088e-01	   7.8972751312604883e-01	  -1.5322657594337799e-01	   8.7150150996604170e-02	   4.9478232534984945e-01	   3.5196610385214039e-01	   2.2844355894681997e-01	   5.7631624021607847e-02	  -5.6634643273665519e-02	   1.0864873122324994e-01	  -9.4278028104765432e-02	   1.7189568941123536e-02	   6.8161956301403792e-01	   5.7934518110436994e-01	   7.4091406808200755e-01	   7.9874657541813754e-01	   5.0919138638609773e-01	   5.3529068557172921e-01	   5.7061743191948434e-02	   5.1545957085712057e-01	   3.1135523124350750e-01	   2.3878891655475373e-01	   8.8333411997737366e-02	   3.8794095167369630e-01	   3.6768377833463800e-01	   3.3715268341173721e-01	   3.4520354689911181e-01	   5.1071719611812094e-01	   3.8142455346780213e-01	   4.1225585063658199e-01	   3.7806900795259979e-01	   6.5596936346641344e-01	   5.3929023276966637e-01	   5.8323807881222745e-01	   6.2709482858620624e-01	   5.9944986625780139e-01	   5.8511433894225184e-01	   7.1493486594710531e-01	   8.4394464985546591e-01	   6.4826242015751379e-01	   7.0158308226837240e-01	   6.0718526879097756e-01	   7.1364673813548296e-01	   7.4776093322374593e-01	   1.7034739849765773e-01	   4.2808526328982216e-01	   2.3956630235559484e-01	   4.1414833886047753e-01	   4.6533164119099957e-01	   5.6968701319221415e-01	   7.0475520656488699e-01	   5.4077746712829089e-01	   3.1163405674927391e-01	   2.3444701463323908e-01	   5.6359856341269099e-01	   5.6940166021675587e-01	   5.5121423706533712e-01	   6.1711187052682714e-01	   7.2349124070666571e-01	   7.0473972636633686e-01	  -3.0171018111999731e-01	  -3.5399760063881880e-01	   1.5668889314420748e-01	   1.7916658052901310e-01	   3.8006121243251945e-01	   1.9531652534153249e-01	   3.4016338689249870e-01	   3.1825816135062213e-01	   2.3334758246773063e-01	   3.9457077110432648e-01	   5.3822656139682523e-01	   6.2209548379963853e-01	
   7.7015694320973771e-01	   0.0000000000000000e+00	   2.1086383029388089e-01	   4.1354622357296450e-01	   3.2703543060714596e-01	   2.3238031745038448e-01	   5.0644552003101757e-02	   5.2828807715341020e-01	   3.0865446707467104e-01	   1.4925308369911061e-01	   3.4952831252719635e-01	   5.8048976889398807e-01	   3.0483470358806136e-02	   4.9241201963382386e-01	   8.7277544430623744e-02	   2.5927322598541996e-01	   4.7169400078062140e-01	   3.9750500484647489e-01	   7.5100647614138882e-01	   8.4709661323615371e-01	  -8.8750207720772217e-02	   4.6918848534882535e-03	   1.8783691977449851e-01	   1.1267205039615413e-01	   1.0503279232663998e-01	   1.4038446784561157e-02	   4.6206817796457592e-02	   1.7787517276330125e-01	  -3.5387605015267068e-02	   2.7351799054962789e-01	   7.2636233926098259e-01	   6.4996185965238085e-01	   7.4926761309050971e-01	   8.1549597163129528e-01	   4.5207376493663542e-01	   4.5231698082664551e-01	  -9.3857833388775874e-02	   4.6647623288247303e-01	   2.0022686892369312e-01	   1.6669381801803437e-01	  -2.5851543395108513e-02	   3.6503014173211901e-01	   3.9351230314047175e-01	   3.7078834376466435e-01	   3.5362936257702754e-01	   5.1906994980221499e-01	   4.1371057807174649e-01	   4.1130326131167783e-01	   4.3321831988323461e-01	   6.7282286205847996e-01	   5.2568294516783365e-01	   4.3456689348181443e-01	   6.0615924536768906e-01	   4.8820606471382461e-01	   6.3973555565617923e-01	   6.5102160648898599e-01	   8.6363107030004060e-01	   9.2390778566010501e-01	   8.0630526319615914e-01	   8.8819014337228275e-01	   5.7524385543897028e-01	   6.5329650511540982e-01	   3.3577478863235788e-01	   5.6811773611330496e-01	  -3.7384798194968752e-03	   1.1505422146092041e-01	   5.3246172499008160e-01	   5.4922617689086939e-01	   8.4217570005465492e-01	   7.1262688656860274e-01	   1.9081685098251647e-01	   9.9820093477742733e-02	   5.7883345242411277e-01	   5.9050630026482898e-01	   4.4704389567551095e-01	   7.1468927937763904e-01	   5.6115692073441958e-01	   5.3683733206053263e-01	  -1.9586230355970824e-01	  -2.3444048966136888e-01	   3.4155643064837937e-01	   3.2035447936340999e-01	   4.1514346296435173e-01	   2.6043918496404833e-01	   2.9125757592475943e-01	   1.3659414913949955e-01	   1.7772408476628915e-01	   2.0885350859032112e-01	   6.2481127285533833e-01	   2.7601743900941911e-01	
   4.4417408565333394e-01	   2.1086383029388089e-01	   0.0000000000000000e+00	   9.0682422817973429e-01	   1.5019370826897407e-01	   4.8040706531802235e-01	   8.7121889544333164e-01	   7.4544656401448406e-01	   2.3572373494483156e-01	   4.4201721480691392e-01	   7.6799116959965186e-01	   1.0291857566172383e-01	   5.4729728542224887e-01	   3.5434891325800011e-01	   3.5569101199713155e-01	   3.2712564907870517e-01	   1.4843074694580335e-01	   1.1484722460101609e-02	   6.0764430148315762e-01	   4.5025849116456862e-01	   2.7530728472195759e-01	   5.7905637396385246e-01	   9.1598603159909986e-01	   8.5061841016422091e-01	   8.3893030032082150e-01	   7.1360271854191004e-01	   1.8767063257929673e-01	   3.1300701965034994e-01	   2.7491614994665969e-01	   1.8716777636874674e-01	   3.5979384374697376e-01	   4.5882236396802234e-01	   4.7347105150778185e-01	   4.1792491781272245e-01	   6.3530416272008039e-01	   6.5339153513720971e-01	   4.1949329650855960e-01	   6.3078333864161873e-01	   4.6256580294330457e-01	   3.7532553890940379e-01	   1.9293103480954105e-01	   4.9165811748833554e-01	   6.9713269533763134e-01	   6.8505272804931472e-01	   6.4700581455891348e-01	   4.7426662008454568e-01	   6.2140705575972932e-01	   7.1036010638538971e-01	   6.4365571186432669e-01	   5.3569547563938358e-01	   7.8493359899079995e-01	   6.2428429807558050e-01	   6.7570699447628180e-01	   6.5071101273136700e-01	   5.8025219688726337e-01	   5.6154768401418786e-01	   3.0676222565697203e-01	   8.6581458824405128e-02	   3.4681634246792670e-01	   8.3229190841749359e-02	   4.4685735504205076e-01	   2.0771797529111513e-01	   1.4773538477127840e-01	   5.7072351476069150e-02	   5.4635273021135800e-01	   4.7886495212113039e-01	   6.9197780545614040e-01	   7.5241148773103839e-01	   3.1620445243603928e-01	   3.4386645019146878e-01	   5.3842776938821735e-01	   6.4185894058832793e-01	   2.8040126221177020e-01	   4.0028997849973080e-01	   3.9197100426996900e-01	   1.4886984554537719e-01	   6.6856231417175804e-01	   5.8239824569992782e-01	   1.0678319548818263e-01	   1.6904686822494856e-02	   2.9740811422678293e-01	   2.9466493004864702e-01	   4.7302324018520814e-01	   3.5101772665322889e-01	   6.8672861724327605e-01	   7.3923502829035548e-01	   4.6358150338896731e-01	   5.4051995549994636e-01	   5.4575591413431801e-01	   8.4437680000362514e-01	
   5.9873351258189988e-01	   4.1354622357296450e-01	   9.0682422817973429e-01	   0.0000000000000000e+00	   2.6188812992307325e-01	   5.2923517945619836e-01	   7.6252432535753378e-01	   8.2777111235409839e-01	   3.3504635067475169e-01	   4.9777044988364283e-01	   8.1501197351663024e-01	   3.3552737637862656e-01	   5.3709839556735328e-01	   5.3221055303494591e-01	   4.5163183453304900e-01	   4.8619105497877113e-01	   3.1024185521764147e-01	   1.7154702402898425e-01	   7.3550608760361613e-01	   6.2839542142908433e-01	   2.9819153593098269e-01	   5.2434370461637436e-01	   8.7301187070570807e-01	   8.1962294699567084e-01	   7.8080907685458056e-01	   7.0049335335471175e-01	   2.9126228992139702e-01	   4.1423769777656916e-01	   3.1768873497232974e-01	   3.1925773973773386e-01	   5.2205650043658147e-01	   6.0944518308012219e-01	   5.7230076692075260e-01	   5.8383927003431479e-01	   6.6103214546723033e-01	   6.6324018916608041e-01	   3.3321721111382607e-01	   6.3648826451686857e-01	   4.3638912186712658e-01	   3.4570441746518726e-01	   1.6304677962684999e-01	   5.6970866487405702e-01	   7.4319504632841982e-01	   7.3839458002872727e-01	   6.6187304273612813e-01	   5.4342679540668837e-01	   6.4618208761814189e-01	   7.5196471234546958e-01	   6.9129757011917237e-01	   6.6804421283386051e-01	   8.5027903914195901e-01	   7.3179280668686131e-01	   7.4735822293406662e-01	   7.2364703758120097e-01	   6.2089144464150192e-01	   6.3469505211836053e-01	   4.8987165180081660e-01	   3.0728950590637216e-01	   5.0211220652218203e-01	   2.7908581170547436e-01	   5.7652226212597446e-01	   3.9450365741277021e-01	   2.3356523564762524e-01	   2.6518158811303205e-01	   5.5102895367530524e-01	   5.7971296159114383e-01	   7.4158356937472991e-01	   8.4093457996289034e-01	   4.7706174538471691e-01	   4.7394106416483767e-01	   5.9561915650098807e-01	   5.7080897528625107e-01	   4.1981306588799389e-01	   5.7865477549132871e-01	   4.3202886639023236e-01	   3.2830185055391120e-01	   8.1250872479706737e-01	   7.5870069599667533e-01	   1.3169337095142619e-01	   4.2694584908901684e-02	   4.1923624302106260e-01	   4.1762976409306862e-01	   5.9616006141719113e-01	   4.6645834560337573e-01	   7.8773881129726853e-01	   8.0814733709036024e-01	   5.4504729122397677e-01	   5.7791433976324869e-01	   6.6639290471114798e-01	   8.5762445341012994e-01	
   2.1966087652619359e-01	   3.2703543060714596e-01	   1.5019370826897407e-01	   2.6188812992307325e-01	   0.0000000000000000e+00	   6.8762108045058790e-01	  -2.4263708400527519e-03	   4.1909780879269787e-01	   6.9969070560948965e-01	   6.0940274590376342e-01	   1.2672060305331370e-01	   4.5582361676577576e-01	   1.5281709763032181e-01	   4.7437924692323574e-01	   5.3015462503954225e-01	   3.5685111881804082e-01	   4.5895168704018796e-01	   4.4680354108736575e-01	   2.8320646813120148e-01	   2.9216162598582540e-01	   2.5446176242958579e-01	  -5.7653592653830465e-02	   9.1727468554862357e-02	   9.8241302369367373e-02	   3.2733174858342867e-01	   3.1255608712229854e-01	   6.2385515317694962e-01	   5.6039111820034770e-01	   2.7131870873561198e-01	   4.2223085876785188e-01	   2.7155198700830929e-01	   2.1887342944789190e-01	   3.2582637012075244e-01	   3.7053450105694458e-01	   3.3601210030643591e-01	   2.6907376101548924e-01	  -1.3798425152608740e-01	   1.7287573858622840e-01	  -2.0129867984873401e-01	  -2.2813169333852687e-01	  -2.9105012615985992e-01	  -4.6510801980087051e-03	   4.3396077078639150e-01	   4.2381325570066508e-01	   5.1803730833778006e-01	   5.5130367354162102e-01	   1.1872911771918088e-01	   1.9342004395876289e-01	   4.4926904349491531e-01	   3.0858944053446125e-01	   3.6916131535068292e-01	   2.5824715190115122e-01	   1.1261730395364558e-01	   9.1074907839286012e-02	   8.9152364865053624e-02	   2.0566087207762984e-01	   2.4212987379383524e-01	   3.4316433994576495e-01	   4.3362859181590385e-01	   3.6556661923501610e-01	   4.9147556883238519e-01	   4.8507530335177729e-01	   5.1254775398398755e-01	   6.3664973723460572e-01	   5.0820894065272793e-01	   3.5251211153241557e-01	   4.1823196294855891e-01	   3.5910948924861180e-01	   3.4877161440713911e-01	   3.3239380199985258e-01	   2.2414513491614058e-01	   1.4650975249657999e-01	   2.4706561597332710e-01	   4.0967262452012798e-01	   3.0808464456487955e-01	   5.1908589946538863e-01	   2.5579936976915468e-01	   2.5133868905098322e-01	   3.2366818498141914e-01	   3.0816122956621733e-01	   5.2238976112251401e-01	   4.7607091426767056e-01	   3.1888318314099212e-01	   2.6036813982392215e-01	   3.9431535569646381e-01	   2.2775668059384008e-01	   3.3817261560586831e-01	   4.3593497471299009e-02	   4.0321411995887158e-01	   1.0858352622381828e-01	
   3.4027965643302099e-01	   2.3238031745038448e-01	   4.8040706531802235e-01	   5.2923517945619836e-01	   6.8762108045058790e-01	   0.0000000000000000e+00	   3.1822096853553283e-01	   6.2497201119556567e-01	   6.1360356308004327e-01	   8.0839511724584245e-01	   3.6291104888322828e-01	   4.0124959457685971e-01	   3.4167762880293262e-01	   4.2462611651497240e-01	   5.5660453484508909e-01	   5.3816659229978314e-01	   3.0982446078474674e-01	   2.6674962850327472e-01	   3.5732938581174584e-01	   2.8579343471861274e-01	   3.9479248129326561e-01	   1.6565577642059537e-01	   4.3656262735693907e-01	   4.3200674390135940e-01	   6.3538782143285066e-01	   5.7513384115981769e-01	   6.3972518819791047e-01	   6.5380110062802499e-01	   2.9381159431305598e-01	   3.3987736398402679e-01	   3.1354362110999245e-01	   3.1104902798582590e-01	   3.1432957640611620e-01	   3.5605817066937995e-01	   4.8020881868397391e-01	   5.2579257421858017e-01	  -9.1398702905021384e-04	   2.9316052910666801e-01	  -2.6203171665200080e-02	  -7.1435979237267078e-02	  -2.0946580073064613e-01	   3.4414767294153187e-02	   4.3596256620033474e-01	   4.4977391283647300e-01	   4.6298524182506040e-01	   4.5038252089260589e-01	   1.6316618280997247e-01	   3.1163187196650005e-01	   4.1320060018481541e-01	   3.1921167361791586e-01	   4.9434882513573231e-01	   4.0803401408699430e-01	   2.7615947564746951e-01	   2.4479761485834461e-01	   2.6798506909193165e-01	   2.8698099256247878e-01	   2.5547124279872835e-01	   2.4692465071848030e-01	   4.4753633708812524e-01	   2.3365448048134893e-01	   6.2177503480693486e-01	   5.1464103573466202e-01	   3.3980249201183743e-01	   4.7149510249224458e-01	   6.7782568578417801e-01	   6.6508089056618558e-01	   4.9486594788727289e-01	   5.2540524255946841e-01	   3.0349161612452891e-01	   2.9897999378422002e-01	   4.1369799036382338e-01	   3.9027738628699160e-01	   3.3764104331238082e-01	   4.7662153565360754e-01	   4.1155332227585567e-01	   3.1522122480192777e-01	   4.7689805410290070e-01	   4.1610318458957735e-01	   3.0901092973633854e-01	   2.5387569683181660e-01	   3.9256173849047959e-01	   3.5288169660683871e-01	   2.6052955209393880e-01	   2.6764289651266870e-01	   4.4243446885183674e-01	   3.4522143235736086e-01	   3.1183626972378620e-01	   1.2208042229156757e-01	   5.2779512926761241e-01	   4.2754051525967962e-01	
   4.4104749887739786e-01	   5.0644552003101757e-02	   8.7121889544333164e-01	   7.6252432535753378e-01	  -2.4263708400527519e-03	   3.1822096853553283e-01	   0.0000000000000000e+00	   6.1149170507056638e-01	   1.7198087612814100e-01	   4.2178585459908230e-01	   7.6906905099515188e-01	   1.0194456990174670e-01	   7.1768239429066882e-01	   3.0136101913441993e-01	   2.4691623072601931e-01	   3.0671344454213595e-01	   3.2991526591424278e-02	  -1.1658849537831165e-01	   4.3635367178881190e-01	   2.9162673037682696e-01	   1.1294590793687855e-01	   3.7091506057177720e-01	   8.5521513079054934e-01	   7.4746960995777023e-01	   6.1258720044554327e-01	   4.8521136090564349e-01	  -1.1083009825990250e-01	   1.8000419306692234e-02	   1.8882379668804961e-01	  -5.9985406766605832e-02	   2.8572847486261843e-01	   3.1286367959511585e-01	   4.5234716415505238e-01	   3.6203284806837355e-01	   4.5995404132656215e-01	   4.6993411116697559e-01	   2.4744788720368488e-01	   3.6706019112203397e-01	   2.5957791267068486e-01	   1.8232414904859820e-01	   1.1237310465451550e-01	   2.7029560155604498e-01	   4.3996325219461363e-01	   4.1967915364060859e-01	   4.4321189572342240e-01	   3.1920402390492630e-01	   3.8430477546080916e-01	   4.6879097320002716e-01	   5.0261238758143567e-01	   4.4896884206601784e-01	   5.6406218472443537e-01	   5.7597922380051503e-01	   5.8293262342179075e-01	   5.9081464543471596e-01	   3.8955517797383588e-01	   4.4417897447999849e-01	   2.4858347623747468e-01	  -7.7792281402567831e-02	   1.4248178207435666e-01	  -1.0944110448571512e-01	   3.9207287461542839e-01	   1.5453940411569117e-01	   1.4132370069432817e-01	   4.2475611788403655e-04	   4.5729640094928814e-01	   3.9469447583439532e-01	   4.0375377674045426e-01	   4.9906699479605487e-01	   1.1599526086682452e-01	   1.0694081100725569e-01	   4.5498375660835344e-01	   4.8197668207954880e-01	   2.3543112708911287e-01	   2.9809837302486875e-01	   4.2192440050775404e-01	  -9.4338590603022516e-04	   5.6311981191901461e-01	   5.0897568229636081e-01	  -2.4507308532837738e-02	  -9.5831243229910199e-02	   1.0091969238643972e-01	   9.9005329448784207e-02	   2.2447672087379572e-01	   1.0534570984785729e-01	   4.6301145049557901e-01	   5.9065734976697937e-01	   2.6240537788491169e-01	   3.9278227757425788e-01	   2.2742977771869324e-01	   8.1481623653112223e-01	
   6.7651360543366290e-01	   5.2828807715341020e-01	   7.4544656401448406e-01	   8.2777111235409839e-01	   4.1909780879269787e-01	   6.2497201119556567e-01	   6.1149170507056638e-01	   0.0000000000000000e+00	   5.9689299113491390e-01	   7.1103448901168143e-01	   6.3467980690028658e-01	   4.1656450372399934e-01	   5.2330522604373553e-01	   6.2828272512720085e-01	   4.1832396601804445e-01	   5.9676781341742735e-01	   2.9043881145870659e-01	   1.7941592800348355e-01	   7.0525627723836404e-01	   6.1483514051717636e-01	   2.0466752534563701e-01	   3.0029184854137575e-01	   7.1972533583489262e-01	   6.5734817740049767e-01	   6.4715154654690699e-01	   5.1408129801458891e-01	   2.6671350566044005e-01	   3.5910348605579151e-01	   6.8151086526101426e-02	   1.8372190633383509e-01	   5.0307701785593906e-01	   5.0984148368507709e-01	   5.9947820835913701e-01	   6.3990367316393704e-01	   6.8490928368185278e-01	   6.3410013636352369e-01	   1.2315890207585746e-01	   5.5792725388031050e-01	   3.5219765319043811e-01	   2.2474788564172984e-01	  -2.6272891558532973e-02	   4.6015745516988382e-01	   6.8689846465402427e-01	   6.6959246587670274e-01	   6.7661183197012287e-01	   6.1893080263778366e-01	   5.4419311451080143e-01	   6.4703126247890874e-01	   6.3756672661211666e-01	   6.3873324235580919e-01	   7.8438536299793848e-01	   6.5263636257041713e-01	   6.6517429034267594e-01	   6.2122093581816995e-01	   6.1091560835340242e-01	   5.8441451845608250e-01	   5.0213702277792693e-01	   4.3180224481020502e-01	   5.3545757867824684e-01	   3.5765779905274020e-01	   6.8826248304420801e-01	   6.4449897385087818e-01	   1.8071833567033230e-01	   4.1847827826061001e-01	   6.2353401222969296e-01	   6.9069302181765235e-01	   7.2562884511722492e-01	   7.6590779913769746e-01	   4.9937791854654390e-01	   4.2059569257421003e-01	   5.2015573608319876e-01	   4.5480930416310067e-01	   4.0030837725266050e-01	   6.0093062258814578e-01	   4.7678672489235729e-01	   4.8252230499191678e-01	   8.2121900494737998e-01	   7.7625715101352777e-01	   3.2272462691789641e-02	  -6.2185680990518633e-02	   3.7282685532993748e-01	   3.4988914480429034e-01	   4.5210111292813704e-01	   3.6255341468395585e-01	   6.6286340201550631e-01	   5.7389491887078226e-01	   4.5810248626509670e-01	   4.1234114557359658e-01	   7.6558250845918607e-01	   6.8202387047802060e-01	
   4.2155536812772765e-01	   3.0865446707467104e-01	   2.3572373494483156e-01	   3.3504635067475169e-01	   6.9969070560948965e-01	   6.1360356308004327e-01	   1.7198087612814100e-01	   5.9689299113491390e-01	   0.0000000000000000e+00	   7.4595073849906579e-01	   2.3239957138124745e-01	   5.2592169917684806e-01	   4.6507273621167838e-01	   5.4304934847866704e-01	   5.6615432593570303e-01	   5.8500202621164676e-01	   3.5179424136591342e-01	   3.7407177456797747e-01	   2.9072390770528500e-01	   2.6794078872022281e-01	   2.3303125353474125e-01	  -1.4681072461294342e-01	   2.5103486051436524e-01	   1.9194518353116713e-01	   3.4504911547464751e-01	   2.9015890813046891e-01	   4.8224858284307420e-01	   3.7409878685615139e-01	   5.9001671554000330e-02	   1.7698471752507050e-01	   3.8459489967891636e-01	   2.9491018879870862e-01	   3.9377738838904419e-01	   4.5423075970811433e-01	   4.2897960129930179e-01	   3.4477278707557973e-01	  -2.4108010066886448e-01	   4.3946960649357499e-02	  -1.8932737045819525e-01	  -2.9101018036430443e-01	  -3.9260501475351173e-01	  -2.3005237762600252e-02	   3.4888379389329927e-01	   4.1144606438465642e-01	   4.6021024860092130e-01	   5.5135505432126797e-01	   4.7142162450525452e-02	   2.2340050307588044e-01	   3.9250138774025334e-01	   3.7002266708314746e-01	   4.1340336700631658e-01	   3.9591031984695840e-01	   1.6746540011679234e-01	   2.1301118819983994e-01	   2.7448890545743936e-02	   1.8889977467865798e-01	   3.2614490030287330e-01	   3.4756789507352859e-01	   3.6599735176640125e-01	   2.2459601540982413e-01	   6.2240272393268137e-01	   6.6707318136911353e-01	   3.3676873706112920e-01	   5.6358602399206592e-01	   6.9152330020789388e-01	   5.9829974751563020e-01	   3.4114252675907059e-01	   3.1158214637214954e-01	   3.1146203904075542e-01	   2.7736386534081042e-01	   3.4884785032408094e-01	   2.4845554907339795e-01	   3.2050004987695091e-01	   4.0357986666491980e-01	   4.0763062508212666e-01	   4.9935257951744905e-01	   4.1307555443494565e-01	   4.6821986777947411e-01	   1.3086787102207709e-01	   1.4515507817231793e-01	   3.5361229386664539e-01	   2.9072591542424625e-01	   1.0859369850643971e-01	   1.6749276618772738e-01	   3.8925416887938824e-01	   1.9727478665153619e-01	   2.5996836511127430e-01	   3.1363010828950851e-04	   4.2769413477883550e-01	   2.0498985536961070e-01	
   4.2625070077288141e-01	   1.4925308369911061e-01	   4.4201721480691392e-01	   4.9777044988364283e-01	   6.0940274590376342e-01	   8.0839511724584245e-01	   4.2178585459908230e-01	   7.1103448901168143e-01	   7.4595073849906579e-01	   0.0000000000000000e+00	   3.8205094780585103e-01	   4.1371138717452222e-01	   5.6862196441526891e-01	   4.5951421432645118e-01	   5.7504097878783311e-01	   7.2537822015469255e-01	   1.6101436876191677e-01	   1.0569292977870359e-01	   2.7210051478824537e-01	   1.7381045138844281e-01	   2.4381211328280866e-01	   6.0572755674390015e-02	   4.8816991746533100e-01	   4.2565002747855774e-01	   4.8366050798866267e-01	   3.8725145856932419e-01	   4.4283865538705741e-01	   4.1817103401525568e-01	   1.1923216598062131e-01	   9.2817653248422879e-02	   2.1236818824438819e-01	   1.6500038037044484e-01	   2.7829393496341392e-01	   3.3935720725699792e-01	   4.2970342684233431e-01	   4.3151213859529736e-01	  -4.5281104590498826e-02	   1.9527209820402538e-01	  -3.8626951466398558e-03	  -1.1603822991122204e-01	  -2.1356847146821845e-01	  -1.6242327777496967e-02	   3.5344246928293099e-01	   3.6009729224523479e-01	   4.1759297248874794e-01	   3.9999330591100479e-01	   8.4673237170670032e-02	   2.4926209868191262e-01	   3.2581706601937382e-01	   2.8118316026621482e-01	   4.2925321841172959e-01	   4.2951523650673545e-01	   2.6699486529655481e-01	   2.3003325101156488e-01	   1.8705719390453801e-01	   2.6318773140413854e-01	   1.8468024132288807e-01	   1.1067229261732331e-01	   2.8683629107320829e-01	   4.4693542162692217e-02	   6.2890650061855391e-01	   5.9055084635229238e-01	   2.0107850775827679e-01	   4.3874146008676385e-01	   7.4897060878828170e-01	   7.7303388494782665e-01	   3.4827369539230457e-01	   4.0688788105030499e-01	   1.5654379450131059e-01	   1.1261451850948241e-01	   4.3887785468566226e-01	   3.1936527524366271e-01	   2.1585287209451384e-01	   3.5275909542258632e-01	   3.9158387313281096e-01	   2.5448891614435826e-01	   5.3459058152764238e-01	   5.0132150022849198e-01	   2.0248881392988169e-01	   1.0710433178329970e-01	   2.6244156330623725e-01	   2.2536176399441002e-01	   1.5549683867472497e-01	   1.4644512106314045e-01	   4.1754316012995607e-01	   3.4199875211134545e-01	   3.3392120409714476e-01	   1.7762582679898492e-01	   4.4891816230998272e-01	   4.7694890626108100e-01	
   5.8587580298019493e-01	   3.4952831252719635e-01	   7.6799116959965186e-01	   8.1501197351663024e-01	   1.2672060305331370e-01	   3.6291104888322828e-01	   7.6906905099515188e-01	   6.3467980690028658e-01	   2.3239957138124745e-01	   3.8205094780585103e-01	   0.0000000000000000e+00	   4.6117955459642634e-01	   6.2987082729240951e-01	   5.7256742133686378e-01	   4.9395458253706920e-01	   4.9379969706790494e-01	   3.2105388723684236e-01	   1.5990999485932023e-01	   6.5683042841240358e-01	   5.5496775759440231e-01	   3.0082459527374161e-01	   4.0440436506198485e-01	   8.0464996269281730e-01	   7.1839693787791226e-01	   6.1014569673080143e-01	   5.3841220650911603e-01	   2.8337072050467649e-02	   1.9105922254460961e-01	   3.9919514437886289e-01	   2.7178029042084595e-01	   4.8917604718511193e-01	   5.2713756581851789e-01	   5.6904002027122458e-01	   5.3413794500425305e-01	   4.6262691781414544e-01	   5.0232625796774522e-01	   1.6450925232483254e-01	   4.8227555077407785e-01	   2.4009559975213229e-01	   1.7739734233978777e-01	   6.1890463643309482e-02	   3.8719444850899126e-01	   5.4796334030887417e-01	   5.4132033106604827e-01	   5.3568774744066916e-01	   4.7060842197096836e-01	   5.0674312309162817e-01	   5.6847437441140614e-01	   6.9019958845706397e-01	   7.3300038533448697e-01	   7.1513681819788799e-01	   7.4377672850840537e-01	   7.4112009204021334e-01	   7.4922523812582409e-01	   5.1405824708692405e-01	   5.3797228438205735e-01	   4.4209986591286865e-01	   2.0108288955856851e-01	   3.9622179500499422e-01	   2.3763154046741364e-01	   5.0755393980921082e-01	   3.7242650496662844e-01	   2.9948565151187589e-01	   2.3561420223381446e-01	   5.0091610432501876e-01	   4.3970798176140813e-01	   4.7938999427152373e-01	   5.8710595538942412e-01	   3.6492374634666802e-01	   3.8424342594735461e-01	   5.3507819880251117e-01	   5.6364881121624599e-01	   4.4282492635567150e-01	   4.5463113748055661e-01	   5.5967081883213465e-01	   2.3329815116640845e-01	   5.9319891725831253e-01	   5.4725169817554353e-01	   1.2886101199580349e-01	   7.5087532247248040e-02	   4.0011761279681274e-01	   3.1254873348300038e-01	   4.9105898542669707e-01	   3.4094413943599972e-01	   6.2473557949185454e-01	   6.9237505556028689e-01	   3.5692135145495096e-01	   5.1056333381103258e-01	   4.4927642183329697e-01	   7.5194666267516863e-01	
   5.7950851776220247e-01	   5.8048976889398807e-01	   1.0291857566172383e-01	   3.3552737637862656e-01	   4.5582361676577576e-01	   4.0124959457685971e-01	   1.0194456990174670e-01	   4.1656450372399934e-01	   5.2592169917684806e-01	   4.1371138717452222e-01	   4.6117955459642634e-01	   0.0000000000000000e+00	   4.8482468071998136e-01	   7.9046396443189892e-01	   4.3941580056015117e-01	   5.8192787627297093e-01	   4.4707757569431611e-01	   5.3995686737541515e-01	   3.6451928078973628e-01	   4.2966630758583513e-01	   7.6256233544873958e-02	  -1.2108654702771324e-01	   1.4363175579881954e-01	   1.0191204415819761e-01	   1.1974917095876333e-01	   1.3891327053274904e-01	   2.4910193646151257e-01	   2.4919943933655098e-01	   1.7107997605658959e-01	   2.5709422373912916e-01	   6.8090178500764664e-01	   6.0568164286736370e-01	   6.1466361215146437e-01	   6.7558587139398985e-01	   3.7701933382277170e-01	   3.6596460487578863e-01	  -2.6797596349326236e-01	   1.2230494389806149e-01	  -1.7687725896159978e-01	  -2.2191479412843285e-01	  -3.2549923975042327e-01	   2.0366525335980920e-02	   1.9289679232700441e-01	   1.7149500121438621e-01	   2.0697971277344623e-01	   3.7548644323273839e-01	   2.0234732432356951e-02	   1.5353599023253514e-01	   3.6773229187840550e-01	   5.0612300698617385e-01	   3.6366086146372389e-01	   4.3791758391088659e-01	   3.6297512833197615e-01	   3.4700327960555188e-01	   2.4935984889455731e-01	   3.1274670475774807e-01	   5.3705696010212844e-01	   5.4128685640571583e-01	   4.9149876777475943e-01	   4.7519348186667776e-01	   7.3725810267183500e-01	   7.7057487504927813e-01	   6.1004969195504943e-01	   8.0744620261659517e-01	   3.1474608578990937e-01	   3.2043280751797870e-01	   1.8133049111063843e-01	   2.6200024851505055e-01	   3.8865484190994237e-01	   3.1906718945312607e-01	   3.4295023949097020e-01	   1.3122850041491979e-01	   5.1183943400155019e-01	   4.5683876944750035e-01	   5.5194212944588161e-01	   4.8578186747815344e-01	   4.1550284969062501e-01	   4.6306782633738042e-01	  -5.2651418448949452e-02	  -2.3035418919754178e-02	   2.4940338935279099e-01	   1.3458978214622991e-01	   1.0810038778229342e-01	   4.1903161091987037e-02	   2.2696044585438629e-01	   2.0410705186748954e-01	   1.8434841089201404e-02	   3.9899926192279472e-02	   3.8764071756145441e-01	   2.4693272935212915e-01	
   4.2446103007422809e-01	   3.0483470358806136e-02	   5.4729728542224887e-01	   5.3709839556735328e-01	   1.5281709763032181e-01	   3.4167762880293262e-01	   7.1768239429066882e-01	   5.2330522604373553e-01	   4.6507273621167838e-01	   5.6862196441526891e-01	   6.2987082729240951e-01	   4.8482468071998136e-01	   0.0000000000000000e+00	   6.4496605374618632e-01	   4.3012546021696585e-01	   6.2922541628762130e-01	   2.8164241747815212e-02	   5.7888923110425011e-02	   1.3533942813977567e-01	   4.7968321094084720e-02	   2.9769946137002089e-02	   1.1630645460888075e-01	   6.3192614329583474e-01	   5.6210947606521300e-01	   4.3149498821747129e-01	   3.3177509837205921e-01	   7.5137988499562422e-02	   2.1678411121501671e-02	   6.5739957207738814e-02	  -1.0850171075276903e-01	   3.1684451791188029e-01	   3.2774667666896801e-01	   4.3431245797601103e-01	   4.1632965310219794e-01	   4.2992831325525949e-01	   4.0769816263977721e-01	  -2.1102886771469320e-02	   1.2464812209364007e-01	   1.7323101509586880e-02	  -9.7514574715828722e-02	  -1.5451657371619831e-01	   2.6927696746003846e-02	   2.0032257640872519e-01	   1.7895855220218645e-01	   1.9934131289732210e-01	   1.5011010639953276e-01	   3.9969859922339125e-02	   1.8889378127844772e-01	   3.2970797048929390e-01	   3.1265969222600526e-01	   3.7922679204553944e-01	   5.0634271653253149e-01	   3.4160666790936484e-01	   3.6483289578259948e-01	   1.3507745487211292e-01	   2.7207349015839716e-01	   1.4261032205003696e-01	  -5.6754543204597468e-02	  -2.4114005775856427e-03	  -2.1489977198318250e-01	   5.7263098856936401e-01	   3.9131637005425773e-01	   2.9160613336446289e-01	   3.0097321176297209e-01	   5.1363079264379841e-01	   4.8899208710024289e-01	   9.2413387075912873e-02	   1.9557888883927441e-01	  -3.1166935072323012e-02	  -7.5377659177041839e-02	   3.5997557891419307e-01	   2.8506542727253503e-01	   1.2223439297592506e-01	   2.0920619199156754e-01	   4.9097211931617413e-01	   6.1062986914334171e-02	   4.6185595927936240e-01	   4.7505534875020039e-01	  -3.9429859002295328e-02	  -1.1057359292516278e-01	  -3.3734852226397188e-02	  -1.1733699389968906e-01	  -4.8802616552079715e-02	  -1.2185782766584485e-01	   2.7964819783388606e-01	   3.9172752807631872e-01	   5.9843281937632137e-02	   1.3107008692132893e-01	   2.3399225917664482e-01	   5.9658397215137515e-01	
   4.8677035478864161e-01	   4.9241201963382386e-01	   3.5434891325800011e-01	   5.3221055303494591e-01	   4.7437924692323574e-01	   4.2462611651497240e-01	   3.0136101913441993e-01	   6.2828272512720085e-01	   5.4304934847866704e-01	   4.5951421432645118e-01	   5.7256742133686378e-01	   7.9046396443189892e-01	   6.4496605374618632e-01	   0.0000000000000000e+00	   5.3870083521552659e-01	   6.5335263769061802e-01	   3.8841952353307863e-01	   4.4681858425586396e-01	   3.9681374005108283e-01	   4.1651272926122579e-01	   1.5800728871514150e-01	   6.4500999072923296e-02	   4.1214339251383514e-01	   4.5170087161492689e-01	   3.8333112137820002e-01	   3.4882865500616900e-01	   3.2058335484837780e-01	   3.0777602567599022e-01	   1.6001600800611721e-01	   2.8349094301385352e-01	   5.6047701483366374e-01	   5.8745345265803151e-01	   6.2250481929422741e-01	   6.5007651015046808e-01	   4.8966422217279737e-01	   4.3814346152404771e-01	  -1.5575327294295407e-01	   2.6620509438016005e-01	  -2.0027425419899492e-02	  -9.4834929660191192e-02	  -2.9568953799521919e-01	   2.1369863989000570e-01	   3.9577349643931325e-01	   3.6132847349183045e-01	   3.5092397408833426e-01	   3.5400036111397032e-01	   2.4273382165600876e-01	   3.3971567438491374e-01	   5.4339035623222709e-01	   5.7764969937960153e-01	   5.5120911047005072e-01	   5.7636225465062707e-01	   4.9173018926788714e-01	   4.8445156505755249e-01	   3.3569996801484991e-01	   3.4746284688076634e-01	   3.7832659769814597e-01	   4.2061568202466426e-01	   3.6419452354524084e-01	   3.1830775749673179e-01	   6.7332376202672006e-01	   6.1989933604462655e-01	   5.2420765942375436e-01	   7.0386558929595922e-01	   4.2518712678713050e-01	   4.4526813922712283e-01	   3.4236714664963891e-01	   3.8258981020640936e-01	   3.6044463272478905e-01	   2.9329447698429995e-01	   3.9452456516949386e-01	   2.4966672806214787e-01	   2.8101392681431625e-01	   4.2027655884357934e-01	   5.4320810812325382e-01	   4.6561634517331296e-01	   4.9480140917660720e-01	   5.0657937835525990e-01	   7.0670196863176465e-02	   2.9801345729676628e-02	   3.2390050479516613e-01	   1.6401465064468781e-01	   2.4953225188931033e-01	   1.4704825372297803e-01	   4.3418732550138484e-01	   4.0071908471527107e-01	   1.4177349517082780e-01	   1.3715774123207117e-01	   5.6911555778942913e-01	   3.7937648899031962e-01	
   1.6350014605300162e-01	   8.7277544430623744e-02	   3.5569101199713155e-01	   4.5163183453304900e-01	   5.3015462503954225e-01	   5.5660453484508909e-01	   2.4691623072601931e-01	   4.1832396601804445e-01	   5.6615432593570303e-01	   5.7504097878783311e-01	   4.9395458253706920e-01	   4.3941580056015117e-01	   4.3012546021696585e-01	   5.3870083521552659e-01	   0.0000000000000000e+00	   6.6975704710593353e-01	   6.2817952221566498e-01	   5.1462787311101987e-01	   2.3925196818567152e-01	   1.5515637046166067e-01	   7.0606248030689034e-01	   2.4719218390654590e-01	   3.4812232937370746e-01	   3.7938608904195920e-01	   4.8932363819569658e-01	   6.4311634826403274e-01	   5.6785365595369275e-01	   5.8353897627218987e-01	   6.8697765349458983e-01	   6.3171367691186187e-01	   1.3704154871585861e-01	   1.7053023165719974e-01	   1.4616370045880833e-01	   1.9170098529556590e-01	   1.9359354715045268e-01	   1.9138727230383956e-01	  -5.9122463782857804e-04	   1.7631271609526322e-01	  -1.0849483029147639e-01	  -1.7964291788330627e-01	  -2.2490235961843319e-01	   1.4830750682710248e-01	   4.4657827179651644e-01	   5.1259467374451095e-01	   5.4221168339361936e-01	   4.8685339028918589e-01	   1.4102339827252014e-01	   3.3405998276003740e-01	   5.9546677432297435e-01	   4.7962773731780550e-01	   5.6376199047177689e-01	   5.4937496162161326e-01	   2.7564445608123023e-01	   3.8340845360260878e-01	   5.9312247173641225e-02	   2.1326546173729080e-01	   1.0083457585617736e-01	   6.2899536833735517e-02	   2.5019457622825358e-01	   1.2268657696299333e-01	   4.4641780221330363e-01	   3.6758925735399645e-01	   4.6653916447308108e-01	   4.2243676574851774e-01	   7.4667720852205721e-01	   6.0558168415265323e-01	   3.0694599306155379e-01	   2.7138143005825655e-01	   1.3523423999802564e-01	   2.9115882751289324e-01	   6.0477212066130637e-01	   6.1394394741168790e-01	   3.5093664941349245e-01	   3.8701395837833935e-01	   4.0029050855261761e-01	   1.7301044757877784e-01	   2.7296589976486002e-01	   2.6799322396955316e-01	   6.6300042163263395e-01	   6.6389260099626890e-01	   6.9104017525382444e-01	   5.7528731954936219e-01	   4.7067797987930637e-01	   4.9250160186973724e-01	   6.5409753901716017e-01	   5.5351588799921170e-01	   5.6757411802808366e-01	   2.8181144097946514e-01	   4.1179339001129323e-01	   3.8398710899225602e-01	
   5.2256000256495416e-01	   2.5927322598541996e-01	   3.2712564907870517e-01	   4.8619105497877113e-01	   3.5685111881804082e-01	   5.3816659229978314e-01	   3.0671344454213595e-01	   5.9676781341742735e-01	   5.8500202621164676e-01	   7.2537822015469255e-01	   4.9379969706790494e-01	   5.8192787627297093e-01	   6.2922541628762130e-01	   6.5335263769061802e-01	   6.6975704710593353e-01	   0.0000000000000000e+00	   2.1846643881759992e-01	   1.8055426105862682e-01	   3.0643674124321529e-01	   2.5652314658488484e-01	   2.5289747840071414e-01	   7.7157353869115958e-02	   4.4954332306178202e-01	   4.5661592607017931e-01	   3.6120206675867439e-01	   3.5093840960526762e-01	   3.9768017659695215e-01	   4.6008931324175073e-01	   1.1860596307341417e-01	   1.4696839619369151e-01	   3.5750130749695735e-01	   3.2630239304943270e-01	   3.5612569768309049e-01	   4.4773675112998751e-01	   4.0195354997354454e-01	   4.1511186736564931e-01	  -8.3486591264151824e-02	   2.0431493612290336e-01	   5.4275405435360316e-02	  -4.2375080593617630e-02	  -1.8792176048041864e-01	   1.4545078697183703e-01	   2.3554459068232300e-01	   2.4411751900806913e-01	   2.4633535390075795e-01	   2.6134736524277757e-01	   2.3603622633630944e-02	   1.8510512451061040e-01	   2.6059572577573331e-01	   3.6870152187558475e-01	   4.3966472947885815e-01	   4.8375920523612442e-01	   3.3099817366209211e-01	   3.7918561782893645e-01	   1.6233134603124269e-01	   3.2212293414025595e-01	   3.0609087402145646e-01	   2.1282387537987615e-01	   2.5509377883791839e-01	   9.2265625670074750e-02	   5.9682493178895224e-01	   5.9389188704704521e-01	   1.7591719233191211e-01	   4.7682961655134881e-01	   6.0699274670771397e-01	   7.8412730634416050e-01	   2.2145910772496669e-01	   2.7887895560420939e-01	   1.8827625529193714e-01	   1.2998027181410676e-01	   4.3108359327261919e-01	   3.3237472301131188e-01	   3.0585231857493811e-01	   4.3586596842731556e-01	   4.7520999706636169e-01	   3.4609128738420125e-01	   5.6622430038309624e-01	   5.7063510351953239e-01	   1.4852514048485371e-01	   7.1472937604786818e-02	   2.1472615774817722e-01	   1.4273567648632426e-01	   2.4190744827795235e-01	   1.8810511298721211e-01	   4.4157441909836481e-01	   4.2406464812911165e-01	   3.1430698841525201e-01	   2.3924568151089798e-01	   5.2104915584917244e-01	   5.2453051683715457e-01	
   2.7737706520027949e-01	   4.7169400078062140e-01	   1.4843074694580335e-01	   3.1024185521764147e-01	   4.5895168704018796e-01	   3.0982446078474674e-01	   3.2991526591424278e-02	   2.9043881145870659e-01	   3.5179424136591342e-01	   1.6101436876191677e-01	   3.2105388723684236e-01	   4.4707757569431611e-01	   2.8164241747815212e-02	   3.8841952353307863e-01	   6.2817952221566498e-01	   2.1846643881759992e-01	   0.0000000000000000e+00	   8.5946072163217990e-01	   3.9587083501409570e-01	   4.3296658319073200e-01	   5.8053075871184001e-01	   1.7690080886647105e-01	   2.3349096700809018e-02	   1.7411699547362106e-02	   2.0531904106531412e-01	   4.0484320666777129e-01	   3.6128344623250952e-01	   4.0090751624091925e-01	   6.9786115719380337e-01	   7.8449627712158443e-01	   3.3722500837291070e-01	   2.6968437570215603e-01	   3.2147049707856123e-01	   3.7451968735965707e-01	   1.4429206165553310e-01	   9.2540948843330972e-02	  -1.0368705993625341e-01	   2.6502408089053475e-01	  -1.0921721023415024e-01	  -1.4268215045166405e-01	  -2.1244830339441545e-01	   2.7751319448109757e-01	   4.4498522909157856e-01	   5.2973826786129885e-01	   5.1148371443285512e-01	   6.0542765715715541e-01	   2.5457452691964161e-01	   4.0426682954682736e-01	   6.2459165568837860e-01	   6.1012426672040920e-01	   5.3207419555312119e-01	   4.3521298608049314e-01	   3.1244229394464745e-01	   3.7319743898739866e-01	   2.7378010221261695e-01	   3.5143701646630587e-01	   4.5849114967650723e-01	   5.2817571251272832e-01	   4.9742606089196095e-01	   5.8726604812655481e-01	   4.6135531493623316e-01	   4.3128108606860627e-01	   6.5647703176759564e-01	   5.6614289395152617e-01	   3.3243399523216183e-01	   2.1280504489738966e-01	   3.9374050433755386e-01	   3.1608487069399427e-01	   4.5955143608265997e-01	   5.6546216605209754e-01	   3.5438146538299414e-01	   3.8696307928650014e-01	   5.6063126204055957e-01	   5.7317270824307154e-01	   2.6778697173943555e-01	   3.9934477198092044e-01	   2.0348532692230636e-01	   2.7262766985109449e-01	   5.4870392637881915e-01	   5.9435252482028400e-01	   8.0564697926804807e-01	   6.9344062873261136e-01	   4.5757451774074348e-01	   4.3609328464586034e-01	   4.8315932020786989e-01	   3.2676352592588342e-01	   3.7195843731498979e-01	   1.2963772448317112e-01	   3.8325865143992954e-01	   1.6219534949797931e-01	
