   0.0000000000000000e+00	   4.0295896345822102e-01	   6.2205184732010954e-01	   3.4086117391104809e-01	   1.1682771273285490e-02	   2.7463263823294853e-01	   4.7815186979347335e-01	   1.1594449640164504e-01	   1.9196270908199098e-01	   2.1675876823291715e-01	   6.3261440661346313e-01	   3.6502144520274837e-01	   5.4813101742224479e-01	   1.9712147545008385e-01	   2.2694545852128392e-01	   1.5569697020264589e-01	   1.9738970025043323e-01	   7.9084185461638451e-02	   6.6087547203342067e-01	   5.7101156665927555e-01	   3.0208915122409968e-01	   1.8087548586988147e-01	   5.1059981270819521e-01	   5.3022547389722585e-01	   3.6085394700830975e-01	   2.8059102154716015e-01	   1.2377999444787299e-01	   1.6314174950618970e-01	   2.1399815049698523e-01	  -1.4627664705999155e-01	   2.7990245389816948e-01	   4.2115328975486632e-01	   2.6242460955117541e-01	   4.0571702439710844e-01	   3.0855388807229567e-01	   2.8144155736281529e-01	   4.2355849557978187e-01	   2.7269698405923420e-01	   4.2166086863083541e-01	   2.2716964217002528e-01	   5.9576076967881320e-01	   3.1227285381360198e-01	   2.8947678004563671e-01	   4.0699886097117266e-01	   3.0631264551529480e-01	   2.8919767768706034e-01	   4.6298665506503456e-01	   5.2450302133294691e-01	   1.5371021539553190e-01	   1.6211109453830772e-01	   3.0468740641668524e-01	   4.0143130210646616e-01	  -6.1119817404383839e-02	   1.9356099457517839e-01	   8.7345427528826861e-02	   5.0515558330842047e-01	   3.5567081998816286e-01	   9.3980058242470969e-03	   4.2220847201158890e-01	   1.1344561301223943e-01	   3.6788622328628856e-01	   6.4375318832435968e-02	   1.2054869575877697e-01	   6.4449799965095131e-02	   4.1546904264708867e-01	   2.8023109591506240e-01	   5.3487587426139416e-01	   4.3343494722052456e-01	   5.4516428296609309e-01	   4.6142035647528790e-01	   2.5173061159725707e-01	   4.9128489023390587e-01	   5.3295580134784193e-01	   4.4241518946140013e-01	   4.0919922262268099e-01	   4.0523171907046590e-01	   3.2437787245867894e-01	   3.9234428245586395e-01	   2.9826195961893459e-01	   1.4554652605678587e-02	   2.5104800213298784e-01	   3.1404139408628373e-01	   4.4339959165678211e-01	   2.9425000506019733e-01	   1.9535240501406320e-01	   4.2487315130625319e-01	   6.0590028014726871e-01	   3.3490493835245821e-01	  -9.7472641642168914e-02	   6.7393450107620256e-01	
   4.0295896345822102e-01	   0.0000000000000000e+00	   1.1286725136254949e-01	   5.1699186903653760e-01	   3.7477840543180613e-01	   2.8614429907253602e-01	   2.0056825814545334e-01	   5.0068408124704855e-01	   4.1700576052099148e-01	   3.2323637725339782e-01	   3.8104141893193033e-01	   6.1369216411039473e-01	   2.4798557079484924e-02	   9.3382927503746299e-02	   4.0519673615989316e-01	   3.3309165668713359e-01	   1.6494684990617620e-01	   6.0017205277156427e-02	   3.6935715657251461e-01	   4.6142069799420093e-01	  -1.0369069770366826e-01	   9.6846935983681298e-02	   6.8850351190060805e-02	   2.6131630355879515e-01	   3.7801951389546791e-02	   5.2138615716974833e-02	   1.6936502246186769e-01	   8.5168899822617439e-02	  -2.3031449832289407e-02	   4.1157738438945893e-02	  -1.1283979953364798e-01	  -6.8743080323678341e-03	   1.2931631960843759e-01	   1.8662617201661813e-01	  -1.7171729551464171e-01	   4.5868454953378629e-02	  -1.4699983964482893e-01	  -2.3579073295402950e-03	  -7.4307450869939978e-02	   1.7336971576777774e-01	  -8.3482933123093822e-02	   2.8396883822971603e-01	   2.8706106852973153e-02	   2.8934917128353449e-01	   2.0134890705908734e-01	   3.7951006459740022e-01	   4.0919131426564248e-01	   3.3328977503218615e-01	   3.9878631065747494e-01	   6.2652642273972603e-01	   3.9345820703542445e-01	   4.2155800838977842e-01	   5.2856323939796290e-01	   4.4538843080627520e-02	   4.2963147370172333e-01	   1.1323078043312207e-01	   2.0445756725702413e-01	   4.6266597018636357e-01	   3.2783233024916991e-01	   4.2795643486087515e-01	   3.6065861439717944e-01	   5.9412238886620017e-01	   1.7150219192494312e-01	   2.0264947457209359e-01	   3.4344013433593334e-01	   3.1458498130341339e-01	   2.6858254451180935e-01	   4.6973224389144935e-01	   5.0916160686010392e-01	   5.4155373659404960e-01	   3.7509455034223671e-01	   2.8313563281650968e-03	   1.3082599491932337e-01	   1.6506099686977918e-01	   1.8259127272018716e-01	   4.4742901362566138e-02	   1.5853178830162082e-01	   1.0707677501178796e-01	  -2.3025249987159165e-02	  -1.9409619541888623e-01	   1.3746042962519672e-01	   6.3750686632869077e-02	   4.0943366569383149e-01	   4.3229282753311477e-01	   7.0715404594660847e-01	   5.6122776307853695e-01	   3.0714524702121448e-01	   2.9475732257975218e-01	   6.9185780877276692e-01	   1.0097699967998713e-01	
   6.2205184732010954e-01	   1.1286725136254949e-01	   0.0000000000000000e+00	   5.6945574472481186e-01	   1.4200402474329382e-01	   4.8876894420678624e-01	   6.9694748361198844e-01	   2.9686134651697016e-01	   3.0188329308511785e-01	   4.3816190660765830e-01	   6.9816972122634069e-01	   4.5959868650088603e-01	   7.2976216635790458e-01	   2.8652443717820780e-01	   1.5703813035314501e-01	   9.1443562030488812e-02	  -1.1635934376442025e-01	   6.1270098414031068e-02	   7.8485168360822488e-01	   6.2872058444297441e-01	   2.1444937483093429e-01	   8.5288333039184230e-03	   8.8800800577210803e-01	   8.5379776498764293e-01	   5.7306010220674586e-01	   5.4163729402680871e-01	   1.6074421435864109e-01	   4.2464196027603152e-01	   1.2744763506146686e-02	  -1.9242556258986471e-01	   3.4288811103890215e-01	   5.5635548961553483e-01	   2.5733340641969071e-01	   3.1630542462834138e-01	   4.4843454842455321e-01	   2.1546411967673806e-01	   5.1419731497726739e-01	   1.0703942202998365e-01	   4.2414704196821773e-01	   2.3746799545519737e-01	   5.7557419193376547e-01	   2.2285542889288185e-01	   5.0958763690633324e-01	   4.8101924616280567e-01	   5.5096130325759562e-01	   3.8621907860887106e-01	   5.9879185291386416e-01	   5.7855867742774514e-01	   3.4124173213917020e-01	   2.0876758624062822e-01	   4.3965085489758321e-01	   5.5667766476481606e-01	   5.6901286448356334e-02	   4.2648156855335440e-01	   1.2276246641473647e-01	   4.8163770024197750e-01	   2.3239428234432044e-01	  -1.5620591782222085e-01	   5.7485577884555918e-02	  -3.4278446082481701e-01	   9.3822935400979718e-02	  -1.0961983037603476e-01	  -1.8526952827282583e-01	  -1.9280619648333425e-01	   5.9686539696915863e-01	   4.5888083009439951e-01	   4.9467310595282432e-01	   3.2465091308384342e-01	   1.8029750157349539e-01	   9.4907456172704227e-02	   3.2227155610644681e-01	   5.5371377759452789e-01	   4.9092156856718450e-01	   3.3907666150087457e-01	   4.8053520791645221e-01	   2.2439992884842935e-01	   3.8367363374476426e-01	   4.3325416380080101e-01	   2.5334855423869473e-01	  -2.6574452389857353e-02	   1.5020235072202175e-02	   2.4126497977331951e-01	   3.5051490025988302e-01	   2.6589873309286771e-01	   2.6295454806508017e-01	   5.5501485701452402e-01	   6.0768488073351801e-01	   3.0323603109795572e-01	  -1.6016900850479016e-01	   6.8275987749952316e-01	
   3.4086117391104809e-01	   5.1699186903653760e-01	   5.6945574472481186e-01	   0.0000000000000000e+00	   4.0788624850181210e-01	   5.3090398586317433e-01	   5.2036322175346839e-01	   8.5921603872382968e-01	   5.7852227542065049e-01	   5.5856913923394624e-01	   4.9746027097319778e-01	   6.2460364277158309e-01	   3.5681491480495081e-01	   3.4743845010772462e-01	   4.4105436422371092e-01	   1.6418694281616678e-01	  -2.1312027985020847e-02	   1.2147338830689905e-01	   6.5590389220428480e-01	   7.0504399089691083e-01	   3.1921429876471424e-02	   9.7301809836021269e-02	   5.6793156262941524e-01	   7.6410866126909049e-01	   5.1291361653115308e-01	   6.7931758705040179e-01	   3.0283407726043698e-01	   3.2817884514334983e-01	   1.3615901085877596e-02	  -8.7158843139553618e-03	   4.4761598158627569e-01	   5.3214990536246298e-01	   3.3832896278814206e-01	   4.2994221224380091e-01	   1.8946858720646562e-01	   2.4391450212091534e-01	   1.1731714553370587e-01	   4.7815567334479600e-02	   2.9746277321196474e-01	   3.1186891979512887e-01	   1.9736738938793205e-01	   3.9481120399937242e-01	   3.7371977349192120e-01	   5.1437174992227419e-01	   5.3434983973777783e-01	   5.3555213362697662e-01	   6.0449461057463949e-01	   6.1577099681147385e-01	   3.1035637686490525e-01	   4.6021584269406141e-01	   3.8153122915885163e-01	   5.9124232213466799e-01	   3.5189485329092640e-01	   2.0070273762867263e-01	   2.2132414735057693e-01	   1.3333452400357071e-01	   1.5665415440346692e-02	   1.0431364377629204e-01	  -6.7022023480858436e-02	  -6.3359982048214650e-02	  -3.5927761350696079e-02	   2.3952471206543136e-01	  -1.5700644573617262e-01	  -1.6459467232036296e-01	   5.9132136808694369e-01	   6.4251674081591936e-01	   4.4188221642425041e-01	   5.8982807268129034e-01	   1.9968198709059479e-01	   2.1382679405098304e-01	   6.8611338635945007e-01	   2.2324871633913562e-01	   4.0770441875641583e-01	   4.8022789551832856e-01	   5.5065337988229501e-01	   8.4713907114863221e-02	   3.5266564028543679e-01	   3.0603011252073753e-01	   1.2447962946733063e-01	  -1.3751306138513435e-03	   9.7523948932752819e-02	   1.4847850376119143e-01	   4.1739824927649483e-01	   2.7831752569613094e-01	   6.6936371825855734e-01	   6.1312590778944609e-01	   4.5579288458434358e-01	   1.4663832750853484e-01	   3.8728892014034888e-01	   1.4006075910322130e-01	
   1.1682771273285490e-02	   3.7477840543180613e-01	   1.4200402474329382e-01	   4.0788624850181210e-01	   0.0000000000000000e+00	   5.8599567041814571e-01	   4.1688517709198077e-02	   4.2826942644868604e-01	   6.2709331059150053e-01	   3.6517032665527449e-01	   6.5257916186816922e-02	   1.4480122576115267e-01	   1.2775880759000305e-01	   3.6416613463632741e-01	   1.1967214689087191e-01	  -1.1320078590480603e-01	   1.7620028274948535e-01	   3.1267169495778269e-01	   3.5692916530516461e-01	   4.5399804396527460e-01	   1.5737709551320136e-01	   7.9432481092331683e-02	   1.5986222069345976e-01	   1.8438156529282748e-01	   2.5329425872639671e-01	   3.9702743581193922e-01	   6.2810244466881304e-01	   6.4413878967151827e-01	   7.8852588021409417e-02	   1.4147881246813990e-01	   2.1624907389828463e-01	   2.5741663746274968e-01	   4.0175933600394148e-01	   3.7915021747152078e-01	  -1.2290946876758552e-02	   9.1783356780852074e-02	  -1.2205445164791189e-03	  -1.3843399168528925e-01	  -1.2006453806890732e-02	   2.0727826176654609e-02	  -5.3704827363375025e-03	   2.1956751869025989e-01	   1.3750122658126160e-01	   5.0986274633466715e-02	   2.8519928548667395e-01	   3.2310447799654762e-01	   3.6971638650562422e-01	   2.7979302743454032e-01	   1.7249304162813081e-01	   3.2878730978295917e-01	   9.3444320893805388e-02	   1.7722448774090849e-01	   2.5176760177189433e-01	   2.5238757129563993e-01	   1.1571712818132895e-01	   1.6677883277113274e-02	   2.4296925101859282e-01	   3.6118797948340459e-01	   1.1054956435922235e-01	   2.4293536677725597e-01	   1.3268462512697354e-01	   3.8700401067191731e-01	   1.8652837905537387e-02	   1.6204458253069187e-01	   3.3941256580322876e-01	   4.5263415392553408e-01	   2.7800241995376362e-01	   3.7687395144718405e-01	   3.8005806217023319e-01	   4.1443526147922105e-01	   3.3484625228501375e-01	   2.7166355709542921e-02	   3.4391095225567619e-01	   2.3628774184780454e-01	   1.5452186851484950e-01	  -1.0783874131936350e-01	   3.7366425701281503e-01	   3.0106321400944913e-01	   1.1913721026494700e-01	   1.6862343764567922e-01	   1.7499339989962043e-01	   2.5285841148898397e-01	   2.0652327447003477e-01	  -1.4652430336116401e-01	   4.7507294485616824e-01	   3.2465160214467870e-01	   1.0465521000817835e-01	  -2.0324670501862088e-01	   3.1793068163253269e-01	  -5.0940720235584970e-03	
   2.7463263823294853e-01	   2.8614429907253602e-01	   4.8876894420678624e-01	   5.3090398586317433e-01	   5.8599567041814571e-01	   0.0000000000000000e+00	   3.5430514597877760e-01	   3.9549330632887730e-01	   4.0682795528483051e-01	   6.0231166507203227e-01	   3.7778941523326837e-01	   4.4774501989916271e-01	   4.6700089046111393e-01	   3.7144694391946786e-01	   2.6421739632716029e-01	   1.8146510635649593e-01	   3.3177833694739541e-02	   1.3612681424657935e-01	   4.6490770852151359e-01	   4.2177352087726089e-01	   2.9131840468681114e-01	   2.6663286063147718e-01	   4.3899655630095069e-01	   4.6281159191693849e-01	   5.5179107756030077e-01	   6.3630849479208895e-01	   4.6739967560804085e-01	   6.5421544306455770e-01	   7.8169838002344672e-02	  -5.5076883700169832e-02	   2.9139292253054105e-01	   4.5718801542324283e-01	   2.5509357313799730e-01	   2.5037744596128458e-01	   1.4654160301166499e-01	  -8.3517510254415180e-03	   1.0462446332890754e-01	   7.9328772318208285e-02	   1.8987983721761359e-01	   1.7190779798734798e-01	   2.8285955386034223e-01	   1.3477556271816249e-01	   1.9988726963798398e-01	   3.3917404207178820e-01	   4.3390743752132266e-01	   3.0744411809515843e-01	   3.4830600504981712e-01	   2.7027991009972652e-01	   3.2583063020615666e-01	   3.9285529966234745e-01	   2.6035871813771172e-01	   4.6255572301752496e-01	   1.4453265643527052e-01	   4.1189238061723893e-01	   5.4930590045786168e-02	   1.6934721198867603e-01	   3.1823799375684914e-01	   1.5819177452964328e-01	   3.9199857970033836e-02	  -4.9408380666086014e-02	   8.7691720441271215e-02	   2.9040542786482271e-01	  -1.0710086771552282e-01	   3.8639826017250706e-03	   3.6538614155759519e-01	   5.0998596640040583e-01	   3.3420679300846590e-01	   3.1531485875040260e-01	   1.3273888428544395e-01	   9.4742942046301737e-02	   4.1754025565749031e-01	   4.4738625276702648e-01	   3.2413298527759238e-01	   3.0432647156440085e-01	   2.5133063178558646e-01	   8.4555602658147058e-02	   2.0843346127399912e-01	   1.9963650858571000e-01	   9.0775374061452280e-02	   1.0832324902448573e-01	   4.1927797087324525e-02	   1.4928503261072970e-01	   2.9589715028738339e-01	   3.5796273497951975e-02	   3.7084783535837390e-01	   5.3594882197315508e-01	   2.2329825621015129e-01	   1.2621942386303842e-01	   5.9987193006624882e-02	   3.6674879532366056e-01	
   4.7815186979347335e-01	   2.0056825814545334e-01	   6.9694748361198844e-01	   5.2036322175346839e-01	   4.1688517709198077e-02	   3.5430514597877760e-01	   0.0000000000000000e+00	   4.9530951267502937e-01	   2.7108245794539737e-01	   3.4177804571776899e-01	   5.9206825482904002e-01	   4.6976192793870264e-01	   6.0415328754284292e-01	   2.2610107214497294e-01	   1.1927541194031095e-01	   4.7351659187520816e-02	  -2.3993554659336291e-02	   6.2508563195504858e-03	   5.6428526004872781e-01	   5.3980206538287956e-01	   2.2016112160403591e-02	  -1.1429639554194562e-01	   5.3875230351375358e-01	   5.8286059034207671e-01	   3.2173952755344554e-01	   4.3005234615414567e-01	  -1.6054089122839316e-02	   1.5922480450611098e-01	  -5.8353964700847156e-03	  -1.1675755233009513e-01	   3.0353568176891738e-01	   4.3114232306615069e-01	   2.0871269394494096e-01	   3.1323277400592031e-01	   7.2335905360659453e-02	   2.4875663658775145e-02	   3.4821000951962888e-01	   2.2209397337340866e-02	   3.3345828593319038e-01	   5.3925938574963181e-02	   4.6513486499718992e-01	   1.8838678868893846e-01	   3.3811546482039495e-01	   3.8203834785152208e-01	   2.8893986754834527e-01	   2.3632246898993120e-01	   4.8808302245377300e-01	   3.9384608804638011e-01	   4.4699644807963074e-01	   2.7255546560593669e-01	   4.6020331180097074e-01	   4.8837740933768214e-01	   2.1162398231616125e-01	   3.2113557774364598e-01	   1.7420911804564779e-01	   3.8258641015642469e-01	   2.3295478599422945e-01	  -3.4980468524497876e-02	   1.6314439214872456e-01	  -2.9562176216508784e-01	   3.9209410474553885e-01	   2.0500756873481615e-01	   1.3246192234057230e-01	  -4.0742468421869973e-02	   5.1065213354136119e-01	   3.7353004019577341e-01	   3.3791318626673800e-01	   2.3833779245490339e-01	   1.0009690261896567e-01	   3.2492483644959852e-02	   3.1948554705988264e-01	   3.5828994991665519e-01	   2.8902882164247273e-01	   2.7852053571166330e-01	   2.6386995849208106e-01	   2.7280615862798724e-01	   1.8502125739230302e-01	   1.9974210596288910e-01	   1.8077745896340114e-01	  -1.6562035587722909e-01	   1.3573598999876213e-01	   1.4955819199831552e-01	   2.5815398068953771e-01	   3.7555519774683827e-01	   3.0924214237392378e-01	   5.3307534723094530e-01	   3.9226904694996401e-01	   3.7141220536427022e-01	   8.0024301677536727e-02	   5.6173076061816518e-01	
   1.1594449640164504e-01	   5.0068408124704855e-01	   2.9686134651697016e-01	   8.5921603872382968e-01	   4.2826942644868604e-01	   3.9549330632887730e-01	   4.9530951267502937e-01	   0.0000000000000000e+00	   5.3491384651248486e-01	   4.7802970127331812e-01	   3.1939126521409622e-01	   4.9941371012713154e-01	   1.8450357145934299e-01	   4.0957682070546875e-01	   3.2862159389530521e-01	   6.7487082279097735e-03	   9.4654341178271512e-02	   2.8090113840208397e-01	   3.9450902349266492e-01	   6.5353690713441437e-01	  -4.6462746770136377e-02	   7.0803651901983816e-02	   2.7650338913352523e-01	   4.7162254188585484e-01	   2.4608936940519410e-01	   5.7633912918985764e-01	   1.5882331166420319e-01	   1.9371502758431186e-01	   1.5074950028130987e-01	   2.2430717368991579e-01	   4.3274033274167889e-01	   4.2037502237926244e-01	   3.8307347668644204e-01	   5.1285964519278937e-01	  -9.5537083441156107e-02	   1.5192248863482744e-01	  -7.2989295470576504e-02	  -6.8683031685063164e-02	   1.0422440824223136e-01	   1.6381078280376044e-01	   4.9748343306425802e-02	   3.7935140107555965e-01	   2.4558364822355644e-01	   3.8323136073247005e-01	   3.7280049582910968e-01	   4.6681562272460841e-01	   5.5074655401258366e-01	   4.6056686093193389e-01	   2.9053110493926843e-01	   4.6225994452537833e-01	   1.9401569142637504e-01	   3.8219823807430536e-01	   4.4673081011996923e-01	   1.2144388780426460e-01	   1.4524309213231293e-01	  -1.2440402250803145e-02	   1.0661884471281649e-01	   2.9363401439021641e-01	  -2.3546081209666628e-02	  -3.6745952868006172e-03	   7.8165627268769425e-02	   4.2751197649535311e-01	   2.0042058045771950e-02	   3.1423941661302392e-02	   4.3335205233217627e-01	   5.9664231438980475e-01	   2.3522998882845891e-01	   4.5745152653366128e-01	   1.7165185586899051e-01	   2.1151593612402500e-01	   6.8565507671475823e-01	   4.6706522453841409e-02	   3.5123850212417085e-01	   3.8448097906676171e-01	   4.5925335485006380e-01	  -5.3414425158686218e-02	   2.2297528889615004e-01	   1.6876108038771864e-01	   1.3537630249731714e-01	   7.0402098781639118e-03	   2.7944421693826560e-01	   2.0845583013396424e-01	   3.4679270359118547e-01	   1.5373365596514188e-01	   6.8153379754746823e-01	   5.0346135352071719e-01	   1.8354996473404789e-01	  -3.2954890188965316e-02	   5.1696292052237791e-01	  -4.2588972781280321e-02	
   1.9196270908199098e-01	   4.1700576052099148e-01	   3.0188329308511785e-01	   5.7852227542065049e-01	   6.2709331059150053e-01	   4.0682795528483051e-01	   2.7108245794539737e-01	   5.3491384651248486e-01	   0.0000000000000000e+00	   6.8097583489522562e-01	   2.6023402415435865e-01	   3.5308889576487745e-01	   1.2984330231608718e-01	   3.9035626979346494e-01	   5.0759328611039423e-01	  -3.4150582808789659e-02	   5.9614031437792050e-02	   1.9176692059024603e-01	   5.9066283001572562e-01	   6.3759553409179615e-01	   4.0568032533793656e-03	   1.2409438880058701e-01	   2.9835396054989122e-01	   3.9975382412475646e-01	   1.3171416489089130e-01	   4.2370660845958852e-01	   3.1368614260339617e-01	   2.9872895105600711e-01	   1.5967968347740016e-01	   2.7815815473778349e-01	   3.2250969587226258e-01	   3.2992441560644459e-01	   5.9131844765075636e-01	   4.7793943032507635e-01	   9.1636081682747533e-02	   3.6615453925616864e-01	   2.2656094675646848e-01	   2.3123983271605542e-01	   1.0460602618920853e-01	   8.6252941224915336e-02	   1.7328789922308513e-01	   2.4910474192412652e-01	   2.9147102140538728e-01	   6.6635592223676487e-02	   2.4414800325117567e-01	   4.0429864430805734e-01	   5.1893461675402497e-01	   4.6079483757958656e-01	   4.1256652717505382e-01	   5.7024203662104778e-01	   3.9591223267364373e-01	   3.7605415841026246e-01	   3.6635264043646515e-01	   3.7554871462853190e-01	   3.2752481047590487e-01	   2.7463427839733917e-01	  -1.5987760929391914e-02	   1.3551036526312094e-01	   2.2957910281589650e-01	   2.9864240772550216e-01	   1.3711244053252972e-01	   3.2942005990182638e-01	   8.6790993563890473e-02	   8.8319598836025057e-03	   6.7429706025880787e-01	   7.5868191161118970e-01	   4.3070840518454362e-01	   5.3977988815881917e-01	   4.2093424059823198e-01	   3.9988111250093733e-01	   2.9616690677777741e-01	  -6.1157806138299325e-02	   2.0457427095462255e-01	   4.7867189836615587e-01	   3.4435811891827867e-01	   3.2614827452178730e-01	   4.9758188557097427e-01	   4.7955802478949455e-01	   2.8750537239511147e-02	   6.0818526318031502e-02	   1.8349528605302973e-01	   7.0336571995316816e-02	   3.7243350267805625e-01	  -2.5217531323416510e-02	   4.8004881587084192e-01	   3.2690101312939435e-01	   1.7361458160941012e-01	  -9.8326018585422115e-02	   3.1361130061773590e-01	   7.6111028217433804e-02	
   2.1675876823291715e-01	   3.2323637725339782e-01	   4.3816190660765830e-01	   5.5856913923394624e-01	   3.6517032665527449e-01	   6.0231166507203227e-01	   3.4177804571776899e-01	   4.7802970127331812e-01	   6.8097583489522562e-01	   0.0000000000000000e+00	   3.3431725508710808e-01	   5.4289698994613289e-01	   2.3226112286352646e-01	   4.7596803351324590e-01	   5.1547927016065231e-01	   1.6536247186553324e-01	   4.3981329733189224e-02	   1.2629909292131364e-01	   5.2537523367253691e-01	   6.1183302830601316e-01	  -4.7955385471174880e-02	   2.4881439828096918e-01	   4.4901346292686189e-01	   5.5812686665472855e-01	   1.5514493006400898e-01	   4.5996179805268439e-01	   2.3656539284518419e-01	   3.9561830193312791e-01	   3.2850791888343683e-01	   2.5514046199016616e-01	   3.7929510829482538e-01	   4.7895282669974160e-01	   6.0999605861381379e-01	   4.9144054416365418e-01	   1.5066632887868783e-01	   2.6149028017184445e-01	   2.5705177555607550e-01	   3.1167925036561750e-01	   2.8514005743645265e-01	   2.4020053869516050e-01	   3.1075662915242314e-01	   1.9302567003727028e-01	   3.1077211434045154e-01	   3.3762169625547162e-01	   4.1093217308585039e-01	   4.5607374850573479e-01	   5.0949177889998665e-01	   4.6700140636805787e-01	   3.6404418821989892e-01	   5.6139118446748593e-01	   3.7040770647724763e-01	   5.1921094616176267e-01	   1.9825190827946859e-01	   5.1494471402558784e-01	   3.3710559958918945e-01	   4.5936299420957327e-01	   9.8233432613532151e-02	   4.8125663642242869e-02	   2.7588732114344594e-01	   1.9333819786371953e-01	   9.2041867394211135e-02	   2.3071948839215528e-01	   5.7613468855737912e-02	  -5.3806067847097211e-02	   5.1879929224360288e-01	   7.9847342439762370e-01	   5.5552765899190426e-01	   6.0583248067673368e-01	   3.7368896256388662e-01	   3.0857094527541584e-01	   3.6501814820745904e-01	   2.7331363119892116e-01	   2.1882890227304708e-01	   4.1749180059359459e-01	   4.1010128232580040e-01	   3.0024635395418386e-01	   3.1847090234368408e-01	   3.6260907519146918e-01	   1.2012062393988271e-01	   4.7002858677982484e-02	   1.2647164613344630e-01	   5.5503539108041205e-02	   4.3856289647273206e-01	   3.9591417862281403e-02	   4.6184929407010433e-01	   5.3267010301876472e-01	   2.8993443390187251e-01	   7.0494130126232929e-02	   1.0862982081980076e-01	   3.2162155166050321e-01	
   6.3261440661346313e-01	   3.8104141893193033e-01	   6.9816972122634069e-01	   4.9746027097319778e-01	   6.5257916186816922e-02	   3.7778941523326837e-01	   5.9206825482904002e-01	   3.1939126521409622e-01	   2.6023402415435865e-01	   3.3431725508710808e-01	   0.0000000000000000e+00	   5.9121037070365845e-01	   5.3399758591092161e-01	   1.2287636079388745e-01	   1.6126098531911559e-01	   8.8143536697586886e-02	   3.7200587142959964e-02	   2.7680576325809711e-02	   6.5158935882506652e-01	   5.6842698893127219e-01	   5.3895100424543402e-02	   5.3885877082099617e-02	   6.1500327698864288e-01	   6.3609559865779053e-01	   4.2574027458044617e-01	   3.0119341946602274e-01	  -8.3030093848752803e-02	   1.4406110849285761e-01	  -8.0584676913911218e-02	  -2.8270702468667164e-01	   1.2086969635997585e-01	   2.7991891239308281e-01	   1.0833307439156237e-01	   1.4967601451768534e-01	   3.0999818665097234e-01	   1.3490146487827048e-01	   4.2044597319444554e-01	   1.7279728233185454e-01	   4.0421243928444295e-01	   7.5526988021055466e-02	   5.2830315284168261e-01	   1.6029834016339711e-01	   3.1462332100536550e-01	   4.6070678473300064e-01	   3.6356836710281298e-01	   2.0812252048657695e-01	   4.8030421680179197e-01	   4.9781032613043785e-01	   2.7588532277953581e-01	   2.1395762098919488e-01	   4.1010245501924047e-01	   4.4345615824999096e-01	   2.5792503642975806e-01	   1.5923492386551463e-01	   1.0770721618287210e-01	   1.6592591202880813e-01	   1.9407916172670425e-01	   1.0215705034131274e-01	   3.6992599844583252e-02	  -1.2126296336274020e-01	   2.0517724663155740e-01	   4.9901436668971566e-02	  -1.2019027264833786e-01	  -1.0449635776305644e-01	   5.5062359556242291e-01	   3.3095958610261578e-01	   3.0308009435490607e-01	   1.7976779853821073e-01	   2.7798393125632059e-01	   2.0353021831155693e-01	   4.2233820293844676e-01	   4.9090443056473182e-01	   3.7361542711881335e-01	   2.5665204256606872e-01	   5.4161988919000892e-01	   3.0822849697798965e-01	   3.0768914507512712e-01	   2.9275346161421067e-01	   2.5194694951347424e-01	  -1.8118684130215321e-01	   1.0529387453096417e-02	   6.8461463221152610e-02	   2.5140002766808645e-01	   2.4560334282395813e-01	   3.4976462689445315e-01	   3.6951153381825769e-01	   4.0089551952945757e-01	   1.9129813668280993e-01	   1.6716002778990580e-01	   3.5580120134207177e-01	
   3.6502144520274837e-01	   6.1369216411039473e-01	   4.5959868650088603e-01	   6.2460364277158309e-01	   1.4480122576115267e-01	   4.4774501989916271e-01	   4.6976192793870264e-01	   4.9941371012713154e-01	   3.5308889576487745e-01	   5.4289698994613289e-01	   5.9121037070365845e-01	   0.0000000000000000e+00	   3.1558486315498530e-01	   2.9451621981423276e-01	   3.5536196554080035e-01	   3.4147797858638484e-01	   6.1884458073122220e-02	   6.6673292381398214e-02	   5.0433555841041988e-01	   5.2443269685560523e-01	  -1.0461576598865668e-01	   1.2378193699433893e-01	   4.6790060080532853e-01	   6.1841762414879398e-01	   3.6991427338768273e-01	   3.7487598908824149e-01	   9.2041298072248479e-02	   1.3508993176264561e-01	   9.1464682394924141e-02	   1.3271990133239740e-02	   1.1854862860484625e-01	   2.8392410038862448e-01	   1.0198995323053947e-01	   1.5992808471478770e-01	   1.5845138697414918e-01	   1.5975895347480484e-01	   1.6663051511255939e-01	   1.5016797536141921e-01	   2.2243591873207025e-01	   2.4280016837542556e-01	   1.7883192946328683e-01	   1.6057772327512565e-01	   2.8149932168471481e-01	   4.7298381123042793e-01	   4.4697833733775655e-01	   4.4847199070539334e-01	   5.0559122442835935e-01	   4.6583218952300076e-01	   3.8155153272166553e-01	   5.2454358099243459e-01	   4.5714204408985704e-01	   6.6333158088789079e-01	   3.3799776309368434e-01	   2.3267190172442709e-01	   3.0659900144824115e-01	   2.6217685365344240e-01	   8.3112470089916041e-02	   5.4535514974116225e-02	   8.3392841576258564e-02	  -9.9088174942815369e-02	   1.4632694028181070e-01	   2.1700518773409205e-01	   5.3746046287716240e-03	  -9.7386780760652630e-02	   4.2480547881240754e-01	   4.7521467360879843e-01	   3.4344904818880923e-01	   4.3444603362181033e-01	   2.2912905973886666e-01	   1.6377283016738448e-01	   4.0919662607310947e-01	   3.4768812711944075e-01	   1.9068575969295881e-01	   1.5296075285437299e-01	   3.2548908602037296e-01	   1.7000039944099515e-01	   1.8147710286756261e-01	   2.1253752457836006e-01	   1.5730311158080815e-01	  -1.8921401475856067e-01	   7.9893293842163732e-02	   3.5901851346040084e-02	   4.1298821067164360e-01	   4.4331033589722824e-01	   5.5476408786487030e-01	   6.8464197136932436e-01	   3.9408236029734889e-01	   3.4660851750203586e-01	   2.7800761484776437e-01	   3.2599745531837659e-01	
   5.4813101742224479e-01	   2.4798557079484924e-02	   7.2976216635790458e-01	   3.5681491480495081e-01	   1.2775880759000305e-01	   4.6700089046111393e-01	   6.0415328754284292e-01	   1.8450357145934299e-01	   1.2984330231608718e-01	   2.3226112286352646e-01	   5.3399758591092161e-01	   3.1558486315498530e-01	   0.0000000000000000e+00	   4.7299414423796093e-01	   1.9543564047680967e-01	   1.2278834045598522e-01	   2.7250496613158437e-01	   3.4036524274722191e-01	   6.1033565299307124e-01	   4.6755757191942349e-01	   3.2621888877108024e-01	   6.8388955209016555e-02	   6.6129284703252589e-01	   5.4744003528602114e-01	   5.1762782787914952e-01	   4.2281805385864069e-01	   1.0898675794264560e-01	   3.0691948238702660e-01	   1.6927366046188047e-01	   2.0099034353355458e-02	   2.8652746436933585e-01	   4.0658466665854709e-01	   1.1813861911086715e-01	   2.2710787992023579e-01	   2.7090718003682418e-01	   5.0462302946478840e-02	   3.5848603837887122e-01	   1.8950763187429268e-01	   2.6220032342560828e-01	   5.4498569288710962e-02	   6.2400613747055866e-01	   1.2680938557543120e-01	   3.6333144281873059e-01	   4.0932680743715399e-01	   3.1589166928822288e-01	   1.0754514103745441e-01	   4.2492854787871237e-01	   3.7080421879920922e-01	   3.3438180372191123e-01	   1.2755499160668857e-01	   4.0019882764227355e-01	   4.1653928660539541e-01	   8.6443249587840526e-02	   3.4441084056530091e-01	   6.8763788982524943e-02	   3.6737121831253372e-01	   3.9315437699229666e-01	  -5.1016947210119363e-03	   1.1854204349744921e-01	  -2.3680716022844966e-01	   3.1295156739963981e-01	   9.1565052047389031e-02	   9.6725879593058020e-02	   1.2113242106316330e-01	   4.8425291878228338e-01	   3.1183040586856620e-01	   3.0500311480543996e-01	   9.5784811509074586e-02	   1.8012666142364331e-01	   7.0846006648732376e-02	   3.4740079279418157e-01	   5.5289722340817427e-01	   5.6513942640069270e-01	   3.6018115335926859e-01	   2.7662057219433522e-01	   1.7151600422845875e-01	   1.6476967784712496e-01	   1.5507810874677957e-01	   1.3091180586960433e-01	   2.6365974774858891e-01	   1.8054055564144278e-01	   4.0728191937834823e-01	   3.6739045079815513e-01	   1.3102064203270211e-01	   1.7102524921105502e-01	   3.2993823628740893e-01	   4.3196621742989749e-01	   1.2823035253544840e-01	  -1.4204331496276706e-01	   5.5201835420125422e-01	
   1.9712147545008385e-01	   9.3382927503746299e-02	   2.8652443717820780e-01	   3.4743845010772462e-01	   3.6416613463632741e-01	   3.7144694391946786e-01	   2.2610107214497294e-01	   4.0957682070546875e-01	   3.9035626979346494e-01	   4.7596803351324590e-01	   1.2287636079388745e-01	   2.9451621981423276e-01	   4.7299414423796093e-01	   0.0000000000000000e+00	   8.8312010772640670e-02	  -2.8574886230942770e-01	   5.1213581815454556e-01	   7.0121323907826238e-01	   3.4428886417499049e-01	   5.2975268434962697e-01	   1.3235963745274576e-01	   3.2226017143705266e-01	   2.8438342988412563e-01	   2.2187908629502928e-01	   1.8626948251759223e-01	   4.4278968803117169e-01	   2.1724704730396133e-01	   1.9781029221373730e-01	   5.3700487334617675e-01	   4.8830333020272221e-01	   4.1622530692784188e-01	   3.9529813565657712e-01	   4.7072051927483638e-01	   5.0678141599651849e-01	   6.5431756503674471e-02	   1.9686742804808555e-01	   5.8575097347226567e-02	   1.6086010228419101e-01	   7.8828425741620037e-03	   1.3548287840966750e-01	   2.1837772459264440e-01	   2.5006630227774501e-01	   2.8137429515103202e-01	   2.8427619282062166e-01	   2.2984050901534092e-01	   3.4964080034331152e-01	   4.5412639962905699e-01	   3.7566792981586250e-01	   1.9154854089467771e-01	   3.5866227667048189e-01	   1.8803923056837168e-01	   3.6630524870211634e-01	   1.2076530188180329e-01	   4.1560235155453423e-01	   1.3810535402658591e-01	   3.4657829604039619e-01	   3.1642905722833353e-01	   2.1975137857879146e-01	   2.9807360798461169e-01	   8.8703477659092506e-02	   1.1773888433281758e-01	   2.5672752496034590e-01	   1.4682056306881539e-01	   2.3206340815305837e-01	   2.7876124284739440e-01	   5.3299683630631445e-01	   3.0259420506291257e-01	   3.5437304038946432e-01	   3.9251543602838529e-01	   3.0757436081149270e-01	   4.1463361010031696e-01	   2.4598987915847914e-01	   4.3509894312343633e-01	   3.9742535277339985e-01	   3.0814611011528792e-01	   8.8134422315576083e-02	   3.1884774945884498e-01	   3.0935918834213322e-01	   2.4417527363426572e-01	   4.4092199957329636e-01	   4.9032459689195107e-01	   4.6840946336577594e-01	   3.2733191406692369e-01	  -3.3157085467961728e-01	   2.1395121962860336e-01	   2.3305630057079740e-01	   1.3487660346242493e-02	  -4.5942153435084787e-01	  -4.7369184697594602e-02	   3.2529724253121989e-01	
   2.2694545852128392e-01	   4.0519673615989316e-01	   1.5703813035314501e-01	   4.4105436422371092e-01	   1.1967214689087191e-01	   2.6421739632716029e-01	   1.1927541194031095e-01	   3.2862159389530521e-01	   5.0759328611039423e-01	   5.1547927016065231e-01	   1.6126098531911559e-01	   3.5536196554080035e-01	   1.9543564047680967e-01	   8.8312010772640670e-02	   0.0000000000000000e+00	   4.6013688448407175e-01	  -7.2363937828433214e-02	  -1.5104682816295147e-02	   3.5569918335052586e-01	   2.7731982980152570e-01	   5.3370539246513957e-02	   2.7687731545404554e-01	   1.8374598514638443e-01	   3.4852679939671349e-01	   9.5125376465464831e-02	   2.4950835848889016e-01	   1.5593828327716289e-01	   2.5422144635454860e-02	   1.7503328232897136e-01	   2.3713021214483210e-01	   1.9298329237092410e-01	   2.0592659946186292e-01	   2.6648732162940075e-01	   2.0650094991694712e-01	   1.2237467061351846e-01	   3.2526585709258549e-01	   2.0645627243564674e-01	   4.6878562094741844e-01	   1.5661660680906964e-01	   2.4031552350208557e-01	   2.1884471019883467e-01	   2.5370390192706971e-01	   2.0957652409080857e-01	   2.3279047935129876e-01	   2.2442564987733199e-01	   2.6920881301443161e-01	   3.2682797839592859e-01	   3.3099556363346361e-01	   3.8814705670342553e-01	   5.1096847799430645e-01	   4.4550355412667519e-01	   3.8785256994172235e-01	   3.4663925602323947e-01	   1.3711855822212049e-01	   4.0834789650953124e-01	   1.6971616342118623e-01	  -9.9784666677420336e-02	  -5.3658777332853437e-03	   1.0548668477766573e-01	   3.1461596551016424e-01	   1.3648373739247854e-01	   2.6611263514765682e-01	   1.1217792815408481e-01	  -1.4412987542528949e-02	   5.0152124654517383e-01	   5.1829301208551293e-01	   3.3207759627310562e-01	   3.8757223647651706e-01	   2.3173424511028928e-01	   1.8172119036053505e-01	   2.8444527438606748e-01	   1.0076586874660945e-01	   5.5382213490896538e-02	   4.6717075642248795e-01	   2.6547152700266197e-01	   3.6027194114555472e-01	   1.4924216162141132e-01	   1.1847064050034634e-01	  -2.7165860999406966e-01	   1.7873465304764935e-01	  -2.8075300074386973e-02	  -2.0336136230750007e-02	   5.8492358724162652e-01	   2.7448840887092901e-01	   4.1794935336947081e-01	   2.9073123719354349e-01	   3.5241471582650608e-01	   2.5991758183456520e-01	   2.5663752060363976e-01	  -2.1963984329031093e-02	
   1.5569697020264589e-01	   3.3309165668713359e-01	   9.1443562030488812e-02	   1.6418694281616678e-01	  -1.1320078590480603e-01	   1.8146510635649593e-01	   4.7351659187520816e-02	   6.7487082279097735e-03	  -3.4150582808789659e-02	   1.6536247186553324e-01	   8.8143536697586886e-02	   3.4147797858638484e-01	   1.2278834045598522e-01	  -2.8574886230942770e-01	   4.6013688448407175e-01	   0.0000000000000000e+00	  -7.8963620070839236e-02	  -3.9032836260499931e-01	   1.9988294462296149e-02	  -3.2772464329434307e-02	  -1.2829611085212281e-01	  -1.1724266517817822e-01	   1.3963514878605038e-01	   2.6748827525673824e-01	   1.8608411252426843e-01	  -2.6455587163675433e-02	  -1.6805741571738380e-04	   3.0690552032319608e-02	  -2.7287532154362037e-02	  -1.3556389938063623e-01	  -1.7609484567512573e-01	  -3.4457882180371303e-02	  -2.5990363062483252e-01	  -2.0816386829457245e-01	   1.5960249653168859e-02	  -9.4310057063768146e-02	  -1.5578814446632755e-01	  -1.0352507585089754e-01	   3.4339972846506840e-02	   1.3568573363579478e-01	  -3.7645103102483916e-02	  -6.8414541043022428e-02	  -8.9583688180575854e-02	   1.2141072825100655e-02	   9.4916627734555004e-02	  -3.5942312896780175e-02	  -8.2167392390925131e-02	   2.4725071644953890e-02	   2.5607609521136124e-02	   1.6807745225156931e-01	   1.1657164427523278e-01	   2.1159139427485996e-01	  -2.6405449792503721e-03	   9.2783230492959196e-02	  -1.7920314835737972e-02	   8.0993380150225489e-02	  -3.2465861380163046e-02	  -1.9515882499896625e-01	  -1.7880958177722822e-01	  -9.6765646647458792e-02	  -5.0094675532465202e-02	   3.7043289797092462e-02	  -6.8417136922757221e-02	  -1.2839246154350392e-01	  -6.8050305799945976e-03	   2.6676691349044337e-02	  -8.2043219276354329e-02	   1.3276882336849743e-02	  -1.1164197712489872e-01	  -1.2659957904873448e-01	  -7.0888443627819236e-02	   3.7381497930190355e-02	  -1.2496085251981094e-01	  -1.9626154747896848e-02	  -2.0191717223235162e-01	  -1.5263889684733475e-01	  -3.1443791083765621e-01	  -2.5312714998561003e-01	  -2.2862760551154226e-01	  -2.0978739793412993e-01	  -2.9947624359976543e-01	  -1.5539068635510675e-01	   1.9194201470459810e-01	   6.2035753186518217e-01	   1.8584500718307015e-01	   3.1239693850252270e-01	   3.4226651142244924e-01	   6.5022872603110526e-01	   5.2285100061131448e-02	   1.1198817055008076e-01	
   1.9738970025043323e-01	   1.6494684990617620e-01	  -1.1635934376442025e-01	  -2.1312027985020847e-02	   1.7620028274948535e-01	   3.3177833694739541e-02	  -2.3993554659336291e-02	   9.4654341178271512e-02	   5.9614031437792050e-02	   4.3981329733189224e-02	   3.7200587142959964e-02	   6.1884458073122220e-02	   2.7250496613158437e-01	   5.1213581815454556e-01	  -7.2363937828433214e-02	  -7.8963620070839236e-02	   0.0000000000000000e+00	   5.6033458913879119e-01	   1.2060342738193278e-01	   3.4377738417686166e-01	   2.2210591497608515e-02	   1.4919750561304695e-01	   4.3225847890011451e-02	  -5.0963848160471448e-02	   1.0818601595590602e-02	  -1.4067877167759868e-02	  -3.8035612511204991e-02	   2.3440102868194077e-02	   5.7003543466750439e-01	   4.2891196424035594e-01	   2.1408314920758248e-01	   1.1713886003050553e-01	   3.3342892080047359e-01	   3.7350590575418119e-01	  -1.2687602304414847e-01	   1.3849660386210203e-03	  -4.2012582015298006e-02	   6.5755142414699236e-02	  -7.9084560609411589e-02	   1.0910381505403474e-01	   1.8145802577847542e-01	   2.6069513491127461e-01	   2.1737897137910314e-02	   4.7533882272240514e-02	  -1.0597240261517774e-01	   2.3833761222701269e-02	   1.2545784749950695e-01	   1.2535375266013213e-01	  -1.3664305564994239e-01	   2.2510403088747952e-02	  -9.6619975535341684e-02	  -1.0401785076607481e-01	   4.6879637285504256e-03	   1.3904045297322987e-01	  -9.2323248851967910e-02	   1.2974511311052994e-01	   3.8321971561246088e-01	   3.7386650153946221e-01	   4.0104477573071451e-01	   2.3681468889866053e-01	   3.6311137388729253e-01	   2.3398753799081384e-01	   5.4725602647524951e-01	   5.1779798985240155e-01	  -1.0014290248213412e-01	   4.5822354545987598e-02	   8.1486408780389499e-02	   9.8332405955995045e-02	   4.6755180590148321e-01	   4.0235410061953636e-01	   2.7645583564687898e-01	   1.4948610774572818e-01	   3.9978735426505529e-01	   2.1126285885059007e-01	   8.4476867514066523e-02	  -5.5589181993482985e-02	   1.7500403824406430e-01	   7.7053906286183041e-02	   4.0341639586295208e-01	   2.8748790748303948e-01	   6.9174052997416968e-01	   5.4866302722419669e-01	   3.0626502710624737e-01	  -8.2652027512542164e-02	   2.3837128826353060e-01	  -9.1272999443569505e-03	  -1.4046961244122212e-02	  -3.1589978181932399e-01	   1.3864408555516311e-01	   5.1862689819422686e-02	
