   0.0000000000000000e+00	   1.7164527494416887e-01	   1.2151740251068904e-01	   2.7908285345498057e-01	   2.1259958576912261e-01	   6.9008067212868274e-01	   5.0509791242398863e-02	   7.2962544242002214e-01	  -3.2359603106516094e-01	  -4.7008692698505250e-01	   8.8794829808762721e-01	   1.2467316551589444e-01	   1.5573068073992410e-01	  -6.3245828342330473e-02	   3.5617574513001726e-01	   6.7279517979179859e-01	   8.5074048260466484e-01	   2.2413108468462867e-01	  -1.0403883728002293e-01	   1.6686115699635101e-01	   1.0376209108204643e-01	  -1.0125415927538808e-01	   2.0029429250764902e-01	   4.7147804258155424e-01	   4.9986262778344259e-01	   7.4181024779648252e-01	   6.2407942437870445e-01	   6.0929756211713060e-01	   6.8511443992859888e-01	   3.2671634062465604e-01	   6.9733359227523406e-01	   8.1021096795340486e-01	   2.8044450039100788e-01	   3.8053781139195592e-01	   2.5076024436565802e-01	   2.8263370279436240e-01	   2.3088559400752062e-01	  -2.8954043085380621e-01	   5.1694193308582093e-01	  -2.9898290518958159e-01	   4.1649399973968082e-01	   1.6486683274082699e-02	   5.2385546318099085e-01	  -5.2889458764250469e-02	  -6.5884612635708342e-02	   2.6017681527704067e-01	  -2.5967741519240267e-01	  -2.6937231974261555e-01	  -8.5495597891856373e-02	  -1.1868640370116929e-01	   4.7592959857222589e-01	   3.8681891537762164e-02	  -2.4731585566413328e-01	   3.5692063236898880e-01	   9.0452827478901557e-02	  -2.6052545865804788e-01	   9.5878548508313033e-01	   2.6690504865304732e-01	   3.9086579963923540e-01	   1.4555140214810569e-01	   7.6405870815366828e-01	  -9.9087531326207387e-02	   7.0664822155638756e-03	  -1.7404113308956493e-01	   7.6964030727855115e-01	  -8.9216304410241906e-02	   7.0731143526494622e-01	   2.7687331093917017e-01	   8.0725602452999068e-01	   2.2600975066880663e-01	   7.8981117786040722e-01	   4.4755350860716114e-01	  -7.2164537014953345e-02	   2.9532432161547123e-01	  -1.1204547452303144e-01	  -2.1665586565807626e-01	   5.3776293251600193e-01	   2.2200539672373648e-01	   8.2766436575415803e-01	   5.7320531994363721e-01	   6.6210609106220808e-01	   1.4979584701887921e-01	   4.6916347868985953e-01	   3.6914254705291405e-01	   7.8510723764782786e-01	   8.3383007990637775e-02	   6.9117283562730247e-01	   1.8887271317296267e-01	  -7.9598754103391428e-02	   1.3272187788921440e-02	
   1.7164527494416887e-01	   0.0000000000000000e+00	  -2.5958225322768713e-01	   3.0283796953384085e-01	   5.1726428770612554e-01	   6.0338948704891937e-01	  -3.0800921319719610e-01	   6.0889767721003007e-01	   5.7147946564546215e-01	   2.3942321783041676e-01	  -2.5726219222754228e-04	   6.0205188890070871e-01	  -2.4246438714642787e-01	   6.2892120239282456e-01	   5.9440208836975672e-01	   2.3056804970425299e-01	  -8.1536209714359348e-02	   5.1787449557728427e-01	   3.0446119373047731e-01	   8.7159736841457403e-01	  -1.5125101323486531e-01	  -5.2961790811551646e-01	  -1.1425643145865241e-01	  -1.2198311260580852e-03	  -2.5175856352589349e-01	   3.5109642057082557e-01	   1.6001802144621891e-01	   4.7354464566474430e-01	  -2.7163510024133042e-01	   3.0739263932470545e-01	   3.1051113567578281e-01	   2.6837660486544113e-01	   3.7181605279984753e-01	   6.2946747946572801e-01	  -3.9873602069692604e-01	  -2.2182552834372704e-01	  -8.1161979790336414e-01	   1.7110032155324162e-01	  -4.3488696330260224e-01	   8.4576825133234890e-02	  -2.3642115605793945e-01	  -4.5643936549019537e-01	  -4.9852631354576871e-01	  -6.9772962072233580e-01	  -5.8526579968691250e-01	   9.5993118420681409e-02	  -5.1342289150222387e-01	  -3.6998405282410141e-01	  -5.2866164929931048e-01	  -1.2224647476004163e-01	  -3.9869528413529698e-01	  -1.4176497249668263e-01	  -1.8448247891304176e-01	   1.0276130704825505e-02	  -2.7847989423430991e-01	  -6.2014043108402299e-02	   2.3639875687307135e-01	   8.8931327440789865e-01	   4.4214072817688188e-01	   7.7583631222028049e-01	   1.4885485417330227e-01	   8.6916467435239864e-01	   6.8052005885675071e-01	   9.0843979147903298e-01	  -3.2350191520261268e-01	   1.6502755440339922e-01	   5.1598718420660106e-01	   1.3198628025265055e-01	   7.1531432081588531e-01	   9.2944570131832793e-01	   2.5062168816200936e-01	  -1.5711234050695952e-02	  -1.9312268808749244e-01	  -2.2395691758028613e-01	   1.0268762783439819e-01	  -7.7470185382356005e-01	   2.9808970161998993e-01	   6.7982058943940726e-01	  -1.1710112057436328e-01	   3.1970215585710199e-01	   5.3165603181743804e-01	   2.4732923390298023e-01	   6.9969157870140256e-02	   2.5041485344289738e-01	  -1.7539733954999692e-01	   6.3855558563969228e-01	  -4.7365486438649262e-01	  -2.3376293402838555e-01	   5.8945866901899890e-01	   6.8955220029480924e-01	
   1.2151740251068904e-01	  -2.5958225322768713e-01	   0.0000000000000000e+00	   8.1827979997286593e-01	   1.2577903822215256e-01	  -3.5691752665514914e-02	   9.4528219795687574e-01	   3.2820396074236013e-01	  -2.5819158992321861e-01	  -1.9326602366215981e-01	   2.8967324091833790e-01	  -4.7557027061932633e-01	   8.1618789627057209e-01	  -2.9494210846496338e-01	   1.9889622158831805e-01	  -3.9130133154716534e-01	   2.4251864787439240e-01	  -5.1235531571296344e-01	   6.8126576001230399e-01	   1.9006542212276961e-01	  -3.0070722078151602e-01	   3.7556091075494824e-01	   9.7714374554219152e-01	   9.0980658352477695e-01	   7.6744238842330548e-01	   1.8810847307502110e-01	  -2.9408526951115921e-01	  -5.6837021250463871e-01	   6.8654085306237879e-03	  -5.2043335228530996e-01	  -2.0820205531012087e-01	  -2.9042210870840823e-01	   7.2362890792929369e-01	   4.8290721885584598e-01	   9.4652431773870105e-01	   9.6222256432145237e-01	   1.0570900527015192e-01	  -6.0178500155411363e-01	   7.6140560864168805e-01	   3.5717232692003464e-01	  -2.4238492672961987e-01	   8.7891102423550471e-01	   7.4178686720048259e-01	   7.6700318748904472e-01	   8.1492714181282033e-01	   8.4526023700234276e-01	   8.5112099118574869e-01	   8.5562999464437883e-01	   9.2595497494615797e-01	   9.1880677980865133e-01	   8.3904485692057273e-01	   9.6657347561473106e-01	   6.8584218139931075e-01	   6.7480918135709533e-01	   9.0305609142192333e-01	   7.2446343259729529e-01	  -1.3884596800144403e-01	  -3.4970937602344299e-01	  -7.4806794776405738e-01	  -7.1808461474903451e-01	  -4.7577047857591420e-01	  -1.5771268592105700e-01	   4.8253334749100341e-01	  -3.8232023711545260e-01	   5.7143966569111282e-01	   6.8377793949578591e-01	   4.5418400198604186e-01	   7.2331079734064974e-01	  -3.9445853931963142e-02	  -3.9182119714603103e-01	  -3.4618598391838173e-01	  -6.8854113171424514e-01	  -3.6225615639302583e-01	  -6.0849553482868551e-02	   6.5219327857556175e-01	   3.9201006270606220e-01	   6.9687543326434520e-01	  -5.1805941466138028e-01	   5.5342285572823824e-01	  -3.1845129329125321e-01	   4.8028273697385637e-01	   6.8813615854455412e-01	   8.6668332213036714e-01	  -3.2654116109136891e-02	   6.5499941237987624e-01	   1.8570710253526612e-01	   5.0703528488280425e-01	  -2.9696131753658422e-01	   4.2844841543331663e-01	  -8.2630596252098432e-01	
   2.7908285345498057e-01	   3.0283796953384085e-01	   8.1827979997286593e-01	   0.0000000000000000e+00	   5.6740295050219491e-01	   4.3710364234053706e-01	   7.7434058880079448e-01	   7.3888809999302452e-01	   1.6058116616287163e-01	   3.4460616030110178e-02	   3.1440280019896838e-01	  -2.5755198095241561e-02	   7.6030939619297278e-01	   2.0038524661847487e-01	   6.6480693339764718e-01	  -1.1301887151430667e-01	   2.4368840161427952e-01	  -7.9692372387992372e-02	   8.0504390094652778e-01	   6.6462548667751786e-01	  -2.2689391760750049e-01	   1.9630775038820980e-01	   8.9931959052418264e-01	   9.1588187666576748e-01	   7.1822265419792441e-01	   5.3648955766529682e-01	  -2.6980770306433834e-02	  -2.1255566433845380e-01	  -4.2846217680927348e-02	  -1.6440625058915656e-01	   9.0945034337787528e-02	  -2.5379164509347261e-02	   9.2813458354764267e-01	   8.5045046860204976e-01	   6.9101976699993084e-01	   8.4051367974816571e-01	  -2.7601239066153910e-01	  -3.7961247962979294e-01	   5.7963928466115333e-01	   4.9148110696876707e-01	  -2.3694054042044049e-01	   6.3767806805783678e-01	   5.1946788586599912e-01	   4.0595578670501131e-01	   3.9983538161891929e-01	   8.9171268805773252e-01	   5.5226314375972052e-01	   6.2803796241511844e-01	   5.6697699001175594e-01	   8.2772092392769736e-01	   6.2649846447258950e-01	   8.6188897186915558e-01	   6.0306258249833511e-01	   7.3551822360984065e-01	   7.9364810484216819e-01	   7.1250759389446761e-01	   4.9126152680515900e-02	   1.9219990339935067e-01	  -4.4305177399271167e-01	  -2.4052084213311553e-01	  -3.4689970623169841e-01	   3.3438511171751273e-01	   8.0940103842242006e-01	   1.4355712385800976e-01	   3.7685815446042903e-01	   8.2829186712012437e-01	   7.9520618039188173e-01	   8.6420698451755107e-01	   4.0907226606637681e-01	   1.4010724030988447e-01	  -1.1338502023613325e-01	  -6.3316238314684981e-01	  -4.1589851993370464e-01	  -1.2731701542518120e-01	   7.3206315897271534e-01	  -7.6930958548433681e-02	   8.8529753539333877e-01	  -1.1595849945056326e-01	   5.7274799161560952e-01	   3.6962157096336379e-02	   8.3269741643797679e-01	   9.0430924228965104e-01	   9.4063693464405973e-01	   2.4880144039092750e-01	   5.7361312750956328e-01	   6.1235352948935728e-01	   3.1696377922445007e-01	  -2.9481946258741870e-01	   7.9914599797908514e-01	  -3.7714973572072163e-01	
   2.1259958576912261e-01	   5.1726428770612554e-01	   1.2577903822215256e-01	   5.6740295050219491e-01	   0.0000000000000000e+00	   8.1836653099050283e-01	   2.8519564740065917e-01	   6.5500135990206265e-01	   7.8401743016032510e-01	   6.5373841629759211e-01	  -3.9044941262283799e-02	   4.6734893487354967e-01	   5.4991447908395075e-01	   8.3763471405187007e-01	   9.7823558901965113e-01	   3.5386121636710322e-01	  -3.2622042111655244e-02	   5.1987608035962307e-01	   4.5859252713870136e-01	   6.3369234397682894e-01	   3.0809015231684944e-01	   2.9255357828430040e-01	   2.7930900205505987e-01	   3.4668402221165889e-01	   4.8085034335370647e-01	   7.4437873232267271e-01	   5.4677149051992746e-01	   2.3607128424872220e-01	  -3.3368946895679104e-02	   5.6508963335209295e-01	   3.7354935098882419e-01	   2.5816134540416580e-01	   4.5690792765473753e-01	   5.6319405104349984e-01	   5.5349041364018955e-02	   2.5451000874336266e-01	  -3.0208554905218504e-01	   3.2421776001926961e-01	   1.6584153022703546e-01	   6.7624937715571287e-01	   6.1026883892264364e-02	   1.0825182819933046e-01	   1.7312017207044186e-01	   7.8443165114671476e-02	  -2.5651729510708399e-01	   4.7154215550385759e-01	   1.0499584653382930e-01	   1.9764056932945034e-01	  -1.0886089474811511e-01	   3.3382337114433436e-01	   1.3873038116450104e-01	   2.9271597128296423e-01	   4.5408876724980402e-01	   5.8959745822141774e-01	   4.1655888012318831e-01	   4.7702197738497687e-01	   1.0091763073533852e-01	   4.9520492181524239e-01	   1.8336798049353044e-02	   2.7294361193408584e-01	  -1.3638097410479852e-01	   4.7734977675829809e-01	   4.4489588370206168e-01	   4.8624066119663900e-01	  -1.4207110421698310e-01	   6.7707281084150461e-01	   6.4106081420429606e-01	   6.8745284040775145e-01	   4.7692471743456161e-01	   4.5283509572016090e-01	   1.2133298221688460e-01	  -2.4937757407984146e-01	  -2.0879043251213145e-01	  -1.6947880451800321e-01	   3.9643976913454537e-01	  -4.7633027367048680e-01	   4.4029000319986561e-01	   2.1118503077243514e-01	   3.0795046724987002e-01	   7.0114438708370108e-01	   6.5727737182818646e-01	   7.1371992390170469e-01	   4.8212192318793262e-01	   5.4801846899172768e-01	   7.7367513993381293e-02	   7.3672007729878874e-01	   1.7705841980710884e-02	   6.9244850509635192e-02	   7.8824660434432148e-01	   3.1196307116833843e-01	
   6.9008067212868274e-01	   6.0338948704891937e-01	  -3.5691752665514914e-02	   4.3710364234053706e-01	   8.1836653099050283e-01	   0.0000000000000000e+00	   4.1505355917256223e-02	   8.5034708427844719e-01	   4.5763695955262723e-01	   2.4846384427538776e-01	   3.9741602858241876e-01	   4.8683624671506692e-01	   2.9303150013446183e-01	   6.2417700906510387e-01	   8.8270251144512779e-01	   6.6322923247212340e-01	   3.7155895287394713e-01	   5.7387508342438631e-01	   2.0507147503294215e-01	   6.0172319922158701e-01	   2.5229595628630197e-01	  -1.0680933518907951e-02	   1.2607238142679678e-01	   3.4415566038084544e-01	   4.3912883779580220e-01	   8.9433260755126043e-01	   7.5080351387671707e-01	   6.1720475614122117e-01	   2.8283367823473393e-01	   6.4208472891501400e-01	   6.6697044524408866e-01	   6.6796002934383769e-01	   3.7483587459745354e-01	   5.6841312845661474e-01	  -9.2306001680763361e-03	   1.4239110514125625e-01	  -2.1381536893878647e-01	   1.3763756160348073e-01	   2.0431193179902890e-01	   2.3006512160140474e-01	   2.3334794501759981e-01	  -1.3128069350300978e-01	   2.2745923742805202e-01	  -1.7802456949542189e-01	  -3.8067603340843875e-01	   3.5656652203372607e-01	  -2.6541850713750986e-01	  -1.8436423389038037e-01	  -3.1682097119260366e-01	   8.2036257592556609e-03	   1.8637937192727427e-01	   5.6819573412730723e-02	   5.7466145808333140e-02	   5.0672128159827856e-01	   1.4523079801626754e-01	   4.8975911427807405e-02	   6.3838413049168896e-01	   6.2131523530624644e-01	   3.7548735585460202e-01	   4.5323641815662719e-01	   4.1541588363395410e-01	   3.7613475387996287e-01	   3.1178418625476600e-01	   3.8846980282800053e-01	   2.0638257644235747e-01	   3.0686532921208609e-01	   8.0483050026895842e-01	   5.0940643472195357e-01	   8.5325671179736085e-01	   5.9962622068577698e-01	   5.7237267599450936e-01	   1.6318781819411537e-01	  -1.9069504979061633e-01	  -1.6678323573351490e-02	   8.3302115911922769e-02	  -6.1047470922671143e-01	   4.9814536580609092e-01	   4.0848647805596899e-01	   5.4532049780955061e-01	   8.6220161058136735e-01	   7.9036394873227012e-01	   4.5852897939915060e-01	   4.4436064674606229e-01	   5.6141004695800412e-01	   3.5803159151591990e-01	   5.6313590372483757e-01	   2.3466763327843015e-01	   1.2072555852825460e-01	   4.8215859941537043e-01	   4.1902349402745909e-01	
   5.0509791242398863e-02	  -3.0800921319719610e-01	   9.4528219795687574e-01	   7.7434058880079448e-01	   2.8519564740065917e-01	   4.1505355917256223e-02	   0.0000000000000000e+00	   2.6468664852963530e-01	  -5.4441557853217692e-02	   7.8262022595223635e-02	   1.0481524742151854e-01	  -5.3119299766123995e-01	   9.2734213934294751e-01	  -1.8123327540918766e-01	   3.1300242647578441e-01	  -4.1260417311752323e-01	   6.6927340553932249e-02	  -5.2237841529832452e-01	   7.4037799015829608e-01	   1.6823363809848119e-01	  -2.4137515936427378e-01	   4.7316079700767050e-01	   9.1730283759322595e-01	   8.3768141860941969e-01	   8.2904344319248158e-01	   2.0278507519700345e-01	  -2.1258574868884389e-01	  -6.3652341307776794e-01	  -1.0042217979725276e-01	  -4.4205255087363748e-01	  -2.9326874096805899e-01	  -3.6932032174203133e-01	   5.8956777863171717e-01	   3.4791848677842319e-01	   9.3628095166386460e-01	   9.1223507723595421e-01	   1.0189493008271946e-01	  -5.2681783702892904e-01	   7.1513899884292020e-01	   4.9122226209226166e-01	  -2.9274917978133352e-01	   8.2658300430307619e-01	   7.8127332214225120e-01	   8.6970475029635697e-01	   8.2885241691486322e-01	   8.9145140251007948e-01	   9.0860588877237580e-01	   9.3297407812447597e-01	   9.1714358213621383e-01	   9.5546519900731064e-01	   8.6183085412525462e-01	   9.7299214632647613e-01	   8.6617406198621816e-01	   8.2033654251943555e-01	   9.4664310818559172e-01	   7.8337406735636361e-01	  -2.3256229198760373e-01	  -4.4015516471132066e-01	  -8.4141882545025504e-01	  -7.7541013188205477e-01	  -5.5443235072177155e-01	  -2.5215050818946044e-01	   3.9180917176776586e-01	  -4.1143209821896265e-01	   4.8065263122214008e-01	   7.3942643385687234e-01	   4.0278674547528714e-01	   7.7153823725914639e-01	  -1.1528205025420508e-01	  -4.4607175311545577e-01	  -4.5688665978833881e-01	  -7.6303651314090781e-01	  -4.7594619983477715e-01	  -2.3564160260448797e-01	   5.6149200935339549e-01	   3.0720184909071407e-01	   5.5663058766022833e-01	  -6.3117644496268521e-01	   5.0697185794055100e-01	  -1.7271060292162654e-01	   4.4863286909674405e-01	   6.8189687186987535e-01	   8.1768332192741366e-01	  -7.1443556762088342e-02	   5.6801265937901757e-01	   1.5638628911640357e-01	   4.4796278964543068e-01	  -3.3031156220093594e-01	   4.6873566405625489e-01	  -7.9946438849475676e-01	
   7.2962544242002214e-01	   6.0889767721003007e-01	   3.2820396074236013e-01	   7.3888809999302452e-01	   6.5500135990206265e-01	   8.5034708427844719e-01	   2.6468664852963530e-01	   0.0000000000000000e+00	   1.7529560643157083e-01	  -1.0406271865331300e-01	   6.3126360958624750e-01	   3.7882512860721207e-01	   3.8319760805662084e-01	   3.9285916298369949e-01	   7.9048620684745186e-01	   4.7057973072718029e-01	   5.6041806425797824e-01	   3.7944252657875799e-01	   3.9112013920045674e-01	   6.9777687361467355e-01	  -2.2657783881560558e-02	  -9.9845890981749549e-02	   4.7134799651131126e-01	   6.7359030705765144e-01	   5.4215339655661687e-01	   8.5138207985847947e-01	   4.5282038501560662e-01	   4.3570541409480912e-01	   3.0920369857187979e-01	   3.2503893646709325e-01	   5.9421565648088404e-01	   5.7572962601939781e-01	   7.2388222834115656e-01	   8.4997268146037264e-01	   2.6236282728368959e-01	   4.4884937923338775e-01	  -2.7430182500854994e-01	  -1.7641214274271805e-01	   4.1108451623184367e-01	   1.3521697166276817e-01	   1.1649122999715991e-01	   1.5218721521660189e-01	   3.4078446903634119e-01	  -9.8690886639728886e-02	  -1.4173864612693232e-01	   5.5764567258819242e-01	  -8.7106867108775660e-02	  -1.4032236222450284e-02	  -2.6266648335613915e-02	   2.5751060045973972e-01	   3.7075250211418270e-01	   3.4542707906900272e-01	   7.0724009544888361e-02	   5.3704498153651170e-01	   3.3623142193189187e-01	   1.7172919969805106e-01	   6.2424556258543684e-01	   5.8819005483088560e-01	   1.9592933910760774e-01	   2.8242738552845359e-01	   3.1563580810361092e-01	   4.5097158157587680e-01	   6.2136348818227805e-01	   3.4678402786404694e-01	   4.2659873642441054e-01	   4.2366410163493029e-01	   9.3824242836832683e-01	   6.0710025231727704e-01	   8.9916543186279707e-01	   5.1472784624538004e-01	   5.0933731407054483e-01	  -2.6671146805739183e-02	  -2.5664663792225134e-01	   6.4679536674922863e-02	   3.5296643995409632e-01	  -4.6919861320594292e-01	   8.1995198162849003e-01	   3.0811036386753210e-01	   7.0947164133206986e-01	   5.0707113286417904e-01	   9.6942700106815349e-01	   6.5617797785540288e-01	   7.2834039432315534e-01	   4.8415113895990070e-01	   6.2012836330515908e-01	   6.0377174290308344e-01	   3.8002296436926597e-01	  -3.3946066546609199e-02	   5.7627925906325683e-01	   1.2014654813117852e-01	
  -3.2359603106516094e-01	   5.7147946564546215e-01	  -2.5819158992321861e-01	   1.6058116616287163e-01	   7.8401743016032510e-01	   4.5763695955262723e-01	  -5.4441557853217692e-02	   1.7529560643157083e-01	   0.0000000000000000e+00	   9.2117589986583637e-01	  -6.0074422136705397e-01	   4.5395582821230984e-01	   1.4427912159400125e-01	   8.7323235985457148e-01	   6.8821827203795261e-01	   4.0688655722904775e-02	  -5.9132213148148494e-01	   4.5685002581925954e-01	   3.6662106816959533e-01	   5.5850613239623970e-01	   1.9045035046948022e-01	   7.0550225531176528e-02	  -1.5004321947754606e-01	  -1.9140817897317020e-01	  -8.1510270721981803e-02	   2.2475797672524225e-01	   2.2385487482268929e-01	   7.3581180242231287e-02	  -4.9513626813292411e-01	   4.3884848595330661e-01	  -5.7693740799634220e-03	  -1.2446126980177266e-01	   6.6087564815429517e-02	   2.0649431692458178e-01	  -3.5687058731035770e-01	  -2.2495553913572003e-01	  -5.6829107956748004e-01	   5.3189026593388511e-01	  -4.2105536307311486e-01	   6.2671519588753810e-01	  -2.2580429022994117e-01	  -2.6527455002880618e-01	  -3.7119656676527435e-01	  -1.9606040843739214e-01	  -4.3036209649843171e-01	   1.1228942564855798e-01	  -7.4483016244298261e-02	   4.8186386265907127e-02	  -3.4897793420490336e-01	   1.0289885466190614e-01	  -3.6477467218037862e-01	  -2.7967827282243320e-02	   3.5847425990578530e-01	   2.1174841719016907e-01	   1.6983836033124630e-02	   3.2515347930575300e-01	  -3.2868837484048896e-01	   4.6632592142717960e-01	   3.2978896697183235e-02	   4.2728900158696653e-01	  -3.5839377852147380e-01	   5.7366187952458447e-01	   3.4467186172586661e-01	   7.0552766895140806e-01	  -6.8539874885824903e-01	   4.4711553114541186e-01	   1.4655420449022644e-01	   2.7403246492684824e-01	   1.1886262305865546e-01	   5.1111740890381985e-01	  -2.2111359586218426e-01	  -3.0359122764197732e-01	  -1.8356237543528825e-01	  -4.2650746619005020e-01	   1.5740761332062944e-01	  -5.6362537000584800e-01	  -8.1709547874694533e-02	   2.6197254235733108e-01	  -3.4066813053723233e-01	   4.4478116752911656e-01	   1.8027390612163546e-01	   3.3563950884313731e-01	  -6.0664807643282075e-02	   2.3557891539503173e-01	  -5.2644085522647666e-01	   5.7808320451914619e-01	  -5.7496903057634796e-01	  -9.5545759006714442e-02	   6.7436877501053094e-01	   5.6229331603777044e-01	
  -4.7008692698505250e-01	   2.3942321783041676e-01	  -1.9326602366215981e-01	   3.4460616030110178e-02	   6.5373841629759211e-01	   2.4846384427538776e-01	   7.8262022595223635e-02	  -1.0406271865331300e-01	   9.2117589986583637e-01	   0.0000000000000000e+00	  -7.5838269466027919e-01	   1.7168415533119585e-01	   2.5284048332416670e-01	   6.8950929310670162e-01	   5.1358078244477068e-01	  -1.2962211192249165e-01	  -7.2400970741347437e-01	   2.1630303848060792e-01	   3.5220896507160493e-01	   3.0794700219934523e-01	   2.1431319770021348e-01	   2.5960438907997813e-01	  -1.3827362411975852e-01	  -2.4315903812261777e-01	  -1.7046751331502047e-02	   4.3253312409614754e-02	   1.4125430061431488e-01	  -1.5799439144286195e-01	  -5.5593418871659994e-01	   2.9469608814182496e-01	  -2.2021243886891076e-01	  -3.2949028971426397e-01	  -1.1880153126467213e-01	  -7.2531617214784377e-02	  -2.1761152654410021e-01	  -1.8044241858117385e-01	  -3.6369655861688754e-01	   4.8022316527650266e-01	  -3.5609458542593342e-01	   6.8803990054988784e-01	  -2.6889394422828539e-01	  -1.5682665183356834e-01	  -2.2891521766998243e-01	   7.7557725104919817e-02	  -1.8894058050893983e-01	   1.2716742331141040e-01	   1.4629844844258202e-01	   2.4517596369556208e-01	  -1.5040286899391728e-01	   1.9126612302555832e-01	  -2.3614883292091848e-01	   4.3673730896142668e-02	   5.4130172816855326e-01	   2.7226470168188593e-01	   1.1613341317499121e-01	   4.0913349810974620e-01	  -5.0607837277405754e-01	   1.3014977310724302e-01	  -1.9194168237479659e-01	   1.4012621167527634e-01	  -5.0879382204132217e-01	   2.6332681360507371e-01	   1.0931564686989625e-01	   4.0947335690254022e-01	  -6.5388113083053234e-01	   4.3578587368786359e-01	  -5.9183787223414629e-02	   2.6026276511361451e-01	  -1.8700206214507278e-01	   2.1552197768721376e-01	  -4.3381966988726739e-01	  -3.9625268756329912e-01	  -2.0857568163945678e-01	  -4.9788198024263947e-01	   7.9899820418935674e-02	  -3.3455604057678529e-01	  -2.6843754420418930e-01	   5.9340024782497695e-03	  -4.0788444877636715e-01	   3.5662153713984329e-01	  -4.9737055699081004e-02	   2.2034959717941247e-01	  -1.3214256009962894e-01	   8.1259161975045374e-02	  -5.6587636587078172e-01	   3.6277509229841576e-01	  -5.3232904971202455e-01	  -1.1143269581446026e-01	   5.2176190981463677e-01	   3.4999361972949855e-01	
   8.8794829808762721e-01	  -2.5726219222754228e-04	   2.8967324091833790e-01	   3.1440280019896838e-01	  -3.9044941262283799e-02	   3.9741602858241876e-01	   1.0481524742151854e-01	   6.3126360958624750e-01	  -6.0074422136705397e-01	  -7.5838269466027919e-01	   0.0000000000000000e+00	   1.1431640343367064e-01	   1.3493376462034459e-01	  -2.4863763177044196e-01	   1.1525803589360051e-01	   5.7149457839164708e-01	   9.8043139554538183e-01	   1.5195962713550609e-01	  -1.9406087155272445e-01	  -1.1033848989790447e-04	   8.9430845912289766e-02	  -1.8986953177602982e-02	   3.4122367944335624e-01	   5.5756789712247379e-01	   4.7520651267707792e-01	   6.0819128087604046e-01	   4.1546660500724136e-01	   4.7914166718006546e-01	   8.0851998426661642e-01	   1.6573398166329065e-01	   6.6452551004794835e-01	   7.3892126885028875e-01	   4.0619783036426482e-01	   4.3125938706519501e-01	   3.3591734989759992e-01	   4.1516447691157354e-01	   3.8366976569097089e-01	  -3.3225010606826422e-01	   6.5644062036955630e-01	  -3.6467042823134466e-01	   5.1336025107155148e-01	   2.6255415042313479e-01	   5.3872786216723023e-01	   2.2070232969928234e-02	   4.0249090324823003e-02	   1.8147642257238622e-01	  -1.2639219180917649e-01	  -1.9593036274963482e-01	   7.9362481268568347e-02	  -5.5129070624994017e-02	   4.8263852940687063e-01	   1.1576356353037870e-01	  -3.4808833740457962e-01	   1.5978666025849411e-01	   1.7195761597641745e-01	  -2.0593954185231469e-01	   8.4820236121238146e-01	   1.6601794401012401e-01	   3.1908248569130143e-01	   1.2943554942762274e-02	   6.6515723764605506e-01	  -1.0645819345161139e-01	   3.1037711378752615e-02	  -2.7242883197447976e-01	   8.1926238823745035e-01	  -8.7758178055127201e-02	   5.9001201499220135e-01	   2.1479708135136794e-01	   6.3137521210905878e-01	   3.5620530133851656e-02	   7.5418788510201396e-01	   4.3437914539126732e-01	   1.3975220157842955e-01	   5.5298823755561344e-01	   1.0214739123867067e-01	   8.8695045363568356e-02	   6.4028053949563957e-01	   1.5213541921185850e-01	   8.4631722028355327e-01	   2.5091243207946423e-01	   5.5325022382286870e-01	   2.0708081023547667e-01	   5.2548651350186160e-01	   3.7882918821634859e-01	   8.4197314964317316e-01	   4.3832795608360113e-02	   8.0914575208183004e-01	   2.9890921328613562e-01	  -1.5934441129374005e-01	  -1.9466859448192925e-01	
   1.2467316551589444e-01	   6.0205188890070871e-01	  -4.7557027061932633e-01	  -2.5755198095241561e-02	   4.6734893487354967e-01	   4.8683624671506692e-01	  -5.3119299766123995e-01	   3.7882512860721207e-01	   4.5395582821230984e-01	   1.7168415533119585e-01	   1.1431640343367064e-01	   0.0000000000000000e+00	  -2.7102364212438640e-01	   8.0049795011789504e-01	   4.4853816948150471e-01	   7.0375869768334487e-01	   1.9080891609685408e-01	   9.7500881716856758e-01	  -3.3713653920137543e-01	   3.1356548011913787e-01	   6.0305962250537037e-01	   4.1712551854157384e-02	  -3.0487866998100216e-01	  -2.2017664108049559e-01	  -2.2453308724403548e-01	   5.1072425184146419e-01	   5.7964100931515972e-01	   7.4499357240167274e-01	   3.2126848237426114e-01	   8.2820254837084684e-01	   7.3142474994895368e-01	   6.1450057026688620e-01	   1.8372923006436909e-01	   4.1433083746826460e-01	  -6.4153568399265359e-01	  -3.2206617405779286e-01	  -1.4170736374024268e-01	   7.7762846983715472e-01	  -2.0619218310850063e-01	   2.0512991039065853e-01	   5.4539810182689663e-01	  -2.5733101707986450e-01	  -4.4961323037589163e-01	  -5.9684946803699701e-01	  -8.8899487953523637e-01	  -3.9988053431453241e-01	  -5.3291517479210615e-01	  -5.4789892994398326e-01	  -7.2132884927904461e-01	  -4.3303753539283513e-01	  -5.8174822408669236e-01	  -4.5879467138452923e-01	  -4.7497559762743718e-01	  -3.8546585465506072e-01	  -2.7900699009561908e-01	  -1.1009399379936868e-01	   2.6614572504476880e-01	   8.4654462599536595e-01	   7.5334749841624848e-01	   8.4698036565153378e-01	   2.8147737710947984e-01	   7.4371151362192689e-01	   1.3789928458373268e-01	   7.3893848375836813e-01	  -4.4504826733278335e-01	   7.4979186905134207e-02	   2.4587812260840264e-01	   1.0714467402729713e-02	   4.3640327354849640e-01	   6.7996451794849322e-01	   5.9259840705006939e-01	   4.7058138315457132e-01	   5.7226043446215835e-01	   4.8778109483368121e-01	   2.5005537623908614e-01	  -3.1145219658267181e-01	   1.8854148484600441e-01	   7.9198573609383227e-01	  -3.8196421186109539e-02	   5.2718900250528877e-01	   1.7876954432318401e-01	   2.4771915531411848e-01	  -9.6940901516899131e-02	   7.6532483711532262e-01	  -2.9612984268461967e-01	   6.4929161708316840e-01	  -1.5165935378866754e-01	   6.0089777416653112e-01	   3.0681427204713801e-01	   7.8881176670674868e-01	
   1.5573068073992410e-01	  -2.4246438714642787e-01	   8.1618789627057209e-01	   7.6030939619297278e-01	   5.4991447908395075e-01	   2.9303150013446183e-01	   9.2734213934294751e-01	   3.8319760805662084e-01	   1.4427912159400125e-01	   2.5284048332416670e-01	   1.3493376462034459e-01	  -2.7102364212438640e-01	   0.0000000000000000e+00	   1.1080037866132703e-01	   5.4650069284168146e-01	  -1.1178155270429493e-01	   1.4211705539144298e-01	  -2.1217978707178292e-01	   6.2684042929630102e-01	   1.8455893823329611e-01	   7.7222809819121108e-02	   6.5804917477279590e-01	   8.4266682118373426e-01	   8.0010697090646632e-01	   9.2542196576071933e-01	   4.7238872651090186e-01	   1.3057897719045974e-01	  -4.0334364686431429e-01	   7.3821103282531053e-02	  -7.9516189596926135e-02	  -2.6438047087581209e-02	  -1.3177283848430280e-01	   5.8158940924988833e-01	   3.9280579609974797e-01	   8.1284173403684057e-01	   8.6594389771993296e-01	   2.0140548662605515e-01	  -2.4461757762223041e-01	   7.6688005016228011e-01	   6.5565236500812740e-01	  -3.5012274054728926e-02	   8.0027117532692826e-01	   8.1004845963305838e-01	   8.4657683564090158e-01	   6.0432760849385225e-01	   8.2974450014186463e-01	   8.2897514043431397e-01	   8.4029259342895779e-01	   7.3707383899359757e-01	   8.6043818493890911e-01	   8.0917379018418001e-01	   8.6957335042761508e-01	   8.4629277097427336e-01	   8.5300206861057604e-01	   9.6800203863357592e-01	   8.0641870178043917e-01	  -1.1503031518593698e-01	  -2.7833654404177122e-01	  -6.5863965770091615e-01	  -6.0736984095057012e-01	  -4.5378198643652201e-01	  -1.7161632105430458e-01	   2.9861504050822252e-01	  -3.1384178350004893e-01	   4.0787856240752396e-01	   8.1743840155410807e-01	   5.0542917336287185e-01	   8.7489574518556068e-01	  -4.4489341802109398e-03	  -3.3221980744824742e-01	  -2.5640754510791575e-01	  -6.0533623237239098e-01	  -3.2234588530951774e-01	  -9.9139789114962157e-02	   6.0158883873559210e-01	   2.3683683205992001e-01	   5.8808169543832389e-01	  -4.8246190806015848e-01	   6.0088243207104242e-01	   1.6597977400014932e-01	   5.1959683440440507e-01	   7.9226861749478994e-01	   8.3442874844873283e-01	   2.2452907942174233e-01	   5.3605435560415848e-01	   3.3033576148728111e-01	   5.2232940666522243e-01	  -6.5558819287956122e-02	   5.4967759269755401e-01	  -5.9909479856997150e-01	
  -6.3245828342330473e-02	   6.2892120239282456e-01	  -2.9494210846496338e-01	   2.0038524661847487e-01	   8.3763471405187007e-01	   6.2417700906510387e-01	  -1.8123327540918766e-01	   3.9285916298369949e-01	   8.7323235985457148e-01	   6.8950929310670162e-01	  -2.4863763177044196e-01	   8.0049795011789504e-01	   1.1080037866132703e-01	   0.0000000000000000e+00	   7.6873442273671255e-01	   4.4463684900575884e-01	  -1.9248289035516031e-01	   8.0895230321970546e-01	   1.1097042147305138e-01	   5.2961950552081882e-01	   5.0745406919903768e-01	   2.0293748704094175e-01	  -1.2471481529165879e-01	  -1.0132495087766277e-01	   2.1287154125739657e-03	   5.3528683571423330e-01	   5.3162662070781652e-01	   4.3049111993803396e-01	  -6.4137437801105937e-02	   7.5062312532919606e-01	   4.4309802309562829e-01	   2.8922214025899257e-01	   2.3468819382486850e-01	   4.1891440606184899e-01	  -4.3649078445920342e-01	  -1.6643500230303260e-01	  -3.5039595781664074e-01	   7.3251513109728994e-01	  -2.1573817658619554e-01	   6.0809064482455266e-01	   2.0608248202893878e-01	  -1.6640803929921558e-01	  -3.1467922876405041e-01	  -3.0223300968742217e-01	  -6.6683445256083318e-01	  -2.3085547311803012e-02	  -2.1127421188654269e-01	  -1.4883188110736359e-01	  -5.0156530259395882e-01	  -5.2509498845063549e-02	  -3.9591934171565379e-01	  -1.3996177910245150e-01	   8.1705717156220797e-02	   6.0180989794896764e-02	   1.9915748341049457e-02	   2.6389494579160155e-01	  -3.1244792980087525e-02	   7.1511420780771018e-01	   3.5803977706587797e-01	   6.3831818518489514e-01	  -1.0341702396473973e-01	   7.1850997784150350e-01	   3.0351675001298439e-01	   7.6845836028952674e-01	  -5.7161152913125712e-01	   4.4512556473542542e-01	   3.2857503481826023e-01	   3.3104421021049485e-01	   3.3125774175986678e-01	   6.3741767093113200e-01	   1.9455091737867627e-01	   1.3829214401046758e-02	   1.8076720160929716e-01	   3.0684316657411809e-02	   3.3011967344672521e-01	  -4.6191846733245845e-01	   1.6278454080278310e-01	   5.3846385060305613e-01	  -9.8866390561806031e-02	   6.3461487338991940e-01	   2.9976317909923517e-01	   4.7276267926304422e-01	   5.5014395331881814e-02	   6.4389366853221697e-01	  -3.7632853650756104e-01	   7.7261786249377606e-01	  -3.1130403172098770e-01	   3.0694458452961682e-01	   6.5661353512246556e-01	   6.9045643203355678e-01	
   3.5617574513001726e-01	   5.9440208836975672e-01	   1.9889622158831805e-01	   6.6480693339764718e-01	   9.7823558901965113e-01	   8.8270251144512779e-01	   3.1300242647578441e-01	   7.9048620684745186e-01	   6.8821827203795261e-01	   5.1358078244477068e-01	   1.1525803589360051e-01	   4.4853816948150471e-01	   5.4650069284168146e-01	   7.6873442273671255e-01	   0.0000000000000000e+00	   3.7718089529351650e-01	   9.5829571559335247e-02	   4.8933922464693341e-01	   5.1070445920374907e-01	   7.2668009594735050e-01	   2.0997861118281624e-01	   1.9000636327345458e-01	   3.5998326553277371e-01	   4.6404260178638279e-01	   5.2567338875673708e-01	   8.0838135415651280e-01	   5.3728329604035729e-01	   2.8801842053802873e-01	   1.3242257308667661e-02	   5.0844188184747419e-01	   4.3037703853861897e-01	   3.3237910001937371e-01	   5.6785466065312140e-01	   6.8492390912420742e-01	   1.2966801236557102e-01	   3.3053801852889064e-01	  -3.4915750859869493e-01	   1.8860536948499271e-01	   2.2632129602738302e-01	   5.9014988496922405e-01	   3.2945283672658109e-02	   1.2010118348494644e-01	   2.2487647919980008e-01	   3.8545455226078426e-02	  -2.2159715228132840e-01	   5.5502695009084568e-01	   7.2486990648498451e-02	   1.7528296589358411e-01	  -7.8795653705715563e-02	   3.5844252116887587e-01	   2.1850644066882213e-01	   3.4669342275169712e-01	   4.0916117551636605e-01	   6.3593836828675809e-01	   4.2709310190625305e-01	   4.4565154003402396e-01	   2.3464017896778541e-01	   5.5590731110354330e-01	   4.6816378386992388e-02	   2.8958047810130971e-01	  -4.6980332814250653e-02	   5.1097592187420426e-01	   5.4642968142413872e-01	   4.9040720303469865e-01	  -2.2497973472031321e-03	   6.7031599576636358e-01	   7.7641941487086830e-01	   7.2827634546097886e-01	   6.2453912197459382e-01	   5.1906538724405304e-01	   2.0353604426774147e-01	  -2.4018535420753401e-01	  -2.7021356611572372e-01	  -1.5790996071702273e-01	   4.0968245779155293e-01	  -5.1792375332738461e-01	   5.7278013399323557e-01	   2.5402925572134383e-01	   4.1687887468778562e-01	   6.8765493844172865e-01	   7.9059571489285929e-01	   7.4483352406879666e-01	   5.8493531428238166e-01	   5.4487416241561926e-01	   2.1922330861221820e-01	   7.5902170751281051e-01	   8.7163934287664252e-02	   3.0902413137403255e-03	   8.0553222030348726e-01	   2.8008880880255660e-01	
   6.7279517979179859e-01	   2.3056804970425299e-01	  -3.9130133154716534e-01	  -1.1301887151430667e-01	   3.5386121636710322e-01	   6.6322923247212340e-01	  -4.1260417311752323e-01	   4.7057973072718029e-01	   4.0688655722904775e-02	  -1.2962211192249165e-01	   5.7149457839164708e-01	   7.0375869768334487e-01	  -1.1178155270429493e-01	   4.4463684900575884e-01	   3.7718089529351650e-01	   0.0000000000000000e+00	   6.5695500184791156e-01	   8.1485768524981861e-01	  -5.5393045894032422e-01	  -6.9327789548283688e-03	   7.1577526328966945e-01	   1.6958977184529228e-01	  -2.4994643128933941e-01	  -3.8693027799211868e-02	   1.5447759103581285e-01	   7.5610904159520709e-01	   9.3074052010798014e-01	   9.1686184085403921e-01	   7.8900449522874994e-01	   8.8764952421676213e-01	   9.5787477754406258e-01	   9.6648576992416446e-01	   2.2493797650989161e-02	   2.1163655326478725e-01	  -3.4332298096080111e-01	  -1.5299521406341379e-01	   3.5674251570251914e-01	   5.0281847820037129e-01	   2.1448819005465355e-01	  -5.2294363188042640e-02	   8.4081083613860008e-01	  -1.8018077827288370e-01	   8.7362582550450887e-02	  -3.2300280802610781e-01	  -6.5473742756844555e-01	  -3.0179427087501132e-01	  -5.1498702358249726e-01	  -5.8294398499966449e-01	  -5.8538762818081924e-01	  -5.2029114120822484e-01	  -1.1324620813319346e-01	  -4.4619311698028830e-01	  -5.1681624968389595e-01	  -1.2993386899485870e-01	  -1.8562368994767098e-01	  -3.2020363439303723e-01	   7.7012736221006395e-01	   5.4953449266603682e-01	   8.0122224519336693e-01	   5.8334051798033504e-01	   7.3329064077812056e-01	   1.8144059091297027e-01	  -2.8271704672152559e-01	   1.6512599692133062e-01	   1.6647863389878803e-01	  -1.4588034648463000e-01	   3.9612169901461303e-01	   6.5734077172997937e-02	   5.9431583855189518e-01	   4.0558754645183975e-01	   9.3588611696966950e-01	   7.8206000323585689e-01	   5.2526696506405357e-01	   6.3794986115789554e-01	  -5.3020794851445036e-02	  -1.6262350964544381e-01	   2.3407671802509689e-01	   6.0111433080332088e-01	   4.5491688643265993e-01	   8.1796984465649358e-01	   2.7594331087736745e-01	   7.7901022002311193e-02	   4.7359953184693673e-02	   7.8190959628629519e-01	   2.0942291470854946e-01	   3.0608323131009563e-01	   4.2055634653855845e-01	   7.5371777465004541e-01	  -9.3098870858762464e-02	   5.3478013318031981e-01	
   8.5074048260466484e-01	  -8.1536209714359348e-02	   2.4251864787439240e-01	   2.4368840161427952e-01	  -3.2622042111655244e-02	   3.7155895287394713e-01	   6.6927340553932249e-02	   5.6041806425797824e-01	  -5.9132213148148494e-01	  -7.2400970741347437e-01	   9.8043139554538183e-01	   1.9080891609685408e-01	   1.4211705539144298e-01	  -1.9248289035516031e-01	   9.5829571559335247e-02	   6.5695500184791156e-01	   0.0000000000000000e+00	   2.4541128896412662e-01	  -3.0680420188952129e-01	  -9.7034541899601090e-02	   2.7189124449267121e-01	   1.3311879897697676e-01	   3.0461286962628137e-01	   5.0265584695741505e-01	   4.7941448787784491e-01	   6.3511195598639059e-01	   5.1137189254733784e-01	   5.3045421502960566e-01	   9.0021372078690187e-01	   2.7491570626380646e-01	   7.4268818289969740e-01	   7.8864193905285285e-01	   3.6921312605565104e-01	   3.8329286752205127e-01	   2.8966248507534331e-01	   3.9926999097446142e-01	   5.1831165465365747e-01	  -1.8007904736972891e-01	   6.9268433203620705e-01	  -2.8285730834821460e-01	   6.6041048884653819e-01	   3.1093371565251660e-01	   5.4321546304351287e-01	   6.0593581903630636e-02	  -1.4879407033974350e-02	   9.0475261398336670e-02	  -1.0415821108888990e-01	  -2.0285508036715771e-01	   4.8413827720564087e-02	  -1.0065971522595926e-01	   4.4087437616497160e-01	   6.1195183492057402e-02	  -3.7314087814480029e-01	   8.5189852415860801e-02	   1.8566585073980396e-01	  -1.7201387352174380e-01	   8.2566915613257796e-01	   1.6516065767610266e-01	   3.7425580449888812e-01	   3.1486944125678706e-02	   6.5241974572785488e-01	  -1.1976699872098681e-01	  -8.4699343044265740e-02	  -2.9872882223720920e-01	   7.6646401904013106e-01	  -7.1396008388808774e-02	   5.3749013179035243e-01	   2.2104993606014903e-01	   5.5017654636080682e-01	   5.5039182321876146e-03	   7.9660846381469197e-01	   5.1143733960204019e-01	   3.0805958442961001e-01	   6.9024384899443314e-01	   1.5146056583642284e-01	   2.0652315566527751e-01	   6.1049887782315015e-01	   1.9869466396435165e-01	   8.2801201975479977e-01	   3.0888362439418743e-01	   4.5718137562714534e-01	   2.1296162490192738e-01	   4.8515260465081550e-01	   5.0191620217656974e-01	   7.7910394904198932e-01	   7.7670665553360330e-02	   8.4466018296860579e-01	   4.7337463695120552e-01	  -1.9134542907252727e-01	  -1.5896574932890023e-01	
