   0.0000000000000000e+00	   7.8508937951541835e-01	   4.0103356233304044e-01	   3.8948351405722592e-01	   3.2233548797561717e-01	   1.8994548869654015e-01	   5.7742291865682205e-01	   6.1073577081428676e-01	   4.6013465869854070e-01	   2.7984836729552931e-01	   5.3260453249801132e-01	   7.4572556004395829e-01	   8.0322218098553588e-01	   7.8346668659183272e-01	   6.4992583944129112e-01	   3.4147770365759483e-01	   2.6823092126177228e-01	   5.8994824145854585e-01	   7.3199850342382566e-01	   5.4557489842182161e-01	   5.0090473511782752e-02	   1.9207255203414764e-01	   5.5453943836413999e-01	   4.3569359986889677e-01	   9.8753844147096384e-02	  -8.2261256628291965e-02	  -1.5617417789315230e-01	   3.9109196570951510e-01	   2.2658894636819762e-01	   3.4101091481164919e-01	  -7.3384430837121900e-03	   6.6104453153692760e-02	   4.5755101463038417e-01	   4.9396756708724621e-01	   5.3189612859111590e-01	   4.5636357447866593e-01	   4.2211660341219565e-01	   4.0266205679672834e-01	  -3.2074752321879413e-01	  -2.5543550748727029e-01	   3.4289023323401502e-01	   6.0180391328405969e-02	   7.9425022879710161e-01	   5.1957269225542946e-01	   6.4611272996804003e-01	   5.8912555544935330e-01	   4.2597893048990965e-01	   5.2920757650504213e-01	   8.2134993428295555e-01	   7.8712837696791649e-01	   6.9496018061539955e-01	   6.9788618886635145e-01	   3.6916447516335227e-01	   4.8033649463112738e-01	   5.1167663330558300e-01	   2.2672867812652564e-01	   7.8622098502491844e-01	   7.9015346620093374e-01	   8.2494813077387530e-01	   5.6037480343273904e-01	   8.3982346592088364e-01	   7.5569200010748006e-01	   6.6273167402953237e-01	   7.5913277624563791e-01	   6.8038093235053665e-01	   5.6716807203517927e-01	   7.0463976056341859e-01	   5.3010166750009580e-01	   7.1107867101679190e-01	   6.4726993360199925e-01	   4.8856945721874923e-01	   6.6608262565737797e-01	   6.8594487609476695e-01	   6.3492280995005324e-01	   4.1861552762312570e-01	   5.5719817223583745e-01	   7.6380967411308065e-01	   7.5923654825106146e-01	  -1.0831129384684793e-01	   3.3830001520459690e-01	   5.1453445509653162e-01	   4.1300219921039710e-01	   5.0546158750349357e-01	   5.6380928875935310e-01	   4.8305498116079654e-01	   4.9748587534362404e-01	   1.3373411833403170e-01	   1.8952432916695194e-01	   4.5592285999681748e-01	   5.5193742127553203e-01	
   7.8508937951541835e-01	   0.0000000000000000e+00	   3.0034187817349733e-01	   4.3450689959715666e-01	   3.1989362613944328e-01	   1.8333624107622160e-01	   4.4037115261493165e-01	   6.1662864948128848e-01	   3.1451896564574905e-01	   1.9754814363279541e-01	   6.3588636912495344e-01	   7.3989747907167225e-01	   6.4450212134618345e-01	   7.1596847028583621e-01	   6.1186194681679407e-01	   4.5463156406780514e-01	   3.7797517250612023e-01	   5.5940984827447315e-01	   6.9919671614324219e-01	   5.5350789511957543e-01	   2.1213195915348898e-01	   4.4147676617443848e-01	   4.9898365549591650e-01	   4.2914505899548483e-01	   2.5574771314054617e-01	   1.6730862640294436e-01	  -3.5792186547534494e-02	   3.3966643739428404e-01	   2.2802482279759262e-01	   4.2615207702976415e-01	   1.8702713806564236e-01	   2.2123100992689346e-01	   4.6452086522556402e-01	   5.1460725877090319e-01	   4.5805500149946166e-01	   5.0607128070465901e-01	   2.5697627246343219e-01	   5.5637518280010390e-01	  -1.3097844288450647e-01	  -4.6143666402394274e-03	   3.1641051508163731e-01	   1.3881835211062266e-01	   6.7634709773249646e-01	   4.3672922223447619e-01	   5.2541134757550667e-01	   4.9818001147435148e-01	   4.3805906436090142e-01	   5.3363576085861686e-01	   6.5688475435648841e-01	   6.6181077122845566e-01	   6.2088246241782918e-01	   5.3039081629970841e-01	   4.3100245608429510e-01	   4.3212838574640333e-01	   5.6792694108586861e-01	   2.2965092168100265e-01	   7.6130110382793315e-01	   9.0213819934781814e-01	   6.1953071407382998e-01	   5.9457048200380136e-01	   6.4450762378410453e-01	   7.3694631179396097e-01	   5.8571940294309677e-01	   7.8629098382713480e-01	   5.2184597546967826e-01	   5.1585461022321133e-01	   5.8591864405329852e-01	   4.4850755406778087e-01	   7.0657587391101884e-01	   6.8409560621901799e-01	   6.3287363549717268e-01	   7.1088383411881562e-01	   6.8606525499497795e-01	   6.9378309135798810e-01	   4.8616018744858980e-01	   5.2957457349619463e-01	   8.0032248870934586e-01	   7.5516935559547216e-01	   8.1918890449723447e-02	   3.9242082340514317e-01	   5.4811778597109639e-01	   4.5845167553193528e-01	   5.9152700521065049e-01	   5.3537502131156711e-01	   6.1418605433399609e-01	   4.6825065380692810e-01	   3.2016921079596183e-01	   1.3859705673675221e-01	   6.3180496442407219e-01	   4.6234386698568253e-01	
   4.0103356233304044e-01	   3.0034187817349733e-01	   0.0000000000000000e+00	   8.7754839430286857e-01	  -1.1903270443449182e-01	   2.4462936086296275e-01	   8.9454456566152929e-01	   7.4518176660948487e-01	   6.4565694349351999e-01	   3.2688779769768894e-01	  -1.9303564136273732e-01	   1.5059256977582786e-01	   4.8994123995845335e-01	   2.3622977669476683e-01	   1.8325224682254865e-01	  -3.3134945292624607e-01	   7.2070933782689459e-02	   1.9828436172263386e-01	   3.0641556250307089e-01	   1.3134386649493854e-01	  -2.2193361427204444e-02	   1.3682135217462643e-01	   5.9070447922562663e-01	   7.1092263365862318e-01	   2.8066838754526608e-02	   1.3560152690155605e-01	  -3.5107021607175534e-02	   4.7880315111651617e-01	  -1.9012938064535187e-01	   1.1428894370441686e-02	  -2.0943574859856978e-01	  -2.1674757314866683e-01	   2.2963540955904729e-01	   2.0966720423080237e-01	   5.3437414278069295e-01	   4.8791195153814615e-01	   3.0811549212766243e-01	   3.4186458974019612e-01	  -4.5877666496695385e-01	  -2.3976625370776633e-01	   1.1523610532882561e-01	   8.1183406038958308e-02	   5.6224992405925933e-01	   4.2990743396552966e-01	   5.8045906102406142e-01	   4.8780884699508170e-01	   2.5832435749228905e-01	   2.8678521526089784e-01	   5.4581816028582009e-01	   5.3941908074754363e-01	   6.8339897967553265e-01	   5.7949643146653229e-01	   6.2040641466517177e-01	   5.5262168250095356e-01	   5.2496498356000709e-01	   2.3846361329789656e-01	   2.1987189898998227e-01	   4.0696060924677246e-01	   3.5010636695978681e-01	   2.1926248722406907e-02	   4.5492329952541921e-01	   3.3066314330347873e-01	   2.5124420109548035e-01	   2.3981172493358510e-01	   3.4540487995658431e-01	   2.3552761263642047e-01	   5.7412672715066404e-01	   5.4174356048797545e-01	   5.9282338609460627e-01	   3.2556445155774599e-01	   1.8212395276175142e-01	   4.0149826299305069e-01	   3.6479183152552963e-01	   3.5164978017634524e-01	   3.6139061656474722e-02	   2.8173917684013133e-01	   4.1054038297970030e-01	   5.5143276509333838e-01	  -1.6748864514211120e-01	   1.3105929579315448e-01	   3.8283447812323868e-01	   3.6268648597723052e-01	   1.3159292470425160e-01	   1.0659610366847057e-01	   4.1000962561017845e-01	   3.0851503767107985e-01	  -2.6560613369044034e-01	  -2.1444423627923842e-01	   7.1314997890007215e-01	   7.6644277690000306e-01	
   3.8948351405722592e-01	   4.3450689959715666e-01	   8.7754839430286857e-01	   0.0000000000000000e+00	  -4.3300123526468469e-03	   4.2346569996582328e-01	   8.3414983807353371e-01	   9.0278423725705714e-01	   7.1430333925353839e-01	   4.8776025384826582e-01	  -1.4381803927208800e-01	   3.6329379753699514e-01	   5.1848147084896590e-01	   3.8905642139440416e-01	   2.4869954276996603e-01	  -1.9542095766852152e-01	   1.9304862375669957e-01	   3.0098861300694257e-01	   4.4363650732310217e-01	   3.6563153040406898e-01	   1.2226403089007942e-01	   1.9176038228468434e-01	   6.6188122294139640e-01	   8.4768868920619367e-01	   1.4364917360379678e-01	   2.0031544322217895e-01	   7.7442157991399266e-03	   6.2013252516250983e-01	  -2.4268953077382066e-01	   1.1467488018549529e-01	  -6.1582473823304340e-02	  -7.7072289240696396e-02	   4.2443857415781971e-01	   4.0731867091908197e-01	   5.2341576622984132e-01	   5.9118505328828186e-01	   3.1008396581886888e-01	   4.3929326275202896e-01	  -5.0106959112347016e-01	  -2.7638435272618350e-01	   1.9065124341442227e-01	   5.5665163331344247e-02	   5.8056635522277267e-01	   4.9885786898770179e-01	   5.9305424469485923e-01	   6.1510957037793512e-01	   2.6907547695611578e-01	   3.8524521399074524e-01	   5.5574855632318021e-01	   5.7849475048047527e-01	   6.8045388836628473e-01	   6.2234857328379578e-01	   6.9103828922477351e-01	   5.9309596971927292e-01	   5.2563767367810410e-01	   2.7367358006927617e-01	   2.4546113209645964e-01	   5.0032793624741778e-01	   3.4912837014711495e-01	   1.4602565590302097e-01	   4.5791275579832463e-01	   4.8712025924080671e-01	   3.9581664258172072e-01	   3.3990975587501110e-01	   3.8057260724583425e-01	   3.4955913662852750e-01	   6.1690477164402258e-01	   6.0696075565656837e-01	   7.3092490380911879e-01	   4.6155147146717362e-01	   3.5675349795128791e-01	   4.8374568043894234e-01	   3.9702692344051471e-01	   4.2113006441444534e-01	   1.3926227551011233e-01	   3.8750272837493416e-01	   5.1626786333461483e-01	   6.3111047617677596e-01	  -1.1756974927567931e-01	   3.2283881155524136e-01	   5.2228394167822589e-01	   4.6707735533364042e-01	   2.2506369627542844e-01	   1.6870783191008848e-01	   5.3679724485282376e-01	   3.4834203999083702e-01	  -2.7079621567715034e-01	  -2.3332514300362733e-01	   7.9607378699594322e-01	   6.9102790625600952e-01	
   3.2233548797561717e-01	   3.1989362613944328e-01	  -1.1903270443449182e-01	  -4.3300123526468469e-03	   0.0000000000000000e+00	   4.5333169468512774e-01	   7.2382386976353880e-02	   2.3428000898893597e-01	   2.5876821448142495e-01	   2.3091683406057104e-01	   4.8518611370723497e-01	   3.9176685366708608e-01	   3.2739006180845426e-01	   4.7902886729248950e-01	   5.3517196535164835e-01	   5.7235903659745802e-01	   3.8663988357417944e-01	   3.6320213046665462e-01	   4.5241112066279277e-01	   2.3815242389560032e-01	   3.4066694927931651e-01	   3.6722066876726123e-01	   3.6415584550133906e-01	   1.3940595009739892e-01	   4.0687493905615751e-01	   2.3614163866867283e-01	   4.4315777585228588e-01	   4.5816935395396136e-01	   2.8604506036928057e-01	   2.5720278164380195e-01	   4.7049662552598515e-01	   5.2775464854268572e-01	   5.0124977238907253e-01	   5.0768934042118374e-01	   3.4625212376532721e-01	   4.1432625038977838e-01	   2.2910782376147887e-01	   2.2948835580581900e-01	  -2.4832937537367240e-02	  -1.7815741627722095e-01	   1.6087798920890850e-01	   8.2802840730629601e-02	   3.9535380555865884e-01	   4.6934940171917905e-01	   4.1906757385780230e-01	   5.2385928743237331e-01	   3.4650223217979220e-01	   4.1960357400086146e-01	   3.6774802797918060e-01	   3.9848186661812801e-01	   2.4674631339388636e-01	   3.9350883083998756e-01	   1.4906844433613145e-01	   2.2254654666393728e-01	   3.6375053938229174e-01	   1.7322179789990841e-01	   3.6480966502716089e-01	   4.3597974757054209e-01	   4.4950230376101197e-01	   7.1873984380947775e-01	   3.9982488649847414e-01	   5.8045629967647416e-01	   5.3574666198163601e-01	   3.8643301583573308e-01	   4.0099949566846776e-01	   5.3690993245840302e-01	   4.9643439279258422e-01	   5.0761588086092335e-01	   3.1182701197554469e-01	   3.6832042954678368e-01	   5.7631770202785415e-01	   4.8288139190582879e-01	   3.8508176144463024e-01	   2.9268155093932996e-01	   3.9892302148052494e-01	   1.9150929853303825e-01	   4.3712737405619290e-01	   3.0673403825294276e-01	   1.7646192116455989e-01	   3.9645327082048343e-01	   4.6804443755617564e-01	   4.1915620515695251e-01	   6.3207031608717201e-01	   4.0939074962660837e-01	   3.5903057576030312e-01	   4.1612023985475288e-01	   5.7340125902395178e-01	   3.1345498509756786e-01	   1.3892133916416133e-01	  -3.1645839202716431e-03	
   1.8994548869654015e-01	   1.8333624107622160e-01	   2.4462936086296275e-01	   4.2346569996582328e-01	   4.5333169468512774e-01	   0.0000000000000000e+00	   3.3994258354482243e-01	   4.9980358198231667e-01	   6.9026217698046421e-01	   8.1894339597342669e-01	   9.5913319301206765e-02	   3.4073688510379962e-01	   2.4074269497623840e-01	   4.1886675149793701e-01	   3.7849256345191423e-01	   3.2770880150397108e-01	   8.8766328449026623e-03	   3.4441449502848520e-01	   3.8526723093670373e-01	   2.4508658490801746e-01	   7.0588241468303531e-02	   2.0355130545111078e-01	   3.3669330783720219e-01	   4.0780403529145987e-01	   1.6495608206540374e-01	   3.3386753887076037e-01	   2.2991242652378885e-01	   6.3517046455908865e-01	  -1.8397773076414606e-02	   1.0351724832775902e-01	   1.4885741027440447e-01	   2.1455145253769636e-01	   3.8666975510130686e-01	   4.2122990362861845e-01	   2.7501521986696909e-01	   3.4805227338673245e-01	   6.7123568486980978e-02	   3.0809181513487438e-01	  -1.2581713465738004e-01	  -1.9591010895953553e-01	   1.1275807902012344e-01	   2.7831151992514092e-01	   3.5870380139902425e-01	   3.6156396336244107e-01	   4.3900328628971663e-01	   5.2366846368531617e-01	   1.6154873035793371e-01	   3.4027320978375053e-01	   3.6413918189719308e-01	   4.2670353295203034e-01	   2.1959860711728485e-01	   3.5424921825627809e-01	   2.5244161310985436e-01	   3.2114287411604658e-01	   2.2181674766116399e-01	   2.2405506932076105e-01	   2.3521353522288135e-01	   2.6315002134471266e-01	   2.6328176227517402e-01	   2.4839443652457083e-01	   3.3225390514448405e-01	   4.5142111035964000e-01	   3.3842744130053110e-01	   2.2795181844110132e-01	   3.5501957273651602e-01	   3.4295808075886081e-01	   3.7311871348588932e-01	   4.1314726338090402e-01	   2.4151706058483149e-01	   9.4270991819921976e-02	   3.6590774641648460e-01	   3.9941201507063007e-01	   2.7267244397883772e-01	   2.5743709198091158e-01	   3.1918367828885874e-01	   2.6022610503258714e-01	   2.2215935583072249e-01	   3.3875188495540609e-01	  -6.2033735503123778e-02	   2.9730299760087392e-01	   3.3478747395539343e-01	   3.8076385138227187e-01	   3.4708354001188968e-01	   4.4471104184154903e-01	   2.2330910349809074e-01	   1.7068358062951675e-01	  -2.5357206296198750e-02	   2.4905582300283172e-01	   2.5962414056374972e-01	   3.1791561092016113e-01	
   5.7742291865682205e-01	   4.4037115261493165e-01	   8.9454456566152929e-01	   8.3414983807353371e-01	   7.2382386976353880e-02	   3.3994258354482243e-01	   0.0000000000000000e+00	   8.2441489880579510e-01	   6.9419318928082308e-01	   4.2586191698522757e-01	   3.1760283864700846e-02	   3.9661707340570312e-01	   6.6724076060358839e-01	   4.8899471931883676e-01	   3.9991664372141322e-01	  -9.3320261966124488e-02	   2.1978858240901289e-01	   2.9913911014710337e-01	   4.9783532828980603e-01	   2.2700487125604618e-01	   1.1567300383957647e-01	   1.5070683902053528e-01	   6.9623016992777664e-01	   6.8653643170586842e-01	   1.2951633634881590e-01	   1.8403515075412069e-01	  -1.3797717186841932e-02	   5.4175494826890103e-01	  -1.0433874512432181e-01	   6.7854760842863820e-02	   1.9524230768343448e-02	  -6.2690288664639840e-02	   3.8715929936358734e-01	   3.1568926346443477e-01	   5.9599135285522908e-01	   5.7344231371052690e-01	   4.9878330131216048e-01	   4.2285106714533421e-01	  -4.1888536252969710e-01	  -3.1742442874770282e-01	   2.4126388654028205e-01	   8.0112942527902659e-02	   6.9573874550153902e-01	   5.6433921460083925e-01	   7.2671315711589246e-01	   6.2866816059886588e-01	   3.8055202682365813e-01	   4.3785006536638804e-01	   7.0146961135339136e-01	   6.4315919534500132e-01	   7.7563560629069261e-01	   6.6753253462961359e-01	   5.9463064718691849e-01	   6.1277075462700703e-01	   5.4686954103539209e-01	   3.1758299728588402e-01	   3.7133040732595485e-01	   5.4953334935205145e-01	   4.6428592203588653e-01	   2.0339062152766929e-01	   5.5683894739711592e-01	   5.2411612976147270e-01	   5.1114956251478627e-01	   3.4071829347111299e-01	   5.1709275249682873e-01	   3.6931190019671661e-01	   7.1809592550895585e-01	   6.8581687847510819e-01	   7.2336717705636666e-01	   4.3609673649206521e-01	   4.0239377066544035e-01	   5.6715837821771298e-01	   5.0469007309553748e-01	   4.7915703099478824e-01	   2.0869678404861172e-01	   4.5313134245677805e-01	   5.8581538574566017e-01	   7.1112838253457666e-01	  -8.3109783701445783e-02	   2.6768192276339703e-01	   5.2227156840271172e-01	   4.5414873138083200e-01	   2.6819271092863267e-01	   2.4443247700549225e-01	   5.4353717482866859e-01	   4.2743114190323339e-01	  -1.6741437856954089e-01	  -1.9700990163911117e-01	   6.7156049544591312e-01	   7.6090995650293980e-01	
   6.1073577081428676e-01	   6.1662864948128848e-01	   7.4518176660948487e-01	   9.0278423725705714e-01	   2.3428000898893597e-01	   4.9980358198231667e-01	   8.2441489880579510e-01	   0.0000000000000000e+00	   7.3247722745141175e-01	   5.7601268933672922e-01	   1.5402295620692158e-01	   6.1943620516402664e-01	   6.9393068864383722e-01	   6.9447400218737176e-01	   4.7410963374806697e-01	   1.1353106361701343e-01	   2.8751823145695865e-01	   4.7959998541751170e-01	   6.5033644248005673e-01	   5.2191686694461292e-01	   1.4386483824232182e-01	   2.4380971755928674e-01	   7.1924310320580853e-01	   7.8066729600676843e-01	   1.1471285290460877e-01	   1.7146321280446500e-01	   6.0964271654806498e-03	   6.5179391211398729e-01	  -6.7829986971971692e-02	   2.8797713594099694e-01	   2.8613390136966704e-02	   3.7578554436229900e-02	   5.7754900661798370e-01	   5.6958386318909016e-01	   5.9079276731137575e-01	   6.3282326341633199e-01	   3.4493067717383064e-01	   5.2000240703339018e-01	  -4.8697510565784197e-01	  -2.8614829052690183e-01	   2.8720280935550513e-01	   1.2612266583782555e-01	   7.1434935092446628e-01	   6.0719295005411489e-01	   7.6608023018675353e-01	   7.8175938291628555e-01	   3.4790450288035890e-01	   5.1435881285171703e-01	   7.3725600363973909e-01	   7.4944792022250839e-01	   7.7379026430652298e-01	   7.5186714928397702e-01	   7.1629759678794336e-01	   6.8048437718005772e-01	   5.7010842432083164e-01	   2.7016145041330691e-01	   4.4657092416733957e-01	   6.6091636159378464e-01	   5.6098342636075538e-01	   4.0051636185376499e-01	   6.7806747018199331e-01	   7.0498644656631293e-01	   6.2598181061479885e-01	   5.1854091606496255e-01	   6.3069289894714475e-01	   5.8676311145556359e-01	   7.8645779868472387e-01	   7.6068355656377351e-01	   8.3080556087451307e-01	   5.9581373127732162e-01	   5.6048642519140113e-01	   6.5739563833356085e-01	   5.9929164233874599e-01	   6.0845364331796403e-01	   2.4262729439845573e-01	   5.1278593158123109e-01	   7.1834100388247268e-01	   7.8800689394987100e-01	  -8.5555159228023259e-02	   4.7138637187590682e-01	   6.5237973275314509e-01	   6.0234923797141671e-01	   3.9401908746856568e-01	   3.5859302856723718e-01	   6.6535161819450539e-01	   5.1341826806650814e-01	  -1.1723664580258097e-01	  -1.2776601082217220e-01	   7.7108713775645032e-01	   6.7371473364040901e-01	
   4.6013465869854070e-01	   3.1451896564574905e-01	   6.4565694349351999e-01	   7.1430333925353839e-01	   2.5876821448142495e-01	   6.9026217698046421e-01	   6.9419318928082308e-01	   7.3247722745141175e-01	   0.0000000000000000e+00	   7.6349903526269314e-01	  -5.1082300019375027e-02	   3.9028723931555320e-01	   6.1648867027438270e-01	   4.6572194074431617e-01	   5.6074225787638998e-01	   2.2131332326631559e-02	   8.5895608685415514e-02	   3.8932921868091525e-01	   5.2245818646450592e-01	   4.2164350791008720e-01	   7.3993229502352459e-02	  -2.1891958937968400e-03	   5.0121848368546384e-01	   6.1843220122423626e-01	   1.6801786030155079e-02	   8.6537711640129657e-03	   6.6255359237327616e-02	   6.4969249052378020e-01	  -1.8946891331878252e-01	   6.2515380447998120e-02	  -1.5666452191939226e-01	  -1.5140544984860704e-01	   3.9965430585605788e-01	   4.2330618481019622e-01	   3.8376143906888260e-01	   3.0441036809122984e-01	   3.9837492635799321e-01	   3.1473248809698179e-01	  -3.6831424744927060e-01	  -4.0275204320786334e-01	   2.3817787993447515e-01	   1.4925520209327070e-01	   5.1464448857715617e-01	   4.5843013526116605e-01	   5.4283412316332125e-01	   5.8616857460888461e-01	   1.9122362118316033e-01	   3.7166294442302333e-01	   6.1127178111184088e-01	   6.0460039224216233e-01	   5.6816033070864913e-01	   5.3715668422113327e-01	   5.6715769311715580e-01	   6.3067782958264962e-01	   4.0090024926326961e-01	   2.6654424474285138e-01	   2.4161720260980174e-01	   3.8392546067753008e-01	   4.0522611706619616e-01	   1.5123287770453817e-01	   6.1153053166516413e-01	   4.9603370055975593e-01	   4.4401930837870895e-01	   3.5495290539336355e-01	   4.4106878506820968e-01	   3.6469333415657129e-01	   5.8623277946089913e-01	   4.9285020315023387e-01	   5.9303463769648423e-01	   3.4942009961222981e-01	   3.5953586098992402e-01	   4.8604732323108935e-01	   4.0688401447556066e-01	   3.9336418917931570e-01	   2.1404758930021717e-01	   3.3706419173480689e-01	   4.3620182891809856e-01	   5.2457338473639048e-01	  -2.7116835268272244e-01	   2.6787247271500558e-01	   5.0315147523888770e-01	   4.5361350266809347e-01	   4.0272659858038856e-01	   3.2403380265429199e-01	   4.9454348267063653e-01	   2.7044926113724099e-01	  -2.2116113597242479e-01	   1.6877253941575122e-02	   6.2078062001580425e-01	   5.9413760136313754e-01	
   2.7984836729552931e-01	   1.9754814363279541e-01	   3.2688779769768894e-01	   4.8776025384826582e-01	   2.3091683406057104e-01	   8.1894339597342669e-01	   4.2586191698522757e-01	   5.7601268933672922e-01	   7.6349903526269314e-01	   0.0000000000000000e+00	   1.1224062217468109e-02	   4.2352891178291951e-01	   4.1137953537104105e-01	   4.7133911005119389e-01	   4.4157177116676649e-01	   2.1225288707291751e-01	   1.9362500226826663e-02	   4.5625656833328443e-01	   4.0597072999630229e-01	   3.3018449092577018e-01	   8.1244829558510409e-02	  -3.0629802734992433e-02	   2.8360209908755801e-01	   4.3911326072489654e-01	  -3.1664703021909373e-02	   1.3499785656283392e-01	   1.0633940222331321e-01	   5.7301280902954022e-01	  -1.4166847192442211e-01	   1.1553719508192903e-01	  -6.2229758256384771e-02	  -5.2255467664148403e-02	   2.9031164575145785e-01	   3.4158125516395688e-01	   1.4044043580411111e-01	   1.2902032162500043e-01	   1.8953237389623076e-01	   2.8951019113337362e-01	  -1.5619431149316582e-01	  -2.6792561766504497e-01	   2.2875909929792348e-01	   1.5635135815481110e-01	   3.1952862982277441e-01	   3.9415032211084000e-01	   4.4622429365552896e-01	   4.9621578943860112e-01	   1.9348794363961641e-01	   3.8849452352382347e-01	   4.7141258954521681e-01	   3.8726756748031399e-01	   2.8373749416655403e-01	   3.1191344038455343e-01	   3.9640206959628016e-01	   4.8302180229749558e-01	   1.6128845195542815e-01	   2.5847455318376944e-01	   1.4236972893661287e-01	   2.2042665323967048e-01	   2.3808394451568715e-01	   9.4088757636716328e-02	   3.4326624163448316e-01	   3.6102195598834952e-01	   3.5982250097006485e-01	   1.5756203291109525e-01	   2.8999164710554304e-01	   2.3822857177055329e-01	   3.7563628653423919e-01	   3.4817368867710674e-01	   3.4860000456618073e-01	   1.5124816613037784e-01	   3.0361794160202804e-01	   3.5073795522080597e-01	   2.0406330463741079e-01	   2.5362669506074703e-01	   2.6973944532777505e-01	   3.1228489992747038e-01	   2.4919424916315253e-01	   3.7247552557393743e-01	  -1.7482331418988670e-01	   3.1277285876191030e-01	   3.6560840252226734e-01	   4.3796953884612722e-01	   2.9883883435953096e-01	   3.4062747157461892e-01	   3.1951405475745159e-01	   1.5945208755346185e-01	  -2.4096952406094113e-01	   1.0838188868427331e-01	   3.6076244815260849e-01	   3.8535978256918002e-01	
   5.3260453249801132e-01	   6.3588636912495344e-01	  -1.9303564136273732e-01	  -1.4381803927208800e-01	   4.8518611370723497e-01	   9.5913319301206765e-02	   3.1760283864700846e-02	   1.5402295620692158e-01	  -5.1082300019375027e-02	   1.1224062217468109e-02	   0.0000000000000000e+00	   5.8532312361385541e-01	   4.4237329990508129e-01	   6.1222036222597098e-01	   6.0708469427444445e-01	   7.5885469564866903e-01	   3.5088933335971667e-01	   4.1466556755572648e-01	   4.7468553610681763e-01	   3.0025910633067232e-01	   1.2785417369668955e-01	   3.7023912934318914e-01	   1.8656972892266577e-01	  -6.1086161365750003e-03	   2.8957840524606793e-01	   2.2329106554697892e-01	   8.4995545931829286e-02	   1.2210142650178560e-01	   5.2494961905750726e-01	   5.4524335067293073e-01	   3.9751190085123078e-01	   4.7091333749651143e-01	   3.1285279852568015e-01	   3.0812560600484917e-01	   2.1717810843060742e-01	   2.4128812899522789e-01	   1.3857803465904425e-01	   3.6423705654624555e-01	   2.6610159867776040e-01	   2.7539573055147548e-01	   3.0258955342956950e-01	   2.0122984592225315e-01	   3.3801192774939176e-01	   1.9220334161846708e-01	   3.2572246734228927e-01	   2.6631531629666716e-01	   3.2140624634552184e-01	   3.4561654080527376e-01	   3.6704540992643830e-01	   3.6198508362017456e-01	   2.4190075745165190e-01	   2.5999039099242527e-01	   2.5721733678817905e-02	   1.6431725394447183e-01	   2.7009869998698238e-01	   1.4691906115721654e-01	   6.3562133741678173e-01	   5.9455670357891133e-01	   4.0901010117981074e-01	   6.8301599568225746e-01	   4.3661005349780513e-01	   5.3423716991032832e-01	   5.3555222792875634e-01	   5.2380286276306343e-01	   3.5282581637341420e-01	   4.2634992390969084e-01	   3.2271418802661966e-01	   2.8610262171729473e-01	   2.1518190890801167e-01	   3.9551866905710747e-01	   5.8299875827585834e-01	   5.5049613095412631e-01	   5.9023832615276617e-01	   5.8089200157813581e-01	   4.0411096683407288e-01	   3.6791671841304197e-01	   4.5794084452398320e-01	   3.4083142459083299e-01	   3.0560311363557324e-01	   3.8529494728906005e-01	   4.2305551442709272e-01	   3.1743238292017195e-01	   6.1194335066959882e-01	   4.8668660228780347e-01	   3.5962675452283105e-01	   4.0672872703496910e-01	   6.2897089701118292e-01	   3.0479541103882873e-01	   1.3934707867112867e-01	   1.0703498941553019e-01	
   7.4572556004395829e-01	   7.3989747907167225e-01	   1.5059256977582786e-01	   3.6329379753699514e-01	   3.9176685366708608e-01	   3.4073688510379962e-01	   3.9661707340570312e-01	   6.1943620516402664e-01	   3.9028723931555320e-01	   4.2352891178291951e-01	   5.8532312361385541e-01	   0.0000000000000000e+00	   6.5651322979687066e-01	   8.8881082629638397e-01	   6.2069909680442914e-01	   5.1168984544061724e-01	   3.8213444339806046e-01	   7.1012146244415941e-01	   6.6268307737297705e-01	   5.4780873975056443e-01	   2.4592278386919600e-01	   2.3463506653526769e-01	   5.0339226981745300e-01	   4.5218643649310353e-01	   2.6418775458197585e-01	   8.6529750571036138e-02	  -3.9973017619696148e-02	   4.2032787786798914e-01	   1.4641987443688606e-01	   4.2915310330017770e-01	   2.3003614247987689e-01	   2.9189335247413845e-01	   5.5529450584587070e-01	   5.2906911531157075e-01	   4.0480353046671952e-01	   4.7865922898091590e-01	   3.1048956168799169e-01	   5.0873594780069586e-01	  -1.7787602463266541e-01	  -1.8626823974648560e-01	   4.1777823399627390e-01	   2.1937429951168902e-02	   6.3137546285300261e-01	   5.4032473162417205e-01	   5.1270028713372184e-01	   5.8687461152456344e-01	   4.6882554603452731e-01	   5.9427590032721234e-01	   6.4415145071919611e-01	   6.3276794617707421e-01	   5.3742834637341286e-01	   5.7367600498387783e-01	   3.5890090847091005e-01	   4.2665753268578321e-01	   3.9318260944841960e-01	   2.8140181344412984e-01	   6.7862345236837252e-01	   6.6604944883630590e-01	   5.8513213621531746e-01	   6.0816160132302943e-01	   6.1854254117099150e-01	   7.1287130816035393e-01	   7.1398756996105128e-01	   6.1848747120551473e-01	   5.3052548475484551e-01	   5.5509593823633030e-01	   5.8207397377882519e-01	   5.0286637197589346e-01	   6.3536115429168349e-01	   5.6212729363421032e-01	   6.0536342244455155e-01	   6.0917561502652584e-01	   5.9297226363130451e-01	   6.0580756657752866e-01	   3.6320663376996759e-01	   6.2145363969514722e-01	   6.4699221069299795e-01	   6.3152867557290160e-01	   1.0313910457350137e-01	   5.8512246800113821e-01	   6.0100066392172424e-01	   5.1984613123809287e-01	   5.0879080488470596e-01	   5.5431431471338655e-01	   5.6542862166260377e-01	   4.8284470067716467e-01	   1.6633670964618022e-01	   1.7310912470143824e-01	   4.1263195769677108e-01	   3.4612328165992257e-01	
   8.0322218098553588e-01	   6.4450212134618345e-01	   4.8994123995845335e-01	   5.1848147084896590e-01	   3.2739006180845426e-01	   2.4074269497623840e-01	   6.6724076060358839e-01	   6.9393068864383722e-01	   6.1648867027438270e-01	   4.1137953537104105e-01	   4.4237329990508129e-01	   6.5651322979687066e-01	   0.0000000000000000e+00	   7.6843296675998951e-01	   7.6264188403883781e-01	   3.1493552293205695e-01	   2.7581367691132963e-01	   4.6143952140863048e-01	   6.8538019258106242e-01	   4.9881366301454749e-01	   8.7469784109266230e-02	   9.1208432450042953e-02	   6.7074162130415860e-01	   6.2718617493743356e-01	   1.9919426723772871e-01	   4.4848731275517785e-03	  -7.1635666543935689e-02	   3.9216841840257410e-01	   5.4965967339881225e-02	   3.3392932710449674e-01	   2.9473918201506667e-02	   4.9337264738352857e-02	   4.4873776924922271e-01	   4.5784480227727969e-01	   5.5440374932164949e-01	   4.2065179727434138e-01	   5.5742478582009292e-01	   4.8904030176984703e-01	  -1.8206330571798990e-01	  -1.4221474457045918e-01	   3.5022405785482458e-01	   5.9527093443537217e-02	   6.3935964859707151e-01	   5.1756462062686437e-01	   6.4269746939532735e-01	   5.8356098687163427e-01	   3.8266091819517134e-01	   4.9960780398465221e-01	   7.2169797500347188e-01	   6.1698383822606784e-01	   7.3715314984222635e-01	   6.2876173941071900e-01	   5.1453076320388924e-01	   6.3789480712298852e-01	   4.6798085437399101e-01	   3.0649029101780745e-01	   4.9064961112629307e-01	   7.2237396848360058e-01	   6.5848417980673879e-01	   4.8837636075827739e-01	   7.0484396007856409e-01	   6.2864218431086794e-01	   6.2729241954962034e-01	   5.8736688279112492e-01	   5.6533731568273138e-01	   4.5939312325921267e-01	   7.4327114884444467e-01	   6.1482998947434497e-01	   7.2507052995736221e-01	   6.3582141307350248e-01	   5.9888805944450307e-01	   6.6026011164499698e-01	   6.1393841089721712e-01	   6.6653773540193917e-01	   3.5819109761662193e-01	   5.6626511905404919e-01	   6.8764095564945737e-01	   6.8759646847564326e-01	   2.4264022434637805e-02	   5.0361187064535384e-01	   6.5694814183704886e-01	   5.3234814143535425e-01	   5.5180156839980954e-01	   3.2067189787246547e-01	   7.0762029451078012e-01	   5.7588884887778835e-01	   3.5461315174611555e-02	   7.4822918034800909e-03	   5.7039144236188499e-01	   6.0364472654822954e-01	
   7.8346668659183272e-01	   7.1596847028583621e-01	   2.3622977669476683e-01	   3.8905642139440416e-01	   4.7902886729248950e-01	   4.1886675149793701e-01	   4.8899471931883676e-01	   6.9447400218737176e-01	   4.6572194074431617e-01	   4.7133911005119389e-01	   6.1222036222597098e-01	   8.8881082629638397e-01	   7.6843296675998951e-01	   0.0000000000000000e+00	   6.9191758800738679e-01	   5.6478874000020096e-01	   3.8279730311199628e-01	   6.7925838062566901e-01	   7.4314403585665234e-01	   5.5923016144812476e-01	   1.6267483905111801e-01	   2.6273311395107019e-01	   6.0004369951756942e-01	   5.1089556140742098e-01	   2.5695912739777765e-01	   1.4021791361722136e-01	  -7.5406293519541760e-03	   5.0846220264102959e-01	   2.2072885507694140e-01	   4.2213872547045217e-01	   2.1812002980146361e-01	   2.7816222686537373e-01	   6.2440018191445923e-01	   5.9732822483060244e-01	   5.4064679692304063e-01	   5.2076908198392102e-01	   3.5788787246258147e-01	   5.0098722777939708e-01	  -1.8246431750826650e-01	  -1.5437229625441193e-01	   4.3090750946049766e-01	   1.5573577287757945e-01	   6.8993382455584851e-01	   5.9211348608107461e-01	   6.8323134430484511e-01	   6.8255805132145320e-01	   4.9442516209164211e-01	   6.3448904482319124e-01	   7.2300558565722617e-01	   7.0951546661949849e-01	   6.5594487762827069e-01	   6.4970621620989844e-01	   4.6039146123585445e-01	   5.1323583098827308e-01	   4.5977342449702574e-01	   2.5485413570942311e-01	   6.7351829989916179e-01	   7.3898182108840782e-01	   7.0727082840864075e-01	   6.8025525558312971e-01	   7.1035848577710836e-01	   7.4427261337274642e-01	   7.5660605192171659e-01	   6.4140882326917703e-01	   6.1328104953513463e-01	   5.5601584496074141e-01	   7.4104408963402768e-01	   6.6692569329657836e-01	   6.8629542957705836e-01	   6.0794774618537117e-01	   6.9021828808520069e-01	   7.0774465915869245e-01	   6.6618072987527033e-01	   6.8395856873184080e-01	   4.5558542745161090e-01	   6.4384804193312783e-01	   7.3090391831850288e-01	   7.0405936478657649e-01	   1.2658982125069568e-01	   6.6152832340570988e-01	   6.7222502739730250e-01	   6.2493259467447504e-01	   5.7865324634766102e-01	   5.7064106303825246e-01	   6.6525523554256294e-01	   6.4324578448498604e-01	   1.6223129828106736e-01	   1.5898956221999894e-01	   4.4512453996181056e-01	   4.7189915813203404e-01	
   6.4992583944129112e-01	   6.1186194681679407e-01	   1.8325224682254865e-01	   2.4869954276996603e-01	   5.3517196535164835e-01	   3.7849256345191423e-01	   3.9991664372141322e-01	   4.7410963374806697e-01	   5.6074225787638998e-01	   4.4157177116676649e-01	   6.0708469427444445e-01	   6.2069909680442914e-01	   7.6264188403883781e-01	   6.9191758800738679e-01	   0.0000000000000000e+00	   5.6232708365401840e-01	   3.6069579643798699e-01	   5.4059431010066716e-01	   7.0082185897428051e-01	   4.9511995985624274e-01	   2.4789608076980629e-01	   1.9267080227601202e-01	   3.8684652588927915e-01	   3.1458708145214764e-01	   2.1600631652314359e-01	   1.2423552070262081e-01	   2.4559187081666739e-02	   4.0006100504881192e-01	   2.3646701368133399e-01	   4.0187069117103824e-01	   2.4921670565227239e-01	   2.3871859882301485e-01	   4.5245495318779128e-01	   3.9755238530359105e-01	   2.3902276959711050e-01	   2.4440512603074357e-01	   5.0534983584255899e-01	   4.1712353970686017e-01	   5.3165857914573067e-02	  -8.3661472269703635e-02	   5.0902864857064556e-01	   1.7074364927274074e-01	   4.9292151179322585e-01	   3.7894984937060316e-01	   5.1423195042549275e-01	   4.7341874973959730e-01	   3.5084439099903975e-01	   4.5498812777134129e-01	   6.4032361157963902e-01	   4.9724021377452055e-01	   4.5288851890533183e-01	   3.5622421796808124e-01	   3.6224047374026319e-01	   5.3936910135882965e-01	   4.3686468661054728e-01	   3.7214073089235172e-01	   5.5497220119953872e-01	   6.5208995056053276e-01	   5.7286682441158565e-01	   5.7266631771140097e-01	   6.5607529398805786e-01	   6.5155947473642395e-01	   5.9696814728654712e-01	   5.2255807144551869e-01	   4.2962509539697868e-01	   3.8685677958258174e-01	   5.6327059367584653e-01	   4.3934360993648425e-01	   5.4529493334290291e-01	   5.1672716174668065e-01	   6.1457219864709622e-01	   6.6255205409227125e-01	   5.8806651113927644e-01	   5.5000420298517039e-01	   4.5957069515760696e-01	   5.2368565974711667e-01	   5.6362728786110838e-01	   5.4077133559568991e-01	   9.7483023470135197e-02	   3.9374417391657512e-01	   6.4275849260662987e-01	   5.1079886838893052e-01	   7.0499748856711641e-01	   5.5241053919034844e-01	   6.2805664802243033e-01	   3.9532396988642626e-01	   2.8065291522496560e-01	   2.6368179226050320e-01	   4.7381962505372321e-01	   3.9620536939382067e-01	
   3.4147770365759483e-01	   4.5463156406780514e-01	  -3.3134945292624607e-01	  -1.9542095766852152e-01	   5.7235903659745802e-01	   3.2770880150397108e-01	  -9.3320261966124488e-02	   1.1353106361701343e-01	   2.2131332326631559e-02	   2.1225288707291751e-01	   7.5885469564866903e-01	   5.1168984544061724e-01	   3.1493552293205695e-01	   5.6478874000020096e-01	   5.6232708365401840e-01	   0.0000000000000000e+00	   3.8193930769484896e-01	   5.0703122029711922e-01	   4.5252427001297491e-01	   2.8972246129237000e-01	   9.2191073299409218e-02	   2.6099441521765271e-01	   1.8066922735394322e-01	  -2.3590109918826853e-02	   3.2343509586136460e-01	   3.1247857333644002e-01	   1.5766809471597884e-01	   1.1680065051673820e-01	   4.4128214416440936e-01	   4.3186390580468370e-01	   5.2716085342874053e-01	   6.3015152003725849e-01	   3.8171437518520601e-01	   3.8825789369930169e-01	   1.3478660108552565e-01	   2.0982155582505563e-01	   7.4006493083762726e-02	   4.0635706909724212e-01	   5.0204417447556493e-01	   3.7760948447496584e-01	   4.1610049015375927e-01	   4.2216188727774162e-01	   2.3550466207840898e-01	   2.7655624313783989e-01	   2.8038065759258918e-01	   2.9648536848497475e-01	   4.3417597183489237e-01	   4.8282582946506170e-01	   2.8807860576383265e-01	   2.5614376485369339e-01	   1.0875144855289304e-01	   1.7253932442826136e-01	   1.1796826075165294e-01	   2.8940759581468611e-01	   2.2112761357795177e-01	   3.8622164347794563e-01	   5.1903691281165765e-01	   4.6651492616738266e-01	   4.1425640973892797e-01	   7.0426124090942754e-01	   3.1786035990029649e-01	   4.0120003368786783e-01	   4.7347171734814425e-01	   3.7312577063362523e-01	   3.4634414164613975e-01	   3.3546660121943750e-01	   2.7616886016407227e-01	   2.9019074612884105e-01	   1.5332489309637820e-01	   2.7068022815571935e-01	   6.5623882092645969e-01	   5.7139028516728674e-01	   5.2829882329787292e-01	   5.2103503020095843e-01	   4.2597589720695528e-01	   4.4475729647661622e-01	   3.5504378685840776e-01	   2.9035090073546327e-01	   4.0709538600290329e-01	   4.2352703419298082e-01	   4.4638646113902608e-01	   4.8383655939848574e-01	   6.3922659818131111e-01	   5.7299925209705915e-01	   4.1451623983469188e-01	   4.4621379623053525e-01	   6.2733365864818913e-01	   5.1274321903387721e-01	  -2.7870214504210102e-02	   9.2447103716183809e-02	
   2.6823092126177228e-01	   3.7797517250612023e-01	   7.2070933782689459e-02	   1.9304862375669957e-01	   3.8663988357417944e-01	   8.8766328449026623e-03	   2.1978858240901289e-01	   2.8751823145695865e-01	   8.5895608685415514e-02	   1.9362500226826663e-02	   3.5088933335971667e-01	   3.8213444339806046e-01	   2.7581367691132963e-01	   3.8279730311199628e-01	   3.6069579643798699e-01	   3.8193930769484896e-01	   0.0000000000000000e+00	   5.1808234591061697e-01	   4.9832674043841130e-01	   3.4737221503475668e-01	   3.8283792204480516e-01	   3.2990406888308416e-01	   4.3301974276482380e-01	   2.6069031758325073e-01	   4.6564784290361455e-01	   2.4828684400702372e-01	   2.1561323843768015e-01	   2.9159971189579414e-01	   3.3532756012113807e-01	   3.1754248467496082e-01	   5.4925099362189334e-01	   5.1654605789389951e-01	   6.1066277800555757e-01	   4.9407266272301875e-01	   2.8257029056540900e-01	   4.1554436730583877e-01	   3.1874064119197809e-01	   2.9082700019328234e-01	   1.6928485801398142e-02	   8.3858493385349647e-02	   5.2353545361717857e-01	   1.0221772899066112e-01	   3.2391868993518080e-01	   5.4458159483127511e-01	   2.3325425414848752e-01	   3.3379766842600606e-01	   5.4937510252187038e-01	   5.3037900654216108e-01	   2.3021587258070025e-01	   2.7270591864240351e-01	   2.8585814994830516e-01	   3.4390640314400733e-01	   3.8840911245718601e-01	   4.5178837326202381e-01	   3.7027592513679475e-01	   4.0610474563236015e-01	   4.6224945806102447e-01	   4.2322919514567436e-01	   2.9328004159386156e-01	   5.4697106659956329e-01	   2.1378852314323565e-01	   3.2555850657999463e-01	   4.7828410537955479e-01	   2.8474101236334803e-01	   1.6304458354628251e-01	   2.4698138037787398e-01	   3.6000424840210188e-01	   3.5662567496283937e-01	   4.8236873433584498e-01	   4.1058398837506649e-01	   6.1539631540623074e-01	   5.4115092397964848e-01	   3.7629736746975079e-01	   3.9901700894291853e-01	   4.4995601402379126e-01	   5.3957425983406693e-01	   4.2247721352674328e-01	   3.8938303778608990e-01	   5.0031164680803708e-01	   4.3951550656091232e-01	   6.1829081210265757e-01	   5.9970586779353652e-01	   5.1607371545913749e-01	   3.8698690989498274e-01	   5.6086927478284188e-01	   5.1946972211367581e-01	   4.4525916170277513e-01	   1.4620474441092585e-01	   1.8187252942553844e-01	   1.8854476155805397e-01	
