   0.0000000000000000e+00	   7.2274655223978734e-01	   6.4142859981655798e-01	   7.4048683613302235e-01	   4.3134340451015890e-01	   7.9537307666283780e-02	   5.4549538230043859e-01	   5.4734324414013846e-01	   2.7281814823426831e-01	   4.8463939041136959e-02	   3.0541987701854711e-01	   4.7520836592295723e-01	   4.5476688168179935e-01	   2.5625696338351284e-01	   2.1075537148391471e-01	   1.9104495156027423e-01	   4.5862716507996537e-01	   9.3561328449890985e-02	   4.3466683471906153e-01	   2.2814197455116489e-01	   4.2973771051471471e-01	   3.6788702486300418e-01	   4.4828037092730111e-01	   4.2123202148022398e-01	  -1.9225963544943747e-01	   9.1587681764413620e-02	   1.4746282296804705e-01	   2.9969834199044687e-01	  -1.2263348352558534e-01	  -1.6335125088352820e-01	  -1.1118802036752781e-01	   1.4303869627524213e-01	   6.1613494475208419e-01	   5.4206468850641487e-01	   2.2799895810641824e-01	   2.9498688388673755e-01	   1.8602810082931259e-01	   5.0411619832228804e-02	   9.8625942473667461e-02	   6.9405107103450769e-02	   2.8426927529846946e-01	   1.1464050859404515e-01	   1.8199776702445963e-01	   2.7413381367594364e-01	   2.4685332868152124e-01	   2.5034307827895130e-01	   4.6474472089840724e-01	   5.6360192556816213e-01	   2.2387340011944101e-01	   2.1993408369362594e-01	   3.0257036399344672e-01	   3.5097588733438101e-01	   3.6756963134924658e-01	   2.9793029142705063e-01	   1.0967613155441182e-01	   2.0745456940214377e-01	   6.7347036868051924e-01	   6.6267127534253190e-01	   4.9275280056934662e-01	   4.9725560199422603e-01	   2.4627409299471673e-01	   3.2846301908816256e-01	  -1.7720055770610451e-03	   2.8164299854682928e-01	   3.1900330669635803e-02	  -3.1696168702436647e-02	   4.8846071331342389e-01	   5.3405660054049831e-01	   7.7493510244056030e-01	   3.5138659173535192e-01	   1.6489944078587379e-01	   4.9279783387409251e-02	  -2.7197679200923450e-02	   7.3014249977434748e-02	   1.4070083240420839e-01	   3.6952013942614625e-01	   5.0943552630246314e-01	   3.2645275979611516e-01	   1.9737832540198216e-01	   1.9270784730441642e-01	   4.2049942096197040e-01	   3.9004216535904385e-02	   3.1387153253967626e-01	   8.5161358482006358e-02	   4.4096801581824663e-01	   1.3510919570234936e-01	  -2.3505733260123812e-02	   1.3441889930182244e-01	   1.0767014375211643e-01	   2.9685692511897355e-01	
   7.2274655223978734e-01	   0.0000000000000000e+00	   6.2725882149641410e-01	   7.5888286661393556e-01	   4.1413180913175496e-01	  -2.2558552530929803e-02	   7.3139023982553808e-01	   7.1608170803293414e-01	   3.5590215427445304e-01	   6.3006384165537554e-02	   4.0375442799146771e-01	   6.2727336855611560e-01	   5.8581941048384190e-01	   2.1745891859552730e-01	   3.2077869249593111e-01	   4.7146416802043012e-02	   3.9432700695513434e-01	   4.4172379699806141e-01	   5.8779907580290325e-01	   4.5026489737764197e-01	   1.4194357061690666e-01	   1.1491897802154562e-01	   5.5372896481139744e-01	   5.8258540540364390e-01	   8.4173398618259607e-03	   2.2657177425285796e-01	   1.5051319864308638e-01	   2.6046023574653615e-01	   1.7679420330031520e-01	   2.4005458876616659e-01	   4.2362222920619100e-02	   2.0745876017554128e-02	   4.2583165039194210e-01	   5.7803048155581560e-01	   1.6259396212427285e-01	   3.4233300376294179e-01	   1.5082826807854544e-01	  -1.7426119911824486e-01	   8.7361668202428105e-02	  -5.4809279056221960e-02	   7.8238898801493758e-03	  -1.6547674130261736e-01	   4.1497130817721084e-01	   2.7093654283655155e-01	   4.6480788915745974e-01	   4.8374074914397436e-01	   4.7140242776708996e-01	   4.4691347379308705e-01	   5.0513183117425164e-01	   5.3047394762636990e-01	   4.2505108115302664e-01	   4.6604051791596618e-01	   5.0529806619697393e-01	   2.4905944294025215e-01	   1.1188598475382398e-01	   5.2581686377647749e-02	   4.5122596275502519e-01	   8.3918884387903003e-01	   1.9503694518976991e-01	   2.5969938088681443e-01	   3.4255875645649680e-01	   5.7339804953065410e-01	   1.0835551876344712e-01	   4.9553649112800863e-01	   1.3582141634984859e-01	   7.9999975243113322e-02	   3.3058122506560006e-01	   4.4256172885548273e-01	   7.9306505828229423e-01	   2.1445169572253925e-01	   2.7756824235750072e-01	   1.1121500671345713e-01	  -1.7502935575785733e-01	   1.8499613787208470e-02	  -9.1844802155107763e-02	   1.8643127228648471e-01	   4.3839205178547980e-01	   2.4664122013318412e-01	   2.6405081535446295e-01	   1.9433818769593003e-01	   6.6888411847863039e-01	   3.8430734009261536e-01	   3.4063770603052768e-01	   2.1756157347299232e-01	   6.3624863676403487e-01	   1.2739312248568316e-01	  -3.1161680189792257e-01	  -1.2499865365198644e-01	   4.2635246672929267e-01	  -1.0326122269984334e-01	
   6.4142859981655798e-01	   6.2725882149641410e-01	   0.0000000000000000e+00	   7.6347510931678841e-01	   4.5173526890336069e-01	  -6.5393525855690415e-02	   8.5886244467494188e-01	   4.3188389562648710e-01	   1.5745338141512477e-01	  -1.5330209194753386e-01	   5.7595888890700975e-01	   4.1147999160954762e-01	   6.8711684383369520e-01	   1.0124612080534565e-01	   2.3293268694297697e-01	  -2.4956876423974372e-01	   1.4789410359070979e-01	   1.8371837108643302e-01	   3.0364827454918475e-01	   8.2403079037186855e-03	   2.6411291887899185e-01	  -1.4706492868463681e-02	   8.3042419383871358e-01	   8.0178520130740871e-01	   1.0747061683829257e-01	   3.4190858460033147e-01	   6.3283329442036018e-02	   3.4029826815041847e-01	  -3.9908867729168440e-01	  -2.4144173737263203e-01	  -9.7046182581281490e-02	   2.0249468495035128e-01	   3.1247379910242440e-01	   3.6711535216107816e-01	   5.7373126572919597e-01	   4.7395679241242611e-01	   1.0597158139482719e-02	  -1.2137661531438872e-01	  -8.4247946891395253e-02	  -1.2239358602348618e-01	   2.6696585041028892e-01	   1.4315093574491394e-01	   2.2412374370841742e-01	   4.9608788522610761e-02	   1.0839392200620379e-01	   5.1424655174582681e-02	   2.2503494035785165e-01	   3.6704340685135362e-01	   1.4369096885208796e-01	   2.4229706538498508e-01	   3.1105259188968304e-01	   3.7178240061319312e-01	   4.5110948398655148e-01	   2.0613151358691781e-01	   5.2514058930930474e-02	  -1.8855948701787739e-01	   1.9693258447013431e-01	   4.6529927287841644e-01	  -2.1005583394048313e-01	  -1.0291665752211375e-01	   4.1283075890755104e-02	   1.8922952613794214e-01	  -3.6902820033256717e-01	  -4.6788968491029384e-02	   5.0708093536117760e-01	   4.0306996493335367e-01	   2.1473815482164899e-01	   2.3096766104607203e-01	   5.6555417240122652e-01	  -2.0074636029456613e-01	   8.3208099127874260e-02	   7.3319136840491239e-02	   1.6630328157671770e-01	   7.0778474951653347e-02	   9.1993315288380936e-02	  -6.2444413207469905e-03	   2.6437767027660664e-01	  -4.8809105959280357e-03	   2.1356443863481270e-01	   2.9287184212804362e-01	   1.8287807833526046e-01	   1.3069589683971093e-02	   2.5386663101046242e-01	  -2.9291735577859312e-01	   5.5191838450835351e-01	   5.9856125496479159e-02	  -3.3543404043373071e-01	  -1.5596755126242337e-01	   2.5131123923575560e-01	  -1.1682334308778851e-01	
   7.4048683613302235e-01	   7.5888286661393556e-01	   7.6347510931678841e-01	   0.0000000000000000e+00	   4.6848520842031627e-01	  -1.3006761214353113e-01	   7.0011381654527627e-01	   8.2138290134215985e-01	   3.3272218261731062e-01	  -2.0372222578171575e-01	   3.7960030710589676e-01	   5.2696022317736135e-01	   5.9967052215097028e-01	   3.5735510076276400e-01	   2.5024840449865221e-01	   3.9439584423003139e-02	   2.0433434697830666e-01	   2.8457750771244100e-02	   3.5502042211468782e-01	   1.7914850288776801e-01	   1.9261345994851514e-01	   1.3768462665970593e-01	   7.4309510599185802e-01	   7.4526242661960240e-01	  -6.4198016434370744e-02	   2.1492288286192129e-01	   2.2925595957015626e-02	   3.1552030587439073e-01	  -2.5304273574497127e-01	  -1.6646726818038482e-01	  -1.4894743933237922e-01	   1.1757912665688536e-01	   4.4511452317582645e-01	   5.3380787230539228e-01	   2.0527310274160337e-01	   2.7459517614111018e-01	  -1.2376596139138892e-01	  -1.7195154902502474e-01	  -5.5281262251009683e-02	  -2.1414635989328062e-01	   1.8972632289643365e-01	   4.1447061887158965e-02	   1.6728476804714035e-01	   9.9449094051970721e-02	   1.4665488810676555e-01	   1.4233008148215398e-01	   3.0116388287608709e-01	   3.7116364785619227e-01	   2.1787336282999240e-01	   2.4621308424424382e-01	   2.2669574219110189e-01	   3.5304787511770308e-01	   4.6857223254782199e-01	   2.1423534018864115e-01	   2.8727455375996365e-02	  -6.8359425914003832e-02	   3.4102647909346151e-01	   5.4438285620275639e-01	   1.2483969487628510e-01	   3.2505815036530405e-01	   1.6782242391555868e-01	   4.8069894519321277e-01	  -1.2280664111364892e-01	   2.4620474643751250e-01	   1.5212389375050098e-01	   2.0023421063998131e-01	   2.7491319140908643e-01	   4.1436611003327961e-01	   6.0955416711002275e-01	   6.9657723794507007e-02	   1.6273118492474847e-01	   1.5407675164183406e-02	  -1.1091006749440777e-01	  -8.6479715477122188e-02	   8.7288784028533278e-03	   1.8259807465901376e-01	   2.5432859665747864e-01	   2.4157349082786946e-02	   3.8483519809075545e-01	   3.1258159463011581e-01	   4.2991014320769305e-01	   1.1481236858186739e-02	   2.5948990025120777e-01	  -9.0952441247453726e-03	   5.2503567901413617e-01	  -9.4985069217655670e-03	  -2.0855359059773038e-01	  -9.5076931834254308e-02	   2.4951775946430607e-01	   7.0411770954972683e-02	
   4.3134340451015890e-01	   4.1413180913175496e-01	   4.5173526890336069e-01	   4.6848520842031627e-01	   0.0000000000000000e+00	   5.3812686158719791e-01	   4.1828346885736484e-01	   3.1666221100216418e-01	   7.8812480215867031e-01	  -2.7781006874631866e-03	   7.2066506112294801e-02	  -9.9907690384654163e-02	   1.2359561448957165e-01	  -2.0801643078312548e-01	   3.8442231591157539e-01	  -3.8302808656847970e-01	  -3.7503568064688030e-03	   9.3114402383692424e-02	  -1.9184911713955641e-01	  -2.3268588078075889e-01	  -3.7352953732182267e-02	   1.8587940419760635e-01	   5.3448216167825069e-01	   3.7111441490837443e-01	  -3.2917337707739586e-01	   7.0563337737605147e-01	   1.7630710121149079e-01	   4.9642739894599958e-01	  -1.9431155573939504e-01	  -1.3607360559441364e-01	  -1.5903501763849842e-01	  -1.6851836541581855e-01	   1.2537190322689262e-01	  -4.4822415042806867e-02	   1.8048318418293786e-02	   1.0072505425408544e-01	   2.9880230535884211e-01	  -4.0064425141250065e-01	   3.2759049983284505e-01	  -6.9648265426184616e-02	  -3.4595876386496677e-01	  -2.9918142101041734e-01	   2.4504075761315625e-01	   6.7105388001370031e-02	   1.8239554049085374e-01	   1.6566452996775957e-01	   1.4307594861933770e-01	   1.7984875901498895e-01	   1.1086907269421326e-01	   2.9829792337302041e-01	   2.7754370038544712e-01	   3.6028896427978568e-01	   4.0447580424141580e-02	  -1.6192386038270162e-01	  -4.1910525934219967e-01	  -2.4245640714737632e-01	   2.4727832475503975e-01	   1.1304319138503473e-01	   1.7652182314394788e-01	   2.7447128197337206e-01	  -2.4219782140119389e-01	   1.1940720413585354e-01	  -1.8259521673571177e-01	   3.2882016054243829e-01	   3.4161816076189302e-02	  -8.6271163317919231e-02	   1.6970963631350316e-01	   2.1559014876068777e-01	   3.5660121483350760e-01	  -1.5179018886844015e-01	  -1.0302220908518964e-01	  -5.0060309122447260e-04	  -4.1808185624427757e-02	  -3.1848063510209795e-01	   1.1494496466279095e-02	   1.9720279510751601e-01	  -1.3709515150117983e-02	   3.2417910786909913e-02	   9.2122060211226153e-02	   1.6057768341564230e-01	   1.2599823771945948e-01	   1.8542750669392605e-01	  -2.4017241576660183e-02	   8.7650324653946551e-02	   3.4965589449114642e-01	   3.7041127508959958e-02	  -2.8711268909510701e-01	  -6.8966670852837836e-02	   3.2967923884553041e-01	  -4.3125146706983676e-02	
   7.9537307666283780e-02	  -2.2558552530929803e-02	  -6.5393525855690415e-02	  -1.3006761214353113e-01	   5.3812686158719791e-01	   0.0000000000000000e+00	  -1.2778696251458024e-01	  -1.8168757374917038e-01	   5.1790427428662711e-01	   5.7331886316168013e-01	  -2.0092399335774722e-01	  -3.7404314285428797e-01	  -3.3620061622482700e-01	  -4.6184645997131613e-01	   1.7289707920444675e-01	  -7.9819244447850365e-02	  -1.2444659214154753e-01	  -3.2938329326236117e-02	  -3.6317119714360530e-01	  -3.5073143922345701e-01	  -1.2209360347077156e-01	   1.5670554203467665e-01	   3.0707877826925085e-02	  -5.7179462205133737e-02	  -3.3441494354461920e-01	   5.9547050974279125e-01	   2.3749074973417258e-01	   3.4303893979181388e-01	  -4.4672914990486326e-02	   5.4336520678696645e-03	   1.8635831787917950e-01	   1.2858732369447304e-01	   2.0698202850582359e-01	  -1.7275984960959612e-01	   1.8938910503899748e-02	  -9.6278862094871173e-02	   4.7020851239250921e-01	  -1.4571783026557983e-01	   6.4810503810357512e-01	   3.4945002897441724e-01	  -4.6835293029331027e-01	  -1.1823181638051877e-01	   5.0092824613141712e-02	   2.9145602111586609e-03	  -1.8429836678729619e-02	  -8.0312855882704020e-03	  -7.3638109021382694e-02	  -4.6197065630699322e-02	  -2.0131739569912266e-01	  -3.2363543555888663e-02	  -7.6206208633169306e-02	  -4.7711085792194366e-02	  -3.9805531762050450e-01	  -2.6813776921858479e-01	  -4.6922476203218932e-01	  -1.1503478181180289e-01	   2.2850971628666897e-01	  -1.1766973671157106e-01	   2.3923340136156063e-01	   3.2541384167870191e-01	  -2.4930431973281433e-01	   1.7813901704777056e-02	  -2.8334975393556083e-01	   1.8537771260213287e-01	  -1.7388007126700807e-02	  -1.2730909159365383e-01	   1.0410608856197014e-01	   5.6434662748671212e-02	  -4.6715817202265426e-03	  -1.1703896608205369e-01	  -6.7509928666468946e-02	   6.9977662784207723e-02	   1.1297349713272792e-01	  -2.4767556430120002e-01	  -4.2968777727794012e-02	   8.4346803109644153e-02	  -5.4468154306691954e-02	   2.2734855432957862e-01	  -3.6173370766217611e-01	   1.5833350430710338e-02	  -1.0564280773241139e-01	   3.4195980428470418e-01	  -1.3144649094060160e-01	   1.6273644556037131e-01	   3.5948681043063202e-02	   1.6262412469713039e-01	   1.3597214754525486e-01	   3.2987911186368929e-01	   9.3683645799006648e-02	   7.4679236153586431e-02	
   5.4549538230043859e-01	   7.3139023982553808e-01	   8.5886244467494188e-01	   7.0011381654527627e-01	   4.1828346885736484e-01	  -1.2778696251458024e-01	   0.0000000000000000e+00	   5.6350855222984897e-01	   3.0204439975136488e-01	  -2.0696755641793536e-02	   6.2563120561771624e-01	   4.9504995250276351e-01	   8.0800133168900534e-01	   2.1237020280727206e-01	   3.0581581478262021e-01	  -1.3148622011947333e-01	   3.1527115965112329e-01	   3.9190392862639800e-01	   5.4772065406732584e-01	   3.7015124239922248e-01	   2.1816299803711756e-01	  -5.6425305792495606e-02	   7.0872476130157214e-01	   7.2848965443724301e-01	   2.6690505819541926e-01	   2.3096911352737584e-01	   1.2773356944698044e-01	   2.9069316995086592e-01	  -2.2933303740818606e-02	   8.0599689157679039e-02	  -7.0874522044704263e-02	   6.6101820719335708e-02	   2.6099216442399298e-01	   5.2798187947374975e-01	   3.4524812705241148e-01	   4.9261078024433669e-01	   7.1851231909414301e-03	  -1.5430807324308848e-01	  -2.0382164356139881e-01	  -2.1167333537900157e-01	   2.1572230492049732e-01	  -8.3242348280275352e-02	   2.5262214224370277e-01	   1.2069213959013023e-01	   2.7991093172708270e-01	   2.9189177885198148e-01	   2.9861999764962804e-01	   3.6034437374641454e-01	   3.7492956589365273e-01	   3.7206315588934874e-01	   3.4132360831702591e-01	   3.6115784823583874e-01	   5.1383042357441533e-01	   3.6314537881243969e-01	   1.2118891333447977e-01	  -1.4884637188331859e-01	   1.9808224442882935e-01	   5.5801572242124942e-01	  -2.3647150487792634e-01	  -1.7666387457611066e-01	   3.1855370726149823e-01	   3.7491739190065348e-01	  -2.3361931257951996e-02	   1.9516296951006418e-01	   4.0968492469488227e-01	   3.4101903775454656e-01	   9.1425005317433250e-02	   2.0770406334346153e-01	   5.8240757211355065e-01	  -6.4177093915021938e-02	   2.1643583682859188e-01	   1.5254450245619022e-01	   9.9288886493960213e-02	   1.7567395326274987e-01	   1.9239873113402348e-01	   1.6802085623751525e-01	   3.5180384647328400e-01	   6.0032408137767918e-02	   2.8521735131661935e-01	   2.5088915203580980e-01	   4.7880556596636592e-01	   1.9856956356514366e-01	   2.8352333142299935e-01	  -8.6161213615734727e-02	   6.5179673405206806e-01	   1.0055373353205124e-01	  -5.1545419634176537e-01	  -2.6152695127599929e-01	   3.1737122966873987e-01	  -1.1303844090351026e-01	
   5.4734324414013846e-01	   7.1608170803293414e-01	   4.3188389562648710e-01	   8.2138290134215985e-01	   3.1666221100216418e-01	  -1.8168757374917038e-01	   5.6350855222984897e-01	   0.0000000000000000e+00	   4.1151954925311884e-01	  -6.5634536911161473e-02	   3.1889324685555426e-01	   5.9385872879095447e-01	   5.4593471305222208e-01	   4.3598219257375548e-01	   2.0877901596992143e-01	   2.1199485110778632e-01	   2.5002303483907601e-01	   1.9703806932556472e-01	   3.6389651866956985e-01	   3.2371734252313594e-01	  -5.6222058414838929e-03	   7.2429387387934446e-02	   5.8992400236516174e-01	   6.0213057969440864e-01	  -6.4118955100002484e-02	   3.7778607940519869e-02	  -3.4991074751913924e-02	   2.6942373123491729e-02	   1.5942781315767390e-01	   1.8302851204005449e-01	  -6.1063426142760488e-02	  -6.5492275852104320e-02	   3.7839000087373709e-01	   5.5419094575791750e-01	  -1.6355464912351195e-01	   8.3981534079334175e-02	  -1.7451145195122472e-01	  -3.0028049015849795e-01	  -1.1739820147388200e-01	  -3.2038614988695718e-01	  -5.9205050321757685e-03	  -1.2131976616366777e-01	   5.5413015334698446e-02	  -2.7949640434028818e-02	   1.6282822293195545e-01	   1.8373739107805809e-01	   1.5031553727479421e-01	   1.2021310613810712e-01	   2.4387657034431140e-01	   2.4857461742760265e-01	   1.3181549586239161e-01	   2.4513869587577730e-01	   4.4427530083728495e-01	   1.6675785966888207e-01	  -8.1704806488700779e-02	  -1.4703743818130396e-01	   1.9811446045595343e-01	   5.0237061116867143e-01	   1.8734096387996949e-01	   4.0123239738731664e-01	   3.9597631572897529e-01	   6.8038871011916568e-01	   2.0688825015962251e-01	   5.8035495944454552e-01	  -1.5686017053409668e-01	  -2.6555768835478600e-02	   9.9013516486939665e-02	   2.7709484924229660e-01	   4.3026224877860875e-01	   1.3045966977149676e-01	   2.9138207266899485e-01	   1.5461780304969988e-01	  -1.8265051638719371e-01	   2.0057798185227856e-02	   1.0920587183646963e-02	   3.3039866198685142e-01	   2.4240352967785234e-01	   9.8644483405826752e-02	   4.6012666378877848e-01	   2.4600324572616722e-01	   6.0205101947999307e-01	   1.9030436094648412e-01	   1.4620244536589322e-01	   2.3458770000587909e-01	   4.9590116547314733e-01	  -7.5679561048659943e-02	  -2.8250185742212836e-01	  -1.4561470640932578e-01	   2.9880016949440319e-01	  -1.0757218337825487e-02	
   2.7281814823426831e-01	   3.5590215427445304e-01	   1.5745338141512477e-01	   3.3272218261731062e-01	   7.8812480215867031e-01	   5.1790427428662711e-01	   3.0204439975136488e-01	   4.1151954925311884e-01	   0.0000000000000000e+00	   2.8888250791003284e-01	   4.5127557327468995e-02	  -7.3067119713183925e-03	   1.8564403966979542e-01	  -5.0922514525729427e-02	   5.3241258920573120e-01	  -1.2304179620101245e-02	   3.7080420530809489e-02	   1.2246593189167311e-01	  -1.4875368981548001e-01	  -4.6619466066707346e-02	  -1.4092169996200876e-01	   2.2050487576659486e-01	   3.3056860005581046e-01	   2.3485052336720114e-01	  -3.8025054383872936e-01	   5.0458928187898844e-01	  -4.4261519904085648e-03	   2.9630587293169752e-01	   4.8215063711182483e-02	   1.0959796052308010e-01	  -1.0381179704998078e-01	  -2.5407184670553928e-01	   1.4329840904576807e-01	   3.5472304819101755e-02	  -1.7049796147266133e-01	   1.9762201751264967e-02	   3.2852111319976957e-01	  -3.1122817867923458e-01	   3.1341308901823517e-01	   5.9881236285263907e-02	  -3.9937267197051557e-01	  -3.6066590773438534e-01	   2.4120182211489299e-01	   1.3938252999163764e-01	   2.6756482101717488e-01	   3.1013891296467710e-01	   1.7377643883033267e-01	   1.3141847906444676e-01	   2.2537064147028224e-01	   3.3747868257089292e-01	   2.8948084980149313e-01	   3.7463139489733910e-01	   1.1861291776871002e-01	  -3.9497405446449557e-02	  -3.3573325590111952e-01	  -9.6193618978307679e-02	   1.7787444606286559e-01	   8.0623323942211181e-02	   2.4950586850606804e-01	   3.3888499368037106e-01	   1.4911456804668166e-01	   2.2722753505479473e-01	   1.6775209423703466e-01	   5.1474078606882512e-01	  -1.6443592162227005e-01	  -1.8649397161848075e-01	   1.5646330956218757e-01	   2.2859720846380335e-01	   2.1845860851150489e-01	   2.9775953981064231e-02	   7.2658460124581853e-02	   1.0829120335786674e-01	  -1.1238333653009533e-01	  -2.4412886906400788e-01	   6.9572255720109222e-02	   3.0140176145431652e-01	   5.8676514148887290e-02	   1.6197087069561850e-01	  -9.2373477195402762e-03	   1.0943100335209670e-02	   3.3089471591990688e-01	   3.8755512271868031e-01	  -1.2169841512895996e-01	   1.9262981975261387e-01	   3.2952306277195509e-01	   1.5407077309002282e-01	  -3.2578669682985584e-01	  -1.2919860190928445e-01	   3.5126842437103667e-01	   3.7196894859045655e-02	
   4.8463939041136959e-02	   6.3006384165537554e-02	  -1.5330209194753386e-01	  -2.0372222578171575e-01	  -2.7781006874631866e-03	   5.7331886316168013e-01	  -2.0696755641793536e-02	  -6.5634536911161473e-02	   2.8888250791003284e-01	   0.0000000000000000e+00	   1.0885203770998303e-01	   7.2801452278742185e-02	  -4.4132493508620765e-02	  -2.4145214269154897e-01	   6.0128694680348357e-02	   4.0971105819264830e-01	   1.9480054535536143e-01	   1.6527852924059902e-01	   3.6354541498930977e-02	   3.9256013179542221e-02	   3.8725527639636180e-02	   1.0246526550081334e-01	  -2.1426814981600553e-01	  -9.7384942757072282e-02	   1.9057007798165670e-02	   7.1599588348009016e-02	   1.3858061865002269e-01	  -6.3445183731656418e-02	   2.9868536735139922e-01	   3.7915895664766652e-01	   2.5602257117600058e-01	   7.7461258990391246e-02	   1.9182975426862936e-01	   8.9227099547727284e-02	   7.8348654334389520e-02	   2.3445403203002319e-01	   4.0780446670831111e-01	   2.6801710182756672e-01	   3.3630731660316737e-01	   4.4977198164711690e-01	  -1.5679553848423144e-01	   3.8571848145153090e-02	   4.4379509282366059e-02	   1.4282103508941235e-01	   1.3060494132462408e-01	   1.6804020419332993e-01	   1.0269663554285524e-01	   1.2378944845318696e-01	   6.4454381015181056e-02	   9.6004795654175967e-02	   3.8003191192592371e-02	   3.2158112228016242e-03	  -5.5249643624752556e-02	   1.5133451748060292e-01	   6.4647233284808078e-02	   1.4284573790442387e-01	   9.1299436609898380e-02	   9.6402928072470695e-02	   7.3369350667317451e-02	   1.4019902699621678e-01	   2.9481174761111978e-01	   2.9738965335904510e-01	   1.4213983913400225e-02	   1.1076695943444009e-01	   6.2184817930372289e-02	   8.4422469750924073e-02	   1.2362351589103102e-01	   1.4292894530244085e-01	   4.7448376019293199e-02	   1.0715615401968311e-01	   1.7368931936612719e-01	   7.0986824010948385e-02	   1.4957766008557419e-02	   1.2433438679499090e-01	  -6.8187480623028013e-03	   1.8836970399288340e-02	   3.2317136949733771e-01	   4.0699754084010287e-01	  -3.4965258965620127e-01	  -1.3762008605731441e-01	   1.7932914070942205e-01	   3.8726097245627378e-01	   2.2540205106186015e-02	   1.0283532930502541e-01	   2.3575112586969893e-01	   2.6724140605101493e-01	  -1.4488760639881505e-02	   1.3725060208224957e-01	   9.3693633669612642e-02	   7.2694605468360624e-02	
   3.0541987701854711e-01	   4.0375442799146771e-01	   5.7595888890700975e-01	   3.7960030710589676e-01	   7.2066506112294801e-02	  -2.0092399335774722e-01	   6.2563120561771624e-01	   3.1889324685555426e-01	   4.5127557327468995e-02	   1.0885203770998303e-01	   0.0000000000000000e+00	   6.2999327473724442e-01	   7.0608812412499622e-01	   2.7277274362445370e-01	   1.5861300190881605e-01	   1.1122153098092120e-01	   2.0284736196368749e-01	   4.0951432050397196e-01	   3.6939037737509300e-01	   1.5763957988229005e-01	   2.4751297180128878e-01	  -3.1969337952927522e-02	   4.9280779017415965e-01	   5.9361923518308002e-01	   3.1646730802925915e-01	   9.6732710321417489e-02	  -5.0967429444944291e-02	  -9.9561518008599633e-03	   4.5372960862737080e-02	   2.1565075054894567e-01	   9.6380114012902085e-02	   2.4665506917158264e-01	   3.0668335136781810e-01	   4.6811822336344283e-01	   4.7453256625456108e-01	   6.2327543441541744e-01	   7.9355907831310229e-03	  -3.1378469816481236e-02	  -9.0490128460895380e-02	  -4.6167637452320005e-02	   3.6244265377779517e-01	   1.8539715646385718e-01	   5.9965037839813592e-02	  -8.7458649647113834e-02	   7.9198150858299732e-02	  -2.8108104202668426e-03	  -7.9144945004541410e-03	   5.7128509231476519e-02	   4.1415115761491393e-02	   7.0188522001774875e-02	   1.0555043880847752e-01	   5.5975641333709802e-02	   2.1035720102672587e-01	   1.9731049708054496e-01	   1.2052345904702977e-01	  -2.3134116584577058e-01	   2.2920996290750742e-02	   4.1589760131497444e-01	  -3.9910847002009670e-01	  -2.9207550344096156e-01	   3.0940033318412319e-01	   3.2029556091314609e-01	  -1.7965637897327821e-01	  -3.6091186202567120e-02	   5.0773254533103618e-01	   4.2226587372420904e-01	   1.5286821140842594e-01	   1.2006677672743851e-01	   1.9020717810754009e-01	  -1.6642417186100913e-01	   4.0069707826731904e-01	   4.0020644970127511e-01	   2.3543085748586751e-01	   4.9702936191291769e-01	   1.8872349108451170e-01	   5.4017165030458572e-02	   3.1752723204293754e-01	   2.9553461500732604e-02	   1.0787495752603464e-01	   2.0891575234520937e-01	   1.9936130837154595e-01	   2.3784329858911057e-01	   2.3845669341288980e-01	  -5.7292123912234941e-02	   6.0485517406261247e-01	   2.9974656758251506e-01	  -2.8196549247955727e-01	  -7.5287852937035035e-02	   2.1025193698938099e-01	  -8.1618302334432388e-02	
   4.7520836592295723e-01	   6.2727336855611560e-01	   4.1147999160954762e-01	   5.2696022317736135e-01	  -9.9907690384654163e-02	  -3.7404314285428797e-01	   4.9504995250276351e-01	   5.9385872879095447e-01	  -7.3067119713183925e-03	   7.2801452278742185e-02	   6.2999327473724442e-01	   0.0000000000000000e+00	   6.5792610683762554e-01	   5.7987622205444611e-01	   1.6341531466034956e-01	   4.2233393286732718e-01	   2.6867522700571267e-01	   3.9606873362217887e-01	   5.7148739188302700e-01	   4.3495097979177377e-01	   2.3244786663600703e-01	   6.4294817481730437e-02	   3.8042593001790548e-01	   5.2784192653799733e-01	   2.7813595702079907e-01	  -7.4984835431069236e-02	  -1.6564815204275600e-02	   1.4817750345541562e-02	   2.1564092520581271e-01	   4.0978109627069370e-01	   1.8249720628527438e-01	   2.6770404529828318e-01	   4.6581151954485039e-01	   6.1265216766560249e-01	   2.7944132663981669e-01	   4.3282147440021612e-01	  -4.8063012906535904e-03	  -2.6526169722295392e-02	  -1.1466459391713632e-01	  -5.6506621845234098e-02	   3.0884933559343886e-01	   8.1935409777026513e-02	   1.2933895397874989e-01	   2.7898177820002896e-03	   1.9545283430196883e-01	   2.0948514007734081e-01	   1.7048728356684115e-01	   1.4529984993942682e-01	   2.4795588194339727e-01	   2.7950741754500025e-01	   2.1864017349040465e-01	   2.4297577113631932e-01	   4.0705571035447619e-01	   2.5790335353731075e-01	   2.3618998107922212e-01	   3.5718944554152615e-02	   1.4841286501584003e-01	   6.1584439671314417e-01	   1.1539406777248042e-02	   4.9222515864503102e-02	   5.7036635329053398e-01	   4.2031879486402501e-01	   1.3723736459709168e-01	   2.3204167315925589e-01	   1.3276577948522694e-01	   1.2632767537505485e-01	   2.5188008964512620e-01	   2.6866966790371427e-01	   3.5403463497613485e-01	   9.3884880896944398e-02	   5.1291433369484429e-01	   3.7861178366398407e-01	  -1.0174982012646025e-01	   3.1387690560826698e-01	  -9.1109043025823538e-02	   5.6151998176245936e-02	   3.9306298529046113e-01	   1.5581473070465851e-01	   1.7588898374154316e-01	   1.9591058038516124e-01	   4.3090951780183739e-01	   2.4947651609756760e-01	   2.9851628584550893e-01	   1.3342647166891980e-01	   3.6172035693968979e-01	   1.1868842910717989e-01	  -1.6916404866698698e-01	  -5.7660474255529330e-02	   2.1594399303306205e-01	  -8.9292809179706056e-02	
   4.5476688168179935e-01	   5.8581941048384190e-01	   6.8711684383369520e-01	   5.9967052215097028e-01	   1.2359561448957165e-01	  -3.3620061622482700e-01	   8.0800133168900534e-01	   5.4593471305222208e-01	   1.8564403966979542e-01	  -4.4132493508620765e-02	   7.0608812412499622e-01	   6.5792610683762554e-01	   0.0000000000000000e+00	   5.1222903469213144e-01	   3.3276999846399674e-01	   1.7882430056011986e-01	   3.7194836898785344e-01	   2.6738899894549062e-01	   4.6921045739025102e-01	   3.4062220149282019e-01	   1.6568205687004875e-01	  -1.5629691503422827e-01	   5.8934610341861138e-01	   6.0065062426644933e-01	   2.3808804509552245e-01	  -5.6364959600355764e-02	  -1.7342790795632346e-01	   9.0420496698384437e-02	   2.1938295570995293e-02	   8.7203390989886373e-02	  -1.9398629243555593e-01	   5.7490500626395449e-02	   2.7236494669031308e-01	   5.3988813486686515e-01	   2.9328925040600884e-01	   4.5235441990177139e-01	  -2.2068090453478656e-01	  -9.7448288883325240e-02	  -3.7480843998324209e-01	  -3.3598644308403580e-01	   4.1269274748362272e-01	   4.9157136759950482e-02	   8.3861994085989086e-02	   1.7967195342139499e-02	   1.8363562166956146e-01	   1.6792899165437014e-01	   1.6282339779167004e-01	   2.0455489167173069e-01	   2.4750036762787678e-01	   1.9515418642704774e-01	   2.0194286796455757e-01	   2.2861584194076029e-01	   5.0346317673458507e-01	   3.8155870219850974e-01	   8.9395330275681889e-02	  -2.2859480629352028e-01	   1.2611438851155155e-01	   4.5715693434616589e-01	  -2.5354214642484252e-01	  -2.2172585115955887e-01	   5.6694224208651056e-01	   3.0867070807500752e-01	   1.4411546054089450e-01	   6.6047046630767423e-02	   3.2245659355922174e-01	   3.2039156102335903e-01	   7.4341716536029750e-02	   1.6251055383913604e-01	   3.9707187841465513e-01	   3.8111476185219040e-02	   2.5860030997343381e-01	   2.1502600589609383e-01	  -4.4355519617032185e-02	   2.0504329829820461e-01	   4.4482271951089565e-02	  -1.9886089603677951e-02	   2.3803717097258326e-01	  -1.1701580270394847e-01	   3.5010760677566483e-01	   3.1978643186887745e-01	   5.1040691986779319e-01	   1.5243133427148312e-01	   1.9011126721115310e-01	  -1.4074850481882023e-01	   4.5668001961027593e-01	   1.1516468167091255e-01	  -4.6382469227525980e-01	  -2.4736120449946908e-01	   9.9229355617437232e-02	  -3.8225532344834827e-02	
   2.5625696338351284e-01	   2.1745891859552730e-01	   1.0124612080534565e-01	   3.5735510076276400e-01	  -2.0801643078312548e-01	  -4.6184645997131613e-01	   2.1237020280727206e-01	   4.3598219257375548e-01	  -5.0922514525729427e-02	  -2.4145214269154897e-01	   2.7277274362445370e-01	   5.7987622205444611e-01	   5.1222903469213144e-01	   0.0000000000000000e+00	   6.1698891856796695e-02	   5.3079541024800814e-01	   3.2697090328187828e-01	  -1.9751245575264642e-02	   3.6934653109988025e-01	   3.8069393545587288e-01	   3.4422087743148544e-01	   4.9759588426773665e-02	   1.3819486295562589e-01	   1.7110881014284196e-01	   2.5235424733084699e-01	  -3.5913928463460387e-01	  -2.1795626274942420e-01	   1.6808037011868227e-02	   7.4125977928893361e-02	   5.7785920900777415e-02	   3.3518716612247514e-02	   2.4148878938710758e-01	   3.3662225610263741e-01	   5.6835251044453483e-01	  -4.0290331113541661e-02	   2.1033232659516312e-02	  -3.2032940564575285e-01	   1.5176274949844953e-01	  -4.2428814411876292e-01	  -2.6657336088157874e-01	   5.1625351464827629e-01	   9.8738437300142368e-02	  -3.4365117247292443e-01	  -6.3354831135565941e-03	  -4.0757259316509678e-03	   4.3534599009566771e-02	  -6.9158991963017462e-03	   7.1775613701290431e-02	   1.2051306084985142e-02	  -1.1170358512302073e-01	  -2.2899348088565602e-01	  -1.2946732113941381e-01	   6.6420686985031063e-02	   2.2634282794469290e-01	  -1.7477578728321116e-02	  -4.5411776883370503e-02	   3.1499738399159588e-01	   2.5327004088353977e-01	  -1.1682166031157654e-02	   3.1185063331608177e-02	   4.5838187968938454e-01	   2.0242238305821625e-01	   2.7115609309712330e-01	   1.0464301888641260e-01	  -9.7078711280788210e-02	   9.8784568391038469e-02	  -5.6028047396379850e-02	   9.8214183028601576e-02	   9.7833818839844544e-02	   1.3810196718017942e-01	   5.2074859504174498e-01	   4.1524409332358680e-01	  -3.9648540600537449e-02	   1.8233906199659911e-01	   5.7102011167398353e-02	   1.2140337608284459e-01	   9.5009383217220994e-02	  -3.9963824581795204e-02	   2.0794376348152163e-01	   2.9068993490123723e-01	   2.6916127548875624e-01	  -1.4776243462722854e-01	  -8.1064803310324646e-02	  -6.0080344309632494e-02	  -2.5612402761476576e-02	   9.6119000236754015e-02	  -7.4298384423853170e-02	  -9.4008749287632642e-02	  -3.4728372359684290e-01	   3.8686511183434924e-01	
   2.1075537148391471e-01	   3.2077869249593111e-01	   2.3293268694297697e-01	   2.5024840449865221e-01	   3.8442231591157539e-01	   1.7289707920444675e-01	   3.0581581478262021e-01	   2.0877901596992143e-01	   5.3241258920573120e-01	   6.0128694680348357e-02	   1.5861300190881605e-01	   1.6341531466034956e-01	   3.3276999846399674e-01	   6.1698891856796695e-02	   0.0000000000000000e+00	   1.4794211082787917e-01	  -1.7946224429827931e-01	  -1.5928663544837206e-02	   6.9722366566580013e-02	   1.4330914335153100e-01	  -7.8247605283509103e-02	   2.5351037287600159e-01	   2.3934449370743238e-01	   2.3127470341447254e-01	  -1.8780177671383386e-01	   3.8477935727481444e-01	   1.4331771017425077e-01	   4.7869391125381722e-01	  -9.5523593267425183e-02	  -2.5231267763288486e-02	  -9.7411508087639875e-02	   2.8623703618165859e-02	   2.0734342998820310e-01	   1.2375491856320839e-01	   8.0819545337456833e-02	   1.8768703394510688e-01	   3.5093951311934746e-01	  -2.7734746902989099e-01	   1.3085130318765500e-01	   1.5288032964909226e-01	  -6.6574979407271029e-02	  -1.8486538397942787e-01	   3.9241669541287438e-01	   5.0020002303503043e-02	   1.9583556687591724e-01	   2.4193747227114995e-01	   2.3820079004385047e-01	   1.2694446260939451e-01	   1.7920909588998474e-01	   2.1484803580203959e-01	   3.1546469962461354e-01	   3.2328133894789979e-01	   1.5435188412206963e-01	   7.9993358485660013e-02	   1.5572570183228869e-02	   1.1634249033248392e-01	   7.4681959194585229e-02	   3.1635697971097873e-02	   1.9028494202391424e-01	   1.3839709506664882e-01	   2.8544196378788161e-01	   1.2408813828027714e-01	   1.0135035226168237e-01	   1.8025753379718851e-01	   2.4860907330139362e-02	   1.7217340090415888e-02	   2.1072296049027284e-01	   1.7902784901461757e-01	   1.3610385306074083e-01	   5.1481574832154750e-02	   2.6266953726619670e-02	   1.0734592746624258e-01	   8.1775842993577999e-02	   5.4674267706764285e-02	   1.2392484907540141e-01	   8.7671284289168996e-02	  -1.0356103455799209e-01	  -1.5551797576138635e-01	   1.7202827646994592e-01	   4.0626464999539346e-03	   1.9705023777372732e-01	   2.9048807839782409e-01	   3.2477985390342867e-01	   2.7668164215317442e-01	   1.3793902513926146e-01	   1.4648055723820569e-01	  -2.4914688665429285e-01	  -8.8656405482256062e-02	   1.9968395648820442e-01	  -8.6927344153088407e-02	
   1.9104495156027423e-01	   4.7146416802043012e-02	  -2.4956876423974372e-01	   3.9439584423003139e-02	  -3.8302808656847970e-01	  -7.9819244447850365e-02	  -1.3148622011947333e-01	   2.1199485110778632e-01	  -1.2304179620101245e-02	   4.0971105819264830e-01	   1.1122153098092120e-01	   4.2233393286732718e-01	   1.7882430056011986e-01	   5.3079541024800814e-01	   1.4794211082787917e-01	   0.0000000000000000e+00	   3.2938535351189113e-01	   3.2367666089137335e-03	   2.9296781512912939e-01	   3.4857940382620284e-01	   3.6864884279514165e-01	   3.2378529544089291e-01	  -3.5861994431042665e-01	  -2.3763872286985743e-01	   1.6725111119298525e-01	  -3.4397510539537068e-01	   4.4101171092843720e-02	   1.3170051676394326e-02	   2.8453624042384407e-01	   3.0223666278726391e-01	   1.7668083847152127e-01	   3.0222592159959305e-01	   4.1000028574311187e-01	   4.6650152772541092e-01	  -1.8633246858357069e-02	   1.3842656418053217e-01	   2.4287124596042001e-02	   4.1670847940162536e-01	  -1.2917852109903960e-01	   2.2928801685177899e-01	   3.9028001711512350e-01	   1.9334061829683907e-01	  -2.7273371218740466e-01	   4.5239928767576917e-03	  -5.5279939137539452e-02	   3.5184589396533100e-02	   6.2424012082892784e-02	   8.5321254229684756e-02	  -7.9093968197060160e-02	  -2.6461378796161261e-01	  -2.9987936513662100e-01	  -2.2826336719210225e-01	  -6.2511025275056045e-02	   4.3873858972823665e-01	   2.3148325749958895e-01	   3.4487136146919084e-01	   2.9696570362958974e-01	   1.6028144214336693e-01	   2.3937809936123022e-01	   3.0272848620323123e-01	   5.7436741649760314e-01	   4.0172282574140061e-01	   2.8726503770516237e-01	   9.5564957409852880e-02	  -2.3033611651013591e-01	   9.3793186258010058e-02	   1.5658476176039668e-01	   2.4683629242866301e-01	  -3.2839331432436593e-02	   3.5897947065645197e-01	   4.3388229419468294e-01	   2.1260546100022598e-01	  -3.1102631879174707e-02	   3.4409504123340390e-01	   8.3029408738959753e-02	   1.7762515558930389e-01	   2.3681036299322772e-01	   2.1453843329362043e-01	   1.9898105888824673e-02	  -7.6592614054955710e-02	   2.6563477690546805e-01	   7.1215589980444471e-02	   9.5864738182431214e-02	   2.4829904752171714e-01	  -9.9887439743484990e-02	   3.0382473642938490e-01	   1.3835769413238408e-01	   1.0459806049762696e-01	  -2.7553745237593308e-01	   5.6562141889994166e-01	
   4.5862716507996537e-01	   3.9432700695513434e-01	   1.4789410359070979e-01	   2.0433434697830666e-01	  -3.7503568064688030e-03	  -1.2444659214154753e-01	   3.1527115965112329e-01	   2.5002303483907601e-01	   3.7080420530809489e-02	   1.9480054535536143e-01	   2.0284736196368749e-01	   2.6867522700571267e-01	   3.7194836898785344e-01	   3.2697090328187828e-01	  -1.7946224429827931e-01	   3.2938535351189113e-01	   0.0000000000000000e+00	   3.9396150937364338e-01	   4.3291321353578904e-01	   3.1903664037029927e-01	   5.6426629547354690e-01	   2.5093372714691592e-01	  -4.5875682242194044e-02	  -1.2684735785641293e-01	   1.4965251801076146e-01	  -3.3206781698952964e-01	   4.7813028900943425e-02	   5.7648096128493961e-02	   4.8633789587143106e-01	   2.5909694358489105e-01	   8.3413663607915974e-03	   8.4325348544462123e-02	   2.7065469410662224e-01	   4.5496507871892400e-01	  -1.0913411376790725e-02	   1.3838903063313637e-01	  -9.4028912395542535e-02	   4.1144301494303709e-01	  -3.3710721810098743e-01	  -1.8593134684274801e-01	   4.7566996709015152e-01	   8.0021794733494050e-02	  -1.9472557333494039e-01	   2.9181334016422456e-01	   2.0201766308770586e-01	   2.5814688734524338e-01	   2.7084096933672280e-01	   3.8099394162218270e-01	   2.3744017472964468e-01	   2.9826832478945173e-02	  -5.4954789392399304e-02	  -9.1409492829062938e-02	   1.0872593091554901e-01	   3.3279477161703597e-01	   1.1711722412727067e-01	   3.3383457590410344e-03	   6.1134078812647785e-01	   5.2156118143357089e-01	   1.5373160649037745e-01	   1.3201485607525348e-01	   3.5721656441261823e-01	   3.2834032876718050e-01	   4.0141141233042460e-01	   2.6298905628559877e-01	   2.0853260710532937e-02	   6.4554194932168171e-02	   1.0926240221924968e-01	   2.1194899112517440e-01	   4.9631794030916465e-01	   3.3609445212756339e-01	   3.9369437622063463e-01	   9.9826717464392672e-02	   2.8584581432502795e-02	   2.9527862434723079e-01	   1.6969487170170214e-01	   1.5120220272857146e-01	   4.7533522530721350e-01	   2.5901815131541273e-01	   3.0192229259383230e-01	   2.9621842297059198e-01	   5.5654271305366398e-01	  -3.0421310111839406e-02	   1.0889112220468859e-01	   4.1250292649815043e-02	   1.7384422885398743e-01	   6.0138207520985448e-02	  -1.6428184003436988e-01	  -1.5555852904314849e-01	  -2.7799419440316353e-01	   3.3305316042382771e-01	
