   0.0000000000000000e+00	   8.2520507948683597e-01	   5.6114418024411894e-01	   5.2191712050108263e-01	   3.3049413316103965e-01	   1.9973935088263062e-01	   6.1390169277944784e-01	   3.6531966601003835e-01	   3.0097538442291272e-01	   2.1291922703808674e-01	   7.8802087754777494e-01	   6.9176318936459003e-01	   6.1699071346839096e-01	   3.4113634037765034e-01	   4.9923601900416653e-01	   5.9132271321663810e-01	   8.7397437314938886e-01	   7.7650003066667606e-01	   8.3008484427023377e-01	   8.4902850665530738e-01	   4.0796403932315572e-01	   4.3451095004245516e-01	   5.0745417668395043e-01	   5.4105417625326990e-01	   3.3008847571646871e-01	   2.6799415096058693e-01	   5.0651853926250899e-02	  -6.6782737221069465e-03	   8.3709336046621163e-01	   6.1926797377350473e-01	   6.8036653322798257e-01	   6.1982216787052691e-01	   8.3583777634178036e-01	   8.1383406864334829e-01	   5.6151687223437841e-01	   6.1655028553097690e-01	   6.9095861981561368e-01	   3.7376454741029125e-01	   6.1860265992787888e-01	   6.3559628821464553e-01	   5.1888538478144386e-01	   6.1722103674531870e-01	   5.2244975702874330e-01	   5.5752852934095520e-01	   6.6428260091593727e-01	   6.7574857530280585e-01	   5.6956369551419916e-01	   6.6874127460280408e-01	   5.7808622280822153e-01	   6.2653825851577127e-01	   5.4651834839637270e-01	   3.5094785228798797e-01	   4.3108263460923607e-01	   4.0763380204376065e-01	   6.0591426896596445e-01	   5.4503941289109603e-01	   9.6264358930170213e-01	   8.6707653719430122e-01	   5.3627013207469121e-01	   6.0640688900347084e-01	   6.5675631672644863e-01	   5.1049834258244919e-01	   8.4515804772163527e-01	   8.2617566139048948e-01	   5.8614207891562209e-01	   4.7131539180039012e-01	   7.5589129545893841e-01	   6.8833415522104968e-01	   8.8767055891975155e-01	   8.6268217610096820e-01	   3.0007530314553676e-01	   3.3787652635339183e-01	   3.7302517306748506e-01	   5.7370595442405314e-01	   1.7752719053122243e-01	   1.0570101830033959e-01	   2.4898687009444359e-01	   1.8130331240382785e-01	   7.9754351240547716e-01	   3.7408527683590115e-01	   6.4145102090901862e-01	   5.8520573551186250e-01	   6.9557798866704812e-01	   7.9462879816037801e-01	   4.4998228218912661e-01	   3.7996992158311294e-01	   5.6045894690190612e-01	   5.5534781125209554e-01	   4.1878918714447538e-01	   7.0201508063028417e-01	
   8.2520507948683597e-01	   0.0000000000000000e+00	   4.5492179868229898e-01	   6.2646585033180868e-01	   3.8333315301323156e-01	   2.1132227872573595e-01	   5.0529402381962485e-01	   6.0037412434332682e-01	   3.3098376520839129e-01	   1.5774598022188052e-01	   7.7821982789478716e-01	   8.0808719216071234e-01	   6.2484814394954458e-01	   6.1581650317159897e-01	   6.4027096267715089e-01	   7.0970724790059192e-01	   7.6300109703351682e-01	   9.0771036401872895e-01	   8.1891753080161012e-01	   8.1909170116519792e-01	   3.0337269694875391e-01	   4.0798225169425006e-01	   5.4051403757831551e-01	   5.9159861921773160e-01	   4.2661587089989017e-01	   3.2368063855894241e-01	   1.5627899642893378e-01	   6.3008046238966053e-02	   7.0956315781248647e-01	   8.4952272247772631e-01	   6.9034322453229791e-01	   7.5105068162582822e-01	   7.4274857016996088e-01	   7.5392332830959818e-01	   4.4842901075582370e-01	   5.6917986526415409e-01	   6.7696500407960225e-01	   5.1706041087125953e-01	   4.9666046868866115e-01	   7.7741873021192398e-01	   5.2333365452473535e-01	   7.0417045242398979e-01	   2.1631302519036527e-01	   3.5484480692163867e-01	   3.6742106399296048e-01	   4.1906728789475378e-01	   2.5962350717415317e-01	   4.9399907110979924e-01	   2.6890127229201477e-01	   3.9859445468390697e-01	   2.4585655900548103e-01	   1.8309395745334267e-01	   3.7302454883764347e-01	   3.2709707668127297e-01	   4.7073790081335076e-01	   4.2623030175648424e-01	   7.5508827999764083e-01	   8.4573334933939348e-01	   2.2208688692658279e-01	   4.2922861532933204e-01	   5.1191643901178985e-01	   4.4377539526259280e-01	   6.6072006323190879e-01	   7.7145204339692908e-01	   4.4460384073217496e-01	   3.8548699302538991e-01	   4.7682920232481951e-01	   4.1696285518982085e-01	   8.4043142456664266e-01	   7.6420250359786279e-01	   4.7727569597461611e-01	   5.6597157892325600e-01	   3.3445352389948174e-01	   6.3144101600921776e-01	   1.7933594903580757e-01	   6.6195385540941981e-02	   3.3480419701947539e-01	   3.1077941246582469e-01	   7.8976302591944381e-01	   4.9437861547427997e-01	   6.4674619789217958e-01	   5.7108229428094981e-01	   7.3435797486682497e-01	   7.8280963812106896e-01	   4.9434891456882385e-01	   4.2194571648841828e-01	   5.4988192637630728e-01	   3.6526313939313615e-01	   6.6174655900177093e-01	   6.8454168101911006e-01	
   5.6114418024411894e-01	   4.5492179868229898e-01	   0.0000000000000000e+00	   8.3086173425735388e-01	   5.0868706968990329e-01	   5.3145878260108548e-01	   9.0238193702735137e-01	   7.1593688971728320e-01	   5.8912173085464914e-01	   5.3593586946566907e-01	   6.3119858667149997e-01	   5.3847018284691184e-01	   6.9029015590043818e-01	   4.0339276348090569e-01	   5.3247573713568752e-01	   5.3106739523874946e-01	   4.3743210184915537e-01	   4.5943215418793115e-01	   6.5190146340605348e-01	   6.5703647381623032e-01	   4.4610871049807965e-01	   3.4228436297607423e-01	   8.4046040695542701e-01	   7.9626550685509567e-01	   5.3574181679003952e-01	   4.0743242357179443e-01	   1.9878285440989685e-01	   2.2690042553376388e-01	   4.5288898770359243e-01	   3.9017132043546188e-01	   6.5193065351901591e-01	   5.4539105380749642e-01	   7.9956981887502043e-01	   8.0304141483864644e-01	   6.1775523791091724e-01	   6.0235109771834705e-01	   5.9158203865245373e-01	   3.3257805740240109e-01	   3.3831663302287107e-01	   4.1148482258959329e-01	   3.5862545456144335e-01	   3.4427792603811663e-01	   4.4261350184828052e-01	   3.5413523920729578e-01	   4.1854507203558150e-01	   4.4750600866855317e-01	   5.0651760708149929e-01	   6.1133132142986624e-01	   5.1467092701259354e-01	   6.1113068418842609e-01	   5.1836695310474024e-01	   6.4177708041921822e-01	   4.7360342825591656e-01	   6.1266110402263974e-01	   4.8620487606417889e-01	   5.7006821777117966e-01	   4.6941797820393549e-01	   3.7322862024959613e-01	   3.0560443314578717e-01	   2.3425339184233673e-01	   5.4231098060909910e-01	   5.5629438136934684e-01	   4.2643018227245305e-01	   5.2814520583973246e-01	   4.3648240459807341e-01	   3.9534764568427716e-01	   5.8889778041441798e-01	   5.5234508693251683e-01	   5.9630473394213601e-01	   5.2195515417034233e-01	   3.8236434278109172e-01	   4.8078855402557352e-01	   3.6460396836706527e-01	   5.3023646197858854e-01	   4.4603378783160708e-01	   4.2361391628554068e-01	   5.8350859206754413e-01	   4.7875983041379999e-01	   5.0962865624422982e-01	   2.5462638159400230e-01	   4.6596005789451134e-01	   5.4827036184382072e-01	   5.0941158830629629e-01	   5.3421732911727515e-01	   3.8976774408445386e-01	   4.2537491808864214e-01	   2.8597805050143615e-01	   8.0318235818085060e-02	   1.9366057660195080e-01	   6.9213468343633733e-01	
   5.2191712050108263e-01	   6.2646585033180868e-01	   8.3086173425735388e-01	   0.0000000000000000e+00	   4.9674593414466933e-01	   5.8118723326975563e-01	   8.0131969191087093e-01	   9.3495398069558178e-01	   4.9066502974847637e-01	   4.9434038436406907e-01	   6.4806249821078166e-01	   7.1737524373427641e-01	   7.7764825870606424e-01	   7.5139722179187851e-01	   6.6677015529567041e-01	   7.2090913966054970e-01	   4.2098997523873977e-01	   6.0184698408636117e-01	   7.0578576503195389e-01	   6.9989792925559924e-01	   4.9459716281531718e-01	   4.7924449222974497e-01	   8.6629196319724444e-01	   8.7962429194664149e-01	   4.9821835449984214e-01	   2.8773965172828131e-01	   2.1800163675103962e-01	   1.8600997242334472e-01	   3.9631111698458099e-01	   6.1395249111910533e-01	   5.8373819554335493e-01	   7.3557926472531232e-01	   6.9476667486624855e-01	   7.2590851377836685e-01	   5.7539266723807736e-01	   6.8758458648324594e-01	   4.8126741594684785e-01	   4.8341901644221641e-01	   2.7274503368373504e-01	   5.2405523074739757e-01	   1.4892350944436569e-01	   3.3310407561915445e-01	   1.6512955255454301e-01	   1.6312113617102120e-01	   1.3745230705654254e-01	   2.6098282391089189e-01	   2.4594330688790939e-01	   5.0690549370234950e-01	   2.8375379815144453e-01	   4.7636852444811223e-01	   3.1095601204206957e-01	   5.3426887521235722e-01	   5.3374849500979771e-01	   6.7142242573945743e-01	   5.0498367520427179e-01	   5.3485029593294509e-01	   3.9985583570148547e-01	   4.4247974545478164e-01	   2.0476224504135113e-02	   1.4946046157404311e-01	   3.8469689866163470e-01	   5.3603102873828301e-01	   3.9948086624561646e-01	   6.2263855931575685e-01	   3.2295219425973332e-01	   4.0842388071639413e-01	   4.0164289756334803e-01	   4.1202942893104233e-01	   5.9396829743154189e-01	   5.3282369708021060e-01	   5.0453255546615072e-01	   6.0360471866063536e-01	   3.9607148023488786e-01	   6.3373934376687413e-01	   4.4546246273116114e-01	   4.0136842621290680e-01	   7.1045994816775448e-01	   6.2538108275749682e-01	   5.9644927353840416e-01	   4.6751897022539679e-01	   5.4353512250163383e-01	   6.5382353920986391e-01	   6.2807704746501980e-01	   5.3744622513882201e-01	   5.6294602881311773e-01	   5.8764567213948193e-01	   4.5826052720355404e-01	   1.2724212604549454e-01	   4.5371512863734231e-01	   7.3363432505465354e-01	
   3.3049413316103965e-01	   3.8333315301323156e-01	   5.0868706968990329e-01	   4.9674593414466933e-01	   0.0000000000000000e+00	   4.5149741126946796e-01	   4.3984689714233227e-01	   5.7429728192851504e-01	   8.4917962721440232e-01	   7.1098831001280138e-01	   5.7469137105219914e-01	   2.6860863754321951e-01	   5.4361240768367658e-01	   3.7021377409216394e-01	   7.8549772993256728e-01	   6.3193221328955929e-01	   4.3662844276246338e-01	   3.5753348478319630e-01	   5.7055923955936083e-01	   5.4739740258451097e-01	   1.2987692935166395e-01	   2.4274725861345461e-02	   6.6684607379308236e-01	   5.9100818222451046e-01	   6.4770759064309880e-01	   4.1374502536143271e-01	   4.2579385671320530e-01	   3.1629823858417938e-01	   1.9991431466226328e-01	   1.7633050468324232e-01	   3.5156518962372324e-01	   5.7143942523891533e-01	   5.5862639698742955e-01	   4.9590184811756810e-01	   6.4992670519516704e-01	   5.9912547236838343e-01	   3.2891225595438911e-01	  -2.7190811288003464e-02	   9.3272805445094829e-03	   1.3329091590585396e-01	   4.2183659687741659e-01	   1.0153146370681129e-01	   1.9245777326438532e-01	   9.3218275767746162e-02	   2.3656162853739970e-01	   2.4045312752134437e-01	   1.9320024883300879e-01	   3.0929544212631577e-01	   1.4688467836758573e-01	   2.6687911813983878e-01	   2.7645042454280627e-01	   2.4419562540188217e-01	   4.6048464084977431e-01	   3.8084255793604194e-01	   3.6651213379255448e-01	   1.5256743252746752e-02	   1.9495186837582790e-01	   1.6695333176751131e-01	   1.0692578020118929e-01	   1.3911440619987264e-01	   3.9828312332546184e-01	   3.3581867993035780e-01	   3.3997691326629614e-01	   1.7648484717662249e-01	   6.3311311131243408e-01	   4.9225742288217117e-01	   3.4829797636356452e-01	   3.3049806845493196e-01	   5.2210629519081464e-01	   3.9876968473940794e-01	   3.3627286823514291e-01	   4.5121225009265242e-01	   4.9870755770605302e-01	   2.8177390534416585e-01	   4.1064572065150229e-01	   3.7419714136980148e-01	   2.5368318456954286e-01	   1.9225113328266893e-01	   4.4479249359925077e-01	   1.4224845731987021e-01	   5.3344363497084313e-01	   5.1433821170000005e-01	   5.9027426186945986e-01	   5.0827559064229511e-01	   6.3272481234732791e-01	   5.0088976611874514e-01	   5.8658322069016666e-01	   2.2153456860801357e-01	   6.1026956933879561e-01	   4.9837079695897846e-01	
   1.9973935088263062e-01	   2.1132227872573595e-01	   5.3145878260108548e-01	   5.8118723326975563e-01	   4.5149741126946796e-01	   0.0000000000000000e+00	   5.4919510042067210e-01	   5.4776061861396363e-01	   4.2755959224669216e-01	   7.3114736545014514e-01	   2.7949165369809353e-01	   2.8652608171026689e-01	   3.1007451455837109e-01	   3.4154714147476190e-01	   3.7829467597830224e-01	   3.1375818113001885e-01	   2.2605577766647231e-01	   2.6998744250879370e-01	   2.9341605052572056e-01	   2.2265829088890909e-01	   3.8432733030631649e-01	   3.6223911909168682e-01	   4.0199100098841906e-01	   3.7380525267175235e-01	   3.2905806564176721e-01	   1.5834324366745611e-01	   3.5221711282166251e-01	   4.7080319069229293e-01	   2.1439268663090061e-01	   2.6149260038347133e-01	   3.1725344128259059e-01	   2.8979251837288406e-01	   4.0697783640642549e-01	   3.7622585382316581e-01	   4.2095608437351584e-01	   4.9331798485114686e-01	   1.7319875453804373e-01	   2.7348425177844382e-01	   1.2717417510820658e-01	   1.0452578043978747e-01	   6.7712552371993681e-02	  -1.6279108999190841e-03	   1.1883844402406842e-01	   1.0026719941680627e-01	   9.9545985225943254e-02	   1.2390040646230685e-01	   2.1479880215069397e-01	   2.6482007539465163e-01	   2.6319577145949152e-01	   2.7927215244202741e-01	   2.5894429597922730e-01	   3.4411879327335743e-01	   2.5650611975107934e-01	   4.0354078236432850e-01	   4.1792704805417902e-01	   4.1243091506081686e-01	   1.7338282765046620e-01	   1.8414542559540645e-01	   1.5540254904200556e-02	   3.5462347936319763e-02	   2.0315712807532765e-01	   3.9281733342577740e-01	   2.7982272436339634e-01	   3.8692770549313582e-01	   1.3751118750732227e-01	   1.2781666928757265e-01	   3.3566929781621480e-01	   3.6757759085618363e-01	   1.7526541935255763e-01	   1.8364881577646036e-01	   3.9451756759313339e-01	   3.6335784880102040e-01	   4.0702259027742188e-01	   4.0637394722895792e-01	   5.1612303906498780e-01	   4.8250265398611580e-01	   5.9242544288108423e-01	   4.2502087939113614e-01	   2.9187177958884758e-01	   2.4188794425377513e-01	   2.8913146138574664e-01	   3.6003552930306038e-01	   2.9702544949770321e-01	   2.7542977711413963e-01	   1.7647170328892720e-01	   1.9332065754958766e-01	   1.9948574107089267e-01	   1.2960689287063221e-01	   1.7787002813471903e-01	   3.0652549298593179e-01	
   6.1390169277944784e-01	   5.0529402381962485e-01	   9.0238193702735137e-01	   8.0131969191087093e-01	   4.3984689714233227e-01	   5.4919510042067210e-01	   0.0000000000000000e+00	   6.8899225357201987e-01	   6.2496574298447127e-01	   4.9091579201195301e-01	   6.7995225658620095e-01	   6.3885481046450932e-01	   8.1227360866431098e-01	   4.4222551786471032e-01	   5.9862514448546933e-01	   5.8536215778138490e-01	   4.9330889912996312e-01	   4.9409676528122848e-01	   7.1271243197749534e-01	   6.6348544031769541e-01	   5.8533464299787152e-01	   5.0459432229585777e-01	   8.2419893812692013e-01	   7.6177056828275347e-01	   3.1168549908655468e-01	   1.6400160498615540e-01	   9.6721240982074019e-02	   1.2300135706446172e-01	   4.8432944201137501e-01	   4.5027772607631228e-01	   6.0077861668625498e-01	   5.1165261961435793e-01	   8.1696228857777786e-01	   8.0709948178245661e-01	   7.0577132376137930e-01	   7.2654288318941507e-01	   6.0686272323470258e-01	   5.3460910178087584e-01	   3.8168600036335409e-01	   5.2288521727423476e-01	   3.1774233378896327e-01	   4.7150437762976322e-01	   4.3916526958930791e-01	   3.5012250001119832e-01	   4.2706143092694460e-01	   4.2647874434392108e-01	   5.4330385933621372e-01	   6.6194406263137473e-01	   4.9565501487846519e-01	   5.8632741147506162e-01	   5.1802630829098884e-01	   6.7300290206050861e-01	   5.7538776694882277e-01	   6.8560748478876155e-01	   5.6301356268676583e-01	   6.8112416301819545e-01	   5.0496839325081089e-01	   3.9881078254667146e-01	   3.6978705174000787e-01	   3.2202596520379440e-01	   6.4969690362789356e-01	   7.6473334064215903e-01	   4.2699729599527070e-01	   5.8017664558137771e-01	   4.5202751698223209e-01	   5.2128583688155361e-01	   6.7410751137457903e-01	   6.1633879517712509e-01	   6.3583428821460419e-01	   6.3633621014774844e-01	   2.9926491937126576e-01	   3.5626654664290747e-01	   3.5744477908492744e-01	   6.7318568520265187e-01	   4.6582177956220094e-01	   4.7328685859687480e-01	   6.2640404492015445e-01	   5.3137258848206814e-01	   6.0743744517612597e-01	   3.9607872206236239e-01	   5.0268835724583327e-01	   6.2566984037162066e-01	   5.3664798404543923e-01	   5.3158591287809209e-01	   4.6202307311847235e-01	   4.4739995058018617e-01	   2.8078193048239458e-01	   1.0158514587189831e-01	   2.6162240964361982e-01	   7.4811245106548074e-01	
   3.6531966601003835e-01	   6.0037412434332682e-01	   7.1593688971728320e-01	   9.3495398069558178e-01	   5.7429728192851504e-01	   5.4776061861396363e-01	   6.8899225357201987e-01	   0.0000000000000000e+00	   5.4956740374914892e-01	   5.0983747295141169e-01	   6.4688004480329275e-01	   6.8947162335096013e-01	   7.7162763075964946e-01	   8.3408613056094638e-01	   7.2440766186607208e-01	   7.3882508714813055e-01	   3.3190019287625172e-01	   5.5762222438538089e-01	   6.5513718109219043e-01	   6.3409825193553415e-01	   3.8362437981108599e-01	   3.3960059231325407e-01	   8.2274490969129666e-01	   8.3698217725078694e-01	   4.8518222210019990e-01	   2.3992249010694638e-01	   2.4503996321838634e-01	   1.7393905052439401e-01	   2.9056828893878428e-01	   5.9775810780969652e-01	   5.0796590379378348e-01	   7.2505114935787740e-01	   5.8960185685941768e-01	   6.0907667851460068e-01	   4.8080710030736007e-01	   5.8564607506517419e-01	   3.7740955666418163e-01	   4.1906931248782781e-01	   1.3989973636806102e-01	   4.5825251288866475e-01	   1.4465910490727019e-01	   2.5251082671406788e-01	  -2.3542605837107277e-03	   2.1706929268046817e-03	  -5.6072394879771642e-02	   7.3356527836612812e-02	   1.1017329668900439e-01	   3.7475651870967852e-01	   1.0753499110821291e-01	   2.9794912607120183e-01	   1.6822804622055276e-01	   3.9992401833331642e-01	   5.2390955832615471e-01	   5.8197045108496925e-01	   4.2665306391179370e-01	   3.4272240865533588e-01	   2.1665110473646773e-01	   3.1763290019440371e-01	  -9.7443015429726693e-02	   4.6166125476159628e-02	   3.1755903249875317e-01	   4.6647579813954132e-01	   2.7858516745273632e-01	   4.9614319850166672e-01	   2.4257225551586034e-01	   2.9535000134642048e-01	   2.2438473638216039e-01	   2.2693823533645718e-01	   5.0943882385448136e-01	   3.9432934503257289e-01	   5.5239673175633019e-01	   6.4969684011644246e-01	   3.9930086596081510e-01	   5.5820271682879186e-01	   4.3278872761197873e-01	   3.8162596015993949e-01	   6.4498515907808707e-01	   5.6316395116712714e-01	   5.2335654890511218e-01	   4.4369016478833206e-01	   5.1911174713918362e-01	   5.8312616885292212e-01	   6.0509989903692740e-01	   4.7023447989937900e-01	   5.9573840090780750e-01	   5.4770651603531328e-01	   4.7900950982320489e-01	   3.5224994403941241e-03	   5.3043261934228403e-01	   6.0882789913925295e-01	
   3.0097538442291272e-01	   3.3098376520839129e-01	   5.8912173085464914e-01	   4.9066502974847637e-01	   8.4917962721440232e-01	   4.2755959224669216e-01	   6.2496574298447127e-01	   5.4956740374914892e-01	   0.0000000000000000e+00	   6.4014854380569086e-01	   5.6726018629634756e-01	   3.5620180318142919e-01	   6.3139395655319430e-01	   3.2890147131292630e-01	   7.9892888326764766e-01	   5.9037066898787804e-01	   4.0136722425945220e-01	   3.9381867109106261e-01	   5.3968685619431089e-01	   4.5527627738862730e-01	   2.8378296118056023e-01	   1.7325825037592008e-01	   7.1061382861042710e-01	   5.3666603050823958e-01	   4.8840254513020381e-01	   3.6691269132142890e-01	   4.4982159428684254e-01	   3.6484230072997398e-01	   2.1992177325309592e-01	   2.3718668927453906e-01	   2.6518317268749148e-01	   3.6735354259062947e-01	   5.8350708825336994e-01	   5.4062290151354664e-01	   6.6579809317040750e-01	   6.2346894806723396e-01	   4.8779628767753924e-01	   2.4757796469771171e-01	   6.7282063345140961e-02	   2.8586325299332654e-01	   3.7142335867347226e-01	   2.6045653072767305e-01	   3.6308557881825132e-01	   2.6280732650469740e-01	   3.6779233004149881e-01	   3.2077965097125011e-01	   3.7068172811897349e-01	   4.8653288911819181e-01	   2.3987997438833544e-01	   3.3486091395547968e-01	   3.3894323432979973e-01	   4.0163856709541951e-01	   5.3914611207226681e-01	   4.4264948508665625e-01	   3.9889021768739741e-01	   2.0840179268906611e-01	   1.4899888729212418e-01	   8.2397970090388892e-02	   7.9869840622653496e-02	   6.8708893862418893e-02	   4.2661937656251170e-01	   4.9761039549075903e-01	   2.1052033874457748e-01	   1.6081605381376540e-01	   5.5680608140141608e-01	   5.3787511610777217e-01	   3.7638091363729531e-01	   3.4993781405116831e-01	   4.7216129096123138e-01	   4.1554096369581234e-01	   1.6255212212248454e-01	   3.6650732947510078e-01	   4.3579473585900708e-01	   4.0325660163185495e-01	   4.8692758042258455e-01	   4.7030514603690132e-01	   4.0272441447809870e-01	   3.0973235519257281e-01	   5.0176424013314491e-01	   2.4183780340218172e-01	   4.7414181526645061e-01	   5.2373853580200280e-01	   4.9213368585040029e-01	   4.4290350377477256e-01	   5.2470833153587138e-01	   4.1648518264653556e-01	   3.3196263300690554e-01	  -2.5387398774290022e-03	   5.0134579567552850e-01	   5.7264872484736462e-01	
   2.1291922703808674e-01	   1.5774598022188052e-01	   5.3593586946566907e-01	   4.9434038436406907e-01	   7.1098831001280138e-01	   7.3114736545014514e-01	   4.9091579201195301e-01	   5.0983747295141169e-01	   6.4014854380569086e-01	   0.0000000000000000e+00	   4.1089493676831690e-01	   1.7094625940474445e-01	   4.0239962631257559e-01	   3.2910510517898656e-01	   5.3411976779719184e-01	   4.6699606479069156e-01	   3.0864380884348225e-01	   1.7461816722319798e-01	   3.5360411613378606e-01	   3.1422125664062317e-01	   1.2335472567116315e-01	   6.7366054400242417e-02	   5.1493424270455646e-01	   4.1433039658829640e-01	   5.3501887515975499e-01	   3.5619057760435657e-01	   5.1172398883657366e-01	   5.3302774231240080e-01	   2.0886258616471948e-01	   9.6579774466315452e-02	   3.6080373394600135e-01	   3.4255540003810464e-01	   5.1175801168731461e-01	   4.7781694459937585e-01	   5.2004470372608091e-01	   5.2100187853284607e-01	   2.1434501022656582e-01	  -2.6489361473146913e-02	   5.1818371791684387e-02	  -3.0630989745075270e-02	   1.9772505048616237e-01	  -4.5134988316738400e-02	   1.8997369330100594e-01	   1.2405778248400945e-01	   1.7467011250430831e-01	   2.1030262614936129e-01	   2.8379911752429121e-01	   3.0710253479458793e-01	   2.6269797003556650e-01	   3.4305770303068828e-01	   2.7864950364975050e-01	   3.7767074820593316e-01	   3.5103838427795026e-01	   4.7606704363255808e-01	   3.8511116917128935e-01	   2.1544115258519736e-01	   1.2905042202351741e-01	   9.3788588667063882e-02	   8.4186812142322404e-02	   7.7776501698595957e-02	   1.9635374924483789e-01	   3.4775911993269504e-01	   2.8590878916364537e-01	   2.3657947191788459e-01	   2.6168317208400094e-01	   2.9041553890614724e-01	   3.3159895781180471e-01	   4.0576749374625054e-01	   2.6961782366557163e-01	   2.4947168181097579e-01	   3.1401227891203015e-01	   3.6643590312340896e-01	   3.0255770879654537e-01	   2.3095715786486071e-01	   3.3050445697842018e-01	   3.2943373656461106e-01	   3.7992536896518031e-01	   2.5327444482892914e-01	   3.4094933487797108e-01	   1.1397959938663228e-02	   4.5622010538469493e-01	   4.6352585898029641e-01	   4.3777414746116555e-01	   4.3285817362442081e-01	   3.2714341449085693e-01	   3.8482498841289786e-01	   3.2637148962867735e-01	   1.1965540944136085e-01	   2.0670346996934261e-01	   3.8381756849933546e-01	
   7.8802087754777494e-01	   7.7821982789478716e-01	   6.3119858667149997e-01	   6.4806249821078166e-01	   5.7469137105219914e-01	   2.7949165369809353e-01	   6.7995225658620095e-01	   6.4688004480329275e-01	   5.6726018629634756e-01	   4.1089493676831690e-01	   0.0000000000000000e+00	   7.8699028210307898e-01	   8.4938754810467398e-01	   6.0695482433164383e-01	   7.4979649437664975e-01	   8.0548101879246747e-01	   8.1215579593784237e-01	   7.3724695709381538e-01	   8.5606705622122070e-01	   8.2490754543978040e-01	   3.1870753386395334e-01	   2.8728942846521072e-01	   6.3872968546667575e-01	   6.4396051485916572e-01	   4.4452586911686698e-01	   2.8442508851861659e-01	   7.8402220862554786e-02	   4.8493868567645579e-02	   7.6543461312758487e-01	   6.2860045741426640e-01	   7.1032002783505765e-01	   7.3701369542618611e-01	   8.7296222971118154e-01	   8.2112637923486886e-01	   5.9716273618908178e-01	   6.2524653632227079e-01	   6.8428569337708167e-01	   3.1666148958660090e-01	   4.3694883174921190e-01	   6.2157859845295227e-01	   6.1405228543814894e-01	   6.0700621065987703e-01	   3.3085798115839604e-01	   3.0432140687536419e-01	   3.5948646450489630e-01	   4.0866230126469549e-01	   4.3476858645951233e-01	   5.0599800697874542e-01	   3.9605500548763756e-01	   4.1333716484024030e-01	   4.9160655304093315e-01	   3.1753032780819845e-01	   6.1034979844809933e-01	   4.6714500213302201e-01	   6.6833101235216175e-01	   3.7478420185489714e-01	   6.5761576645897990e-01	   6.0916800712488062e-01	   3.9137743853444751e-01	   3.8604173102443651e-01	   6.5369311785363637e-01	   4.7932536127608777e-01	   7.0595038932115450e-01	   6.5376341074499766e-01	   5.1564296211329541e-01	   3.8597039571666009e-01	   6.1981391119065221e-01	   5.5826986181799565e-01	   7.9850318355931960e-01	   6.6993706679500808e-01	   4.9529581703842512e-01	   5.3585362355404298e-01	   4.7718207071728169e-01	   6.3744574238163132e-01	   2.4556080362755023e-01	   1.7058014327931942e-01	   2.7424282836502256e-01	   1.7425545468945192e-01	   7.1886310559981426e-01	   2.5782466633832701e-01	   6.7575192954459617e-01	   5.7349677719008318e-01	   8.0404467256429402e-01	   7.2082767340128773e-01	   6.0944928903416307e-01	   5.0039698777230812e-01	   6.4050675658923051e-01	   3.0547120617702533e-01	   5.6390619584779911e-01	   6.4613399214742762e-01	
   6.9176318936459003e-01	   8.0808719216071234e-01	   5.3847018284691184e-01	   7.1737524373427641e-01	   2.6860863754321951e-01	   2.8652608171026689e-01	   6.3885481046450932e-01	   6.8947162335096013e-01	   3.5620180318142919e-01	   1.7094625940474445e-01	   7.8699028210307898e-01	   0.0000000000000000e+00	   7.6120269530874540e-01	   7.9094699774409538e-01	   6.7568813439894515e-01	   7.5249828510069938e-01	   6.6878281047025334e-01	   8.0134442620286306e-01	   7.7805104010769233e-01	   7.2312422838075818e-01	   5.6570264249330671e-01	   5.7813986478637458e-01	   5.8984703252969417e-01	   6.0347461172396288e-01	   2.0273311753885115e-01	   1.1180857359955942e-01	   3.1625973159235973e-02	  -5.2025839037993303e-04	   7.1170818039036032e-01	   8.6227296509628859e-01	   5.8483446140002648e-01	   6.9750748612782809e-01	   6.7781714150448247e-01	   6.8537528946864879e-01	   3.1649609303403470e-01	   5.1437313965905052e-01	   6.1552800655492124e-01	   6.1733762605393805e-01	   5.5197518912626320e-01	   7.9314488864873134e-01	   3.4198537165705289e-01	   6.5677132867196097e-01	   2.4961278562699579e-01	   3.0420329887624775e-01	   2.1476451505568017e-01	   3.1649837595808183e-01	   3.5245356167280473e-01	   5.3818706739172173e-01	   2.7158324543757950e-01	   3.7711351394156345e-01	   2.3608036532423121e-01	   3.1308763673635498e-01	   4.2856037730261554e-01	   4.5131051849945014e-01	   5.3845110880834335e-01	   5.5281861317602898e-01	   5.7312883747798493e-01	   6.1611771322094089e-01	   9.5332161886063221e-02	   2.8353804570461749e-01	   3.5861597155887048e-01	   3.9877885572422400e-01	   5.7300887443930615e-01	   7.2142433956945518e-01	   1.7437541206019844e-01	   2.1688213622210259e-01	   3.9867560325000762e-01	   3.6407071669422442e-01	   6.8167193617592070e-01	   6.3103078538899060e-01	   5.1076220422800600e-01	   5.8768961352360038e-01	   4.1808287496025531e-01	   7.6773074390248053e-01	   2.9477786479562618e-01	   2.4569810898594990e-01	   4.9462526659659789e-01	   3.9790782033965161e-01	   7.4728438440887146e-01	   5.7361742159354956e-01	   6.2535296899318116e-01	   6.5557607441755961e-01	   7.2930747335199042e-01	   6.7978532884522991e-01	   4.9842291484576273e-01	   4.7959176884987847e-01	   5.1473278530133348e-01	   2.9499243839157291e-01	   4.1851280191261814e-01	   6.3469548060911041e-01	
   6.1699071346839096e-01	   6.2484814394954458e-01	   6.9029015590043818e-01	   7.7764825870606424e-01	   5.4361240768367658e-01	   3.1007451455837109e-01	   8.1227360866431098e-01	   7.7162763075964946e-01	   6.3139395655319430e-01	   4.0239962631257559e-01	   8.4938754810467398e-01	   7.6120269530874540e-01	   0.0000000000000000e+00	   7.1864829390413931e-01	   8.2051089425020085e-01	   8.5086428151036753e-01	   5.6576734871760848e-01	   5.6595999860109902e-01	   7.7547987024225007e-01	   7.2449044837435728e-01	   4.7325927261643852e-01	   3.6482331059588269e-01	   8.1662644625176672e-01	   7.7636931729467928e-01	   2.7976752499500784e-01	   6.5658647035571713e-02	   1.6481802705241504e-02	  -3.6407605393980420e-02	   5.0398751022507859e-01	   5.1023817599145560e-01	   5.0163708750553604e-01	   6.4672833404164631e-01	   7.6110619323153872e-01	   7.2684210097862501e-01	   7.0785968557173695e-01	   7.5049352865533836e-01	   5.3602022106483493e-01	   4.1390413155756467e-01	   2.3585703474737502e-01	   5.2306603083842607e-01	   3.1813346664834546e-01	   4.3841046651535964e-01	   2.8181596540386034e-01	   1.9056649403995840e-01	   2.0406929251078976e-01	   2.8439029507359426e-01	   3.8059356470174333e-01	   5.4224883300739646e-01	   3.4420692331509006e-01	   4.6181032170023095e-01	   4.8926476219981285e-01	   5.5122367723055110e-01	   7.7836707804425942e-01	   7.1317491285317569e-01	   6.2980622254618823e-01	   4.3301765515175095e-01	   4.6418822683162969e-01	   4.1829747968750070e-01	   2.5558548131213771e-01	   3.2520104771750502e-01	   6.0836948789090839e-01	   6.5507579534227478e-01	   4.8573293832388792e-01	   5.4657417125551466e-01	   5.0413509172687943e-01	   5.6200953885476856e-01	   5.5163530311662801e-01	   5.2763310990423851e-01	   6.8083268678171094e-01	   6.2708067297285286e-01	   4.2576545597123716e-01	   4.9273403470172800e-01	   4.5732260716783524e-01	   6.6881265624009345e-01	   3.5204911090411900e-01	   3.3754075287742780e-01	   4.8934824734464660e-01	   3.9313852915429659e-01	   6.3354432093929702e-01	   3.5859216298843677e-01	   6.1666082642775522e-01	   6.4643203933961435e-01	   6.8998385780625027e-01	   5.2546150262483837e-01	   7.4148936663901310e-01	   6.5458456957936262e-01	   5.6357782558315594e-01	   2.0777883023570590e-01	   5.7639086378997773e-01	   7.6911612301106380e-01	
   3.4113634037765034e-01	   6.1581650317159897e-01	   4.0339276348090569e-01	   7.5139722179187851e-01	   3.7021377409216394e-01	   3.4154714147476190e-01	   4.4222551786471032e-01	   8.3408613056094638e-01	   3.2890147131292630e-01	   3.2910510517898656e-01	   6.0695482433164383e-01	   7.9094699774409538e-01	   7.1864829390413931e-01	   0.0000000000000000e+00	   7.1956815638009752e-01	   8.2441447466325812e-01	   4.0591936272669887e-01	   5.9087587046039902e-01	   6.0298599419318455e-01	   5.4371001369282213e-01	   3.8903608995113170e-01	   4.0302473091102531e-01	   6.0553019058537516e-01	   6.1025662471303821e-01	   2.3581673551748999e-01	   5.1370653824102129e-02	   1.6532573502395087e-01	   1.2104238780079388e-01	   3.9284530352363173e-01	   7.0509779224726876e-01	   3.7962026697326900e-01	   6.8226020494298789e-01	   4.3912128706283915e-01	   4.5368239328536875e-01	   2.4055133904689324e-01	   4.4231221637514523e-01	   3.1316400484632151e-01	   4.2367612852571718e-01	   1.7117938877618472e-01	   5.0983308770794600e-01	   7.7418520692074694e-02	   2.9909204910092091e-01	   7.2478552907233925e-03	   3.9981814439929209e-02	  -1.5510474677425232e-01	   4.8128630672172823e-02	   1.2359671860862684e-01	   3.4431680077224386e-01	   7.7286389554856505e-02	   2.4187277782482902e-01	   6.3459022434501910e-02	   2.8426256662402111e-01	   4.7627468457243660e-01	   5.3038563157410157e-01	   4.6416811803540559e-01	   3.1747718117871448e-01	   2.0919195184029643e-01	   3.6718276573035180e-01	  -2.3824440195024427e-01	   4.8194294977590577e-02	   5.9216748355886431e-02	   2.2400211389047650e-01	   3.5773870164013172e-01	   4.7799306033574451e-01	  -5.8381758248865125e-03	   1.2385809695965494e-01	   9.6986685854193511e-02	   1.4381558749757806e-01	   4.4068154262356907e-01	   3.8857917445252332e-01	   6.7507947463360840e-01	   7.2500575683898960e-01	   4.0153809260648615e-01	   6.2283912159880106e-01	   3.0790345193839863e-01	   2.6206205943858818e-01	   5.7775829806225532e-01	   4.8395590277192191e-01	   5.5498575072406497e-01	   5.1325464040788793e-01	   6.1382973354532333e-01	   6.2435265735341416e-01	   6.7643683473564686e-01	   4.9371293009900774e-01	   5.8322995158193391e-01	   6.2113998368430157e-01	   5.4516676675105069e-01	   1.5128099318549287e-01	   5.0490492473045401e-01	   5.1290843356150229e-01	
   4.9923601900416653e-01	   6.4027096267715089e-01	   5.3247573713568752e-01	   6.6677015529567041e-01	   7.8549772993256728e-01	   3.7829467597830224e-01	   5.9862514448546933e-01	   7.2440766186607208e-01	   7.9892888326764766e-01	   5.3411976779719184e-01	   7.4979649437664975e-01	   6.7568813439894515e-01	   8.2051089425020085e-01	   7.1956815638009752e-01	   0.0000000000000000e+00	   9.2188595548806318e-01	   6.1518861485521081e-01	   6.3621776372610639e-01	   7.2953215534083460e-01	   6.7068465000414923e-01	   4.1390599236583192e-01	   3.5384910071257514e-01	   7.5750901885529287e-01	   6.5825914244077444e-01	   4.1921734201728289e-01	   2.2190125056036153e-01	   3.2466762439890340e-01	   2.4905925864521591e-01	   4.6597760188887560e-01	   5.6936144326529003e-01	   3.8723605639113207e-01	   6.5927697837415433e-01	   6.7401419893724612e-01	   6.4992096428516233e-01	   6.5963225117062374e-01	   7.2654530879438040e-01	   5.4642339267918949e-01	   3.8239379135473633e-01	   1.9121583012367094e-01	   5.2091534503533599e-01	   3.9291643618431149e-01	   4.3045242168412234e-01	   3.0857078204500610e-01	   2.6756571532037349e-01	   2.8539552401353147e-01	   3.6895356501065385e-01	   3.3115857546446781e-01	   5.3392620807886992e-01	   2.9697752491038043e-01	   4.4263811064377978e-01	   3.7833693300129212e-01	   4.2338714838010505e-01	   6.4733953638956643e-01	   5.8087461644530214e-01	   5.7857982906419525e-01	   3.0746152893987855e-01	   3.6143627059699729e-01	   4.2216388337237409e-01	   7.8370561736231983e-02	   2.7513108471479208e-01	   4.1562320674560477e-01	   5.0386079715733778e-01	   5.0786063415920946e-01	   4.5632844075545587e-01	   5.3219753863681762e-01	   5.5826734451999771e-01	   4.4012001008611679e-01	   4.5559077622231525e-01	   6.5786753889353355e-01	   6.1705782495193817e-01	   4.7282249154471268e-01	   5.8553833698526492e-01	   6.2852686031569516e-01	   6.7585870224398481e-01	   5.1857245278946451e-01	   4.6740153041324206e-01	   5.1996140017593717e-01	   4.2181026365070001e-01	   7.1603236131126247e-01	   4.5289990203531960e-01	   7.5826389361878654e-01	   7.5239894300461696e-01	   8.0184917450563931e-01	   6.4382030163136950e-01	   7.9311093044584313e-01	   7.2511464642875534e-01	   6.4694652304981903e-01	   2.9699636904497384e-01	   7.2822896963134953e-01	   7.1522612596872892e-01	
   5.9132271321663810e-01	   7.0970724790059192e-01	   5.3106739523874946e-01	   7.2090913966054970e-01	   6.3193221328955929e-01	   3.1375818113001885e-01	   5.8536215778138490e-01	   7.3882508714813055e-01	   5.9037066898787804e-01	   4.6699606479069156e-01	   8.0548101879246747e-01	   7.5249828510069938e-01	   8.5086428151036753e-01	   8.2441447466325812e-01	   9.2188595548806318e-01	   0.0000000000000000e+00	   6.9231857517203443e-01	   6.7567324033512866e-01	   7.6560468950167837e-01	   7.4122850464970247e-01	   4.1792301126951881e-01	   4.0147523889946324e-01	   7.1271110960113238e-01	   6.7801263563820025e-01	   3.4946280257297146e-01	   1.5959836667722810e-01	   1.7655594356504389e-01	   1.4385617945977766e-01	   5.7209028866318912e-01	   6.3682122923843909e-01	   4.6107399831356338e-01	   7.0888650698489752e-01	   7.2733096556410937e-01	   7.1111375289273671e-01	   6.0485597085125065e-01	   7.1297035129690178e-01	   5.5145271816481400e-01	   3.9181107010445776e-01	   2.3342223449714455e-01	   5.4741426805539262e-01	   3.7796221921534323e-01	   4.7292108188864868e-01	   3.1141682753727962e-01	   2.9267182455350171e-01	   2.4254180045627366e-01	   3.9911643695097576e-01	   3.7193388303932190e-01	   5.4383208248155523e-01	   3.7655986465802760e-01	   5.0004836549087583e-01	   4.0651809134777855e-01	   4.2839122101740562e-01	   6.4961314835144535e-01	   6.2606994475915267e-01	   6.4809255163637869e-01	   3.7793292156601277e-01	   4.6430669809008074e-01	   5.4132414995776501e-01	   1.3567102553848640e-01	   3.3599764152610501e-01	   3.8820149437488127e-01	   4.5884896250381596e-01	   6.1641931349694068e-01	   5.7447988747128997e-01	   4.2395258453272788e-01	   4.8438121411345059e-01	   4.7823402591782416e-01	   5.0059370505357603e-01	   7.1574306346508632e-01	   6.7695175694717225e-01	   5.7090425167625258e-01	   6.1441527493917270e-01	   5.9695085197118702e-01	   7.2782646832729703e-01	   4.1125518462538041e-01	   3.6507431626753462e-01	   5.2906707365030670e-01	   4.5773285760932603e-01	   7.4499164492807046e-01	   4.2679507023922275e-01	   8.0729466143090900e-01	   7.6662768578347773e-01	   8.5576471546428901e-01	   6.7064501559594691e-01	   7.8564954717184743e-01	   7.7957598710366238e-01	   6.8902514939257042e-01	   3.5921867516497308e-01	   6.4989905032793027e-01	   7.1546063437165652e-01	
   8.7397437314938886e-01	   7.6300109703351682e-01	   4.3743210184915537e-01	   4.2098997523873977e-01	   4.3662844276246338e-01	   2.2605577766647231e-01	   4.9330889912996312e-01	   3.3190019287625172e-01	   4.0136722425945220e-01	   3.0864380884348225e-01	   8.1215579593784237e-01	   6.6878281047025334e-01	   5.6576734871760848e-01	   4.0591936272669887e-01	   6.1518861485521081e-01	   6.9231857517203443e-01	   0.0000000000000000e+00	   8.1137725940801086e-01	   8.0520374321941535e-01	   8.0076047742365564e-01	   3.8908159510707235e-01	   4.6524157564949420e-01	   4.2027873883346112e-01	   4.0040976883332796e-01	   3.3332423447131987e-01	   3.0994541646682205e-01	   1.4248998329273221e-01	   9.8111804512957701e-02	   9.0801015673048924e-01	   6.6358995954220090e-01	   6.0897849024657491e-01	   5.6970610576294933e-01	   8.1210748486938189e-01	   7.8415761600977874e-01	   5.0406477153519613e-01	   5.4302372707189106e-01	   7.5377490687893967e-01	   3.4834357234574753e-01	   5.7469556602798155e-01	   6.4443032942814293e-01	   6.2315450389361138e-01	   6.7695884927751404e-01	   6.3797428992221561e-01	   6.8387386852016885e-01	   6.9228099315826974e-01	   7.5823579234107064e-01	   6.8442510428359005e-01	   6.9855203962631063e-01	   6.4411458816514189e-01	   6.1858804167623349e-01	   5.2828686352138987e-01	   2.5715765733739654e-01	   4.1320379207288244e-01	   3.5411477104415023e-01	   7.2561334210644157e-01	   4.9428144410221625e-01	   8.2229679739873529e-01	   8.0752304856553181e-01	   4.4178158022773395e-01	   5.1021946290065934e-01	   4.8527589935340493e-01	   3.6131646826801178e-01	   8.8434490077608541e-01	   7.5053653474748461e-01	   4.7087868296575258e-01	   3.4466511650448350e-01	   6.8744152953898829e-01	   6.2958742214069241e-01	   8.5314442045755456e-01	   8.2792774908461342e-01	   3.5788486980133277e-01	   3.5408304758426851e-01	   4.9243677246595496e-01	   6.5639578427469059e-01	   2.5441727018053911e-01	   1.7504896314305171e-01	   2.6485510923235767e-01	   1.6360622607520070e-01	   8.7815347135850330e-01	   3.6714006225258078e-01	   7.8339693331513027e-01	   6.4143098027653078e-01	   8.0961364673434244e-01	   8.3028879117066490e-01	   4.5155094978502047e-01	   3.8876063937441607e-01	   5.8156908576174438e-01	   4.7616126354113741e-01	   4.1659522892262318e-01	   5.5814815356204706e-01	
