   0.0000000000000000e+00	   8.7988719202980820e-02	   4.8497207589401403e-01	   3.3797758062927286e-01	   3.4783273589698877e-01	   3.6960676930206959e-01	   6.1111281300462217e-01	   1.3536184208109714e-01	   3.0299301478559015e-01	   2.8133927766548983e-01	   6.5012257875226842e-01	   4.1052015000119996e-01	   5.3722284018874744e-01	   1.5194715729880021e-01	   3.6951766291936106e-01	   3.8683607181326596e-01	   3.2431904942314294e-01	   1.1015541433240565e-02	   6.9421478588313101e-01	   6.0916698082534027e-01	   5.4280028372529177e-01	   9.0106472768274756e-02	   5.1784702658644588e-01	   1.5181095203570466e-01	   3.0231281869913917e-01	   1.4554883240816929e-01	   6.3834158385948220e-02	   4.2620276417888684e-03	   1.3923770846707362e-01	   2.9387201435659505e-01	   1.5203729608238009e-01	   3.5286854322027938e-02	   4.4860169851660248e-01	   4.3837307012911597e-01	   5.7520208994831368e-01	   4.0052339744030008e-01	   2.2123509461158106e-01	  -1.0709327146347553e-01	   5.2440586759083960e-02	   1.4366541122088894e-01	   1.8852489999855582e-01	  -1.9368126457991264e-01	   1.8371514980471315e-01	   2.3426986104045652e-01	   2.1385193818684992e-01	   2.6574696092185390e-01	   3.5078761340821618e-01	   3.7251634521941057e-01	   2.3545532126029187e-01	   4.5138850146604031e-01	   3.0894044280696525e-01	   4.6059925776244115e-01	   1.5587498554114329e-01	   5.1819029012195295e-01	  -3.3799900697666745e-02	   2.6530373607835334e-01	   6.9403942958073084e-01	   7.5116698461165241e-02	   4.0779225792394058e-01	  -1.7133985931934234e-01	   5.7438397541689890e-01	  -8.2780988968363473e-02	   2.3212410230486502e-01	   3.7326030936563992e-01	   3.3948364313326668e-01	   1.4987221879264809e-01	   4.3492302479603373e-01	   4.2775851424485523e-01	  -1.9886305051906580e-01	   3.1854151180838208e-01	   1.2038152551133521e-01	   3.1815721134512198e-01	   1.9652821553740077e-01	   1.3666329684907372e-01	  -1.9445116668983509e-01	   5.3824084142904474e-02	   1.0684993363646489e-01	  -3.6769872275368358e-04	  -1.6349702197491277e-02	   1.8674838459883894e-01	   1.0232967462798337e-01	  -2.6335682830244872e-02	   1.6422974848558280e-01	   3.5632017343413834e-02	  -1.0332520409433572e-01	   1.6101269221431652e-01	   1.1972039379368903e-01	   2.9653509976189230e-01	  -3.4507658452990814e-01	   4.3051099453747876e-01	
   8.7988719202980820e-02	   0.0000000000000000e+00	  -9.3411347198366218e-02	   4.8739375117409178e-01	   2.0789302330046180e-01	  -1.7648905630274439e-01	   5.6316194791883219e-03	   3.8123117887480129e-01	  -5.4425829843998318e-02	  -6.9996785338189871e-02	   3.2006487294522301e-01	   4.2241619648706918e-01	  -8.2502098962910053e-02	   2.9055504215372141e-01	  -1.3809038030930509e-01	  -1.3044644226415025e-01	   3.2313236354566155e-01	   4.2040463588180754e-01	   5.0324939102491950e-01	   3.4626592204667767e-01	   7.2502842807906726e-02	   1.6667757248177975e-01	   3.3731461446423844e-01	   1.6379106214032760e-01	   2.8365562452602421e-02	  -7.6472199094892002e-02	  -2.3781843824109994e-01	  -3.4890366945819284e-01	  -2.0573831117642771e-01	   2.9094022761145472e-01	   1.0212705944855262e-01	   5.0623928549850920e-02	   4.4759511661391738e-01	   4.7947337277785873e-01	   5.1870177734373790e-01	   6.2270209391394493e-01	  -1.3756618308799046e-01	   1.1631464390752398e-01	  -5.6866954850301001e-02	  -9.4149519796312767e-02	  -1.9594879704726526e-01	  -1.2041855052666620e-01	   5.4375022651582472e-01	   5.2640886878809734e-01	   3.1402411985282841e-01	   5.5286608731466880e-01	   5.9410850986969721e-01	   4.7813306234370273e-01	   4.6923581484951843e-01	   4.7056108071795111e-01	   6.1321127543108311e-01	   3.2308277165815935e-01	   6.5201315606659627e-01	   2.9626003944812751e-01	   4.5796477355680670e-01	   1.5726535819416368e-01	  -1.0083880273713799e-01	   7.2892287624864216e-01	  -1.8137663615366834e-01	   1.5422393891667324e-01	   2.4601508102475694e-01	   4.3331698738163232e-01	   1.1170950732373508e-01	   6.3125575486664021e-01	   3.4966637609359552e-01	   3.4237844780061477e-01	   6.6159475233987108e-01	   5.3518084969924129e-01	   2.0469498829323052e-01	  -1.9168777030626039e-01	   6.2897681455157417e-01	   3.0673082761486847e-01	   3.8379516926541546e-01	   2.3120683410488888e-01	   4.0982809534234221e-01	   1.0805254144549747e-01	   5.0933119554739548e-01	   2.3857792754985571e-01	  -1.4149860544765039e-01	   2.2860692332329668e-01	   3.1362552584536540e-01	   3.2200383621540429e-01	  -1.2823876931831382e-01	  -3.7769747550725652e-02	   4.3426353101255966e-01	   1.2538490412028641e-01	  -3.9107178254516933e-01	  -2.3526976401471006e-01	   5.9671225243004167e-01	  -7.4176217440688502e-02	
   4.8497207589401403e-01	  -9.3411347198366218e-02	   0.0000000000000000e+00	   5.2458784758756616e-01	   2.6073966694824985e-01	   5.0742561223305460e-01	   9.3019287690911101e-01	   2.7983163437151132e-01	   4.7801801901150559e-01	   4.7764501611434845e-01	   3.1222775116996471e-01	   2.2216309115029920e-01	   7.7935934490061864e-01	   3.7962391131325046e-01	   2.6189638211900657e-01	   3.8173242229920767e-01	   3.2437113510014515e-01	   1.7379206129696195e-01	   2.7100185183499481e-01	   1.5773359178541524e-01	   1.6787623730535373e-01	  -2.2316917660930923e-02	   6.2375381604795599e-01	   7.0241225015842257e-01	   6.4497541339267739e-01	   5.2686851939061929e-01	   3.0077156408806194e-01	   4.5066854447075455e-01	   3.4874685648187059e-01	   3.3580993850959695e-01	   3.3912192632830712e-02	   1.8273966039415510e-01	   2.7641275167579377e-01	   2.0269849245153382e-01	   1.5260409554058549e-01	  -4.5445656902038771e-02	   3.1968065213806640e-01	  -5.4994306926083675e-02	   2.9395567705672659e-01	   3.2356741566054831e-01	   3.8650667770927905e-01	   6.4871750080087359e-02	   9.6510284351584028e-02	  -1.1750354300405014e-01	  -1.5277630289009633e-01	   8.4446908594089584e-03	   5.8133852678912828e-02	   9.5680223003253032e-02	   2.5091419188014369e-01	   3.8691558126470227e-01	   3.0730976945166788e-01	   4.4838275997635302e-01	  -2.9691933988023875e-02	   6.6334235604890435e-01	  -1.8969277385319866e-02	   4.9175339194879369e-01	   6.8134471548772424e-01	  -1.7472011789475245e-01	   1.1878644003494127e-01	  -4.5197055602017339e-01	   4.8460581415341958e-01	  -2.3186783767677996e-01	   3.8259583778848583e-01	  -2.8140830374030486e-02	   1.3299257039080772e-01	  -2.9063715974318416e-01	  -1.0318854980949271e-01	   3.5057072770079037e-02	   1.6087074620562542e-02	   5.7436061001977423e-01	  -3.4867992393028902e-01	   6.4134407597442142e-02	  -4.0623240031332908e-01	  -3.4979329092594225e-01	  -5.8758573590094709e-01	  -4.6374382924802282e-01	  -3.6581990134991049e-01	  -3.0384372709874408e-01	   2.9895910995174801e-01	   2.3144359588502750e-01	   3.2808981934815307e-01	   2.4902040088062316e-01	   3.6085674046365213e-01	   3.8428704205374586e-01	   2.2644122413185552e-01	   5.2662032762857280e-01	   3.7912917233632837e-01	   3.6134080408010827e-01	  -3.8892418873908630e-01	   7.5161315768762749e-01	
   3.3797758062927286e-01	   4.8739375117409178e-01	   5.2458784758756616e-01	   0.0000000000000000e+00	   4.7959652814920506e-01	   5.4951160543495148e-01	   6.0866069999667594e-01	   8.1803412214424465e-01	   4.5646934238605547e-01	   6.2241294055504226e-01	   3.2953551594389413e-01	   5.1514174090399745e-01	   4.9014695898587185e-01	   7.6560542625774952e-01	   1.8466684099253458e-01	   4.4221231992838678e-01	   3.3100906199098595e-01	   2.1771830599143077e-01	   6.8860265322922976e-01	   5.2755943184651977e-01	   2.6312493744001403e-01	   1.7569119743138562e-01	   8.8793924452180850e-01	   6.1118605881326205e-01	   6.5034637084539959e-01	   5.4594888758672000e-01	   1.8174439554123564e-01	   1.2370312599152689e-01	  -4.2078318071929917e-03	   4.8564982779298160e-01	   1.8964095563377387e-02	   1.0042060322261868e-01	   3.7222346100806797e-01	   3.3348195064432173e-01	   4.3341527064824792e-01	   2.7453969892624946e-01	   5.9981231194224979e-02	   1.6838530035583410e-01	   2.0979610785059705e-01	   2.6527526713386890e-01	  -8.1451069070241799e-02	  -3.0472934385546262e-02	   4.0442170637223052e-01	   2.1496687066220049e-01	   2.0260614138670932e-02	   2.8477068678881134e-01	   4.4603646400428293e-01	   3.3644580410171343e-01	   6.4323646494009301e-01	   5.9675181238309982e-01	   6.1634405325856501e-01	   4.9805940163086354e-01	   2.7136365394615636e-01	   5.1638456335620320e-01	   2.7755730435944975e-01	   4.2443594826021824e-01	   1.3538534563300431e-01	   2.7938197030553275e-01	  -2.0828468943282508e-01	  -1.3133462072185934e-01	   4.5376349833085422e-01	   2.0033467198284671e-01	   1.5908456268495627e-01	   4.4306670233794304e-01	   3.4871836269281087e-01	  -5.1076309461373468e-02	   2.5936648930025380e-01	   2.7932146936763491e-01	   5.2929731814898420e-02	  -7.6343509979991730e-02	   2.6780102377999887e-01	   2.4789230011784408e-01	   3.8770753407671436e-02	   4.3437120991733469e-02	  -1.1104480781017922e-01	  -2.8056789851094988e-01	   2.5331905218365791e-01	   3.4391903023363507e-02	  -2.6238174753175164e-02	   3.9503668719728091e-01	   4.8926072776386598e-01	   3.3485948318586095e-01	   2.8412048636827991e-01	   3.7219667104240128e-01	   5.2670561557740059e-01	   3.6397849931250159e-01	  -1.8169278709648681e-01	   8.4704874256024187e-02	   2.3333292057999283e-01	   1.8295833747764395e-01	
   3.4783273589698877e-01	   2.0789302330046180e-01	   2.6073966694824985e-01	   4.7959652814920506e-01	   0.0000000000000000e+00	   5.0861604762303991e-01	   3.4985742639752793e-01	   4.0917174155333824e-01	   6.7262928883241035e-01	   3.6086102871683701e-01	   3.3280333966187164e-01	   2.6455590690369091e-01	   4.2091047022760558e-01	   4.6334043366806482e-01	   5.3242396422166460e-01	   4.1904798175058744e-01	   5.7937652865619316e-01	   2.0558602888829078e-01	   4.4120324492502794e-01	   4.4677440140248481e-01	   4.2889717875166405e-01	   3.9508129710209117e-01	   4.8953223332087681e-01	   2.1307081917250001e-01	   6.2430245482121560e-01	   5.2273060549738304e-01	   4.4391730525220341e-01	   4.6004141856602607e-02	   1.2247972498387746e-01	   3.2522221741189883e-01	   4.0243354697982431e-01	   3.4961210417783856e-01	   2.4475608430532839e-01	   2.8332984725501476e-01	   2.6135539067199542e-01	   2.8477614268612395e-01	  -2.9465589045694074e-01	  -3.4977540423726305e-01	  -3.0002571568382141e-01	  -3.1054928728755571e-01	  -1.6037103816328591e-01	  -4.5159416494517968e-01	   2.3110845499909427e-01	   2.5700482601238450e-01	   3.7564739610347236e-01	   3.0783405784904000e-01	   2.7591714706669745e-01	   1.7910744567472878e-01	   4.8692581239275490e-01	   4.7696183634142220e-01	   3.8132769483889134e-01	   4.4616570707279946e-01	   1.3932694951024935e-01	   4.2122572814823345e-01	  -6.9561962473154021e-02	   3.5268410327310512e-02	   2.5497022733482511e-01	   2.0587590717537213e-01	   2.8373489339122981e-03	  -1.0208978763623164e-01	   2.8825213282914208e-01	   4.3751137301159034e-03	   3.7770290839920478e-01	   4.6122444687387393e-01	   1.2432209202422725e-01	   4.9795583805944510e-02	   3.9880171732000225e-01	   3.0960608959149888e-01	  -2.4995225441920765e-01	  -2.3738846159727034e-01	   1.8043170412573228e-01	   9.9762796118283530e-03	  -2.6382748567431434e-03	  -1.8888366336251138e-03	   4.0072204436106387e-02	  -5.1483176862669539e-02	  -7.9515006373387959e-02	  -2.3901393639631491e-01	   1.5376045154386708e-01	   4.9761805950486093e-01	   4.9096118591871041e-01	   3.8982177223989062e-01	  -2.1613222386341052e-01	  -5.7067444498515738e-02	   2.0450431400726066e-01	   9.9194433595689288e-02	  -2.4600225653542016e-01	  -2.6135252434725964e-01	  -9.7748896313058747e-02	   1.0792015327827709e-01	
   3.6960676930206959e-01	  -1.7648905630274439e-01	   5.0742561223305460e-01	   5.4951160543495148e-01	   5.0861604762303991e-01	   0.0000000000000000e+00	   5.5306672775303256e-01	   5.8775814335948628e-01	   6.6230263649649079e-01	   9.1083102434014540e-01	   3.8394863708415106e-01	   4.3041204583467318e-01	   5.9605177034493784e-01	   6.4849143606113513e-01	   4.4321258506825406e-01	   8.7439879986653879e-01	   2.4639654665007479e-01	   6.4231596899903431e-02	   3.4705661520356612e-01	   3.9107712511597537e-01	   1.6241361434848336e-01	  -2.3753501870301983e-02	   5.8647678276433568e-01	   4.8279180531225718e-01	   7.2277590726607643e-01	   5.3885169031386704e-01	   3.9283757282836973e-01	   3.0883715769702019e-01	   1.3467835707961817e-01	   3.6037498222083236e-01	   1.8935425638333353e-01	   1.9046280813304328e-01	   2.0535114512945016e-01	   1.8107953973868429e-01	   1.9972601401143747e-01	   7.5392350893186888e-03	   5.4836896976518265e-02	   1.1218725706495664e-01	   8.8790303795522427e-02	   1.5702489622261750e-01	   7.8512789665287797e-02	  -1.0863852657021658e-01	   1.0335122255479569e-01	   6.9336647977556454e-03	   2.1891896677537943e-02	  -3.2501511336620346e-02	   1.0257732687029539e-01	   8.9812519603083979e-02	   4.5751672536697940e-01	   3.6751572176470831e-01	   1.6152037411880218e-01	   4.2199284463835629e-01	  -1.1738936261096075e-01	   2.6158301847848886e-01	  -4.6797791587357744e-02	   3.6545546562766568e-01	   2.8290302415634244e-01	   1.1083705422192017e-02	   3.0715142814926982e-01	   1.3360775876211761e-01	   5.4092295688615732e-01	   1.8834090486890820e-01	   1.6110161679665067e-01	   1.7788080899927583e-01	   1.8788850256358694e-01	  -4.6590273309181390e-02	  -1.2706229269777221e-02	   2.2256314298837970e-01	  -8.8415421475054323e-02	   4.3573606993977318e-02	   4.7524427401019399e-02	   1.5902819878292096e-01	  -5.0591494330415626e-02	  -1.2952482193348536e-01	  -2.1924399865049268e-01	  -1.4955850714732605e-01	   3.7134316988895258e-03	   8.6057907940584686e-03	  -1.7312712455089748e-02	   2.6125901420661318e-01	   2.6099569116841675e-01	   3.0102633407254269e-02	   2.7999877912955451e-01	   4.2056585130475899e-01	   2.1174601851089220e-01	   1.6549276223012724e-01	   4.3279880530816210e-02	   1.8012194892950606e-01	  -1.2966006897339769e-01	   2.5516958777955928e-01	
   6.1111281300462217e-01	   5.6316194791883219e-03	   9.3019287690911101e-01	   6.0866069999667594e-01	   3.4985742639752793e-01	   5.5306672775303256e-01	   0.0000000000000000e+00	   3.9956609842307600e-01	   5.8085474211200117e-01	   5.1127571993013232e-01	   5.1612529217911651e-01	   3.9059468443176459e-01	   8.2957690472714274e-01	   4.9272632098962271e-01	   3.6223021514889381e-01	   4.7873038937908835e-01	   3.8169880025579117e-01	   1.7854946263038726e-01	   4.5532147667036754e-01	   2.6218257253802524e-01	   3.3644753608938760e-01	   1.3320791160606044e-01	   7.0955784038172565e-01	   7.1815112298825268e-01	   6.3631843015055545e-01	   5.1212867205671420e-01	   2.6053172933877755e-01	   3.2377607263092251e-01	   2.9144899066448354e-01	   4.0322715311276769e-01	   1.3255653566427289e-01	   2.2467369002518578e-01	   4.2062483124051486e-01	   3.7588198387262250e-01	   3.4527247924986154e-01	   1.5580538493498436e-01	   2.5121456451845831e-01	   2.7064207431360464e-03	   2.2487474066467669e-01	   2.6389544859832487e-01	   2.9194423574581313e-01	  -3.2973006899554777e-02	   2.6911831456769070e-01	   7.6005751750833142e-02	  -9.9575049484846301e-03	   1.7224715547105832e-01	   2.7824404817655274e-01	   2.6247137110238156e-01	   3.5762223451320529e-01	   5.6058216168210173e-01	   4.3551512069926690e-01	   5.5438396001534018e-01	   7.7184149164575597e-02	   6.5581627300833412e-01	   4.2706110769015676e-02	   4.9114903798858800e-01	   6.4998301637764666e-01	  -1.2501792885265559e-01	   1.7481620425240790e-01	  -3.6147511093974471e-01	   6.4167606316084003e-01	  -6.9011679062963377e-02	   3.8592452629334706e-01	   1.8503025597842021e-01	   2.7244421692458282e-01	  -1.1448459892858560e-01	   9.5588135234938587e-02	   2.5650867981661635e-01	  -3.1591131095306833e-02	   4.7915679693253344e-01	  -1.7373199989656729e-01	   2.1457228156560970e-01	  -1.8480378152289273e-01	  -1.6867884860393167e-01	  -4.3798330464027713e-01	  -3.1444164348078146e-01	  -1.5009413447348541e-01	  -1.5384873528900384e-01	   2.2822985858238268e-01	   2.4691869256340115e-01	   3.6636651308034363e-01	   2.0063313413645723e-01	   3.2002907591617297e-01	   3.3731602634471797e-01	   2.1089252464123320e-01	   4.5547191910309515e-01	   2.1892485398500669e-01	   2.6342395940727548e-01	  -3.0817145413103991e-01	   7.1925334592758872e-01	
   1.3536184208109714e-01	   3.8123117887480129e-01	   2.7983163437151132e-01	   8.1803412214424465e-01	   4.0917174155333824e-01	   5.8775814335948628e-01	   3.9956609842307600e-01	   0.0000000000000000e+00	   4.1525422624170827e-01	   7.4118067380839148e-01	   2.8386443162060043e-01	   4.7325153414586552e-01	   3.1535829341972199e-01	   9.1580526138970453e-01	  -2.3291694862445027e-02	   4.8594811538066424e-01	   1.5675057387630581e-01	   7.5327929445071024e-02	   5.3563267191455366e-01	   3.9451373610013368e-01	   5.3291125364136355e-02	   1.0416644703408513e-01	   7.7676628631586031e-01	   5.9955962782179206e-01	   6.7009885419398119e-01	   5.2624831433070840e-01	   2.4706194097883458e-01	   8.4800897301847061e-02	  -5.0939994607934198e-02	   4.1708751283712547e-01	  -6.6988416134156244e-03	   5.2630177385112824e-02	   2.6908450337684564e-01	   2.8170638799439601e-01	   3.5268697253201764e-01	   2.3465439197096735e-01	   1.0965578630654073e-03	   3.8585423832114224e-01	   1.9050173799057435e-01	   2.1327869352056750e-01	  -2.4382439582002005e-01	  -1.2461557945835915e-02	   5.1350404545975847e-01	   3.2238916950232271e-01	   5.0916092113656893e-02	   3.0009850111556396e-01	   4.7552490108334589e-01	   3.4360760258822609e-01	   6.3426596158444315e-01	   4.8323400601063005e-01	   5.3651416405466534e-01	   4.8201285733586841e-01	   3.1499428657243406e-01	   3.1673859851245484e-01	   3.6774409128545121e-01	   4.2814354809191030e-01	  -1.1582560005820580e-01	   4.1844019901408269e-01	   8.7761473151248080e-03	   2.8410936651322505e-01	   3.5165530813119267e-01	   4.7362083828113216e-01	  -7.3329946607132476e-02	   4.1608582717162268e-01	   2.8535962786131402e-01	   4.1328868289278828e-02	   3.1676238612273111e-01	   3.3464026245854439e-01	   8.6673496431420208e-02	  -3.4620276475095091e-01	   4.4726595635825228e-01	   2.1433283744047193e-01	   1.6679878972926632e-01	   1.4216187577545233e-01	   7.4887508302693612e-02	  -6.4643454492289615e-02	   4.0094860183661035e-01	   2.5555528627654595e-01	  -1.8446055590056001e-01	   2.7619940017715239e-01	   4.5118042930425245e-01	   2.2411236998620415e-01	   2.6332186238184219e-01	   3.6323546308347282e-01	   6.3110853353376828e-01	   3.0108527710085276e-01	  -4.7465656831293279e-01	  -1.4225976545798771e-01	   4.9502220906014066e-01	   6.8840562806326633e-03	
   3.0299301478559015e-01	  -5.4425829843998318e-02	   4.7801801901150559e-01	   4.5646934238605547e-01	   6.7262928883241035e-01	   6.6230263649649079e-01	   5.8085474211200117e-01	   4.1525422624170827e-01	   0.0000000000000000e+00	   5.2886135427781022e-01	   4.4949207966505161e-01	   3.6290168194483663e-01	   7.1959801594892503e-01	   5.8352943828953607e-01	   7.5082890028050397e-01	   6.0952563541854876e-01	   4.4130911375729237e-01	   2.3750301547153302e-01	   3.0407689897269707e-01	   2.2322366968419879e-01	   2.3585516799122933e-01	   2.7904375752501015e-01	   4.6716973213392299e-01	   4.0390024688618686e-01	   5.5892648588132610e-01	   4.6179737707459545e-01	   3.9946248594035461e-01	   2.2720792590042554e-01	   1.1902569042843028e-01	   4.1502615628133821e-01	   3.9494381786176080e-01	   3.7490678762934015e-01	   3.2302255807012115e-01	   3.4674119946940452e-01	   2.0048774077505546e-01	   1.5470648526373881e-01	  -1.2935653393614971e-01	  -6.4784435599503101e-02	  -2.0388195218958385e-01	  -1.2671045200220180e-01	  -3.3224453480070158e-02	  -2.8935766480233394e-01	   1.8142825054183420e-01	   1.6410763749072504e-01	   2.3344234572138997e-01	   2.0125817923991071e-01	   1.7717908526832965e-01	   1.7262460167958266e-01	   4.6691719671243948e-01	   5.5127408706585435e-01	   2.3251468825643715e-01	   4.8319612126760264e-01	  -9.9197864988841561e-02	   3.0218223711974562e-01	  -1.8181188526164485e-01	   2.1976255587000046e-01	   2.9628598746447921e-01	  -5.9254588972880287e-02	   1.9936757865107405e-01	   3.7915726236063138e-02	   4.9882278816016212e-01	   1.1630911017207435e-01	   3.4106664605862241e-01	   2.7119522974732257e-01	   1.2149430587924760e-01	   3.3242402369875648e-02	   7.5908908408556158e-02	   2.9040175284630243e-01	  -5.9052630203478729e-02	  -7.7347554453179573e-03	   1.4004791259734528e-02	   8.2079893123390535e-02	  -1.9402294058594491e-02	  -2.5241775319038318e-02	  -4.0844615055183553e-02	  -2.5275960091796449e-02	  -2.6258926820931949e-02	  -1.0524580250700815e-02	   1.5549934097567203e-01	   2.7781743374381385e-01	   3.2028617678247479e-01	   1.8188524550643326e-01	   6.3055968677435794e-03	   1.9389388683795095e-01	   1.2564016118353169e-01	   1.3240343989007330e-01	  -8.2963751628142846e-02	  -6.8908582384616945e-02	  -2.3363375329722319e-01	   3.4584379167439327e-01	
   2.8133927766548983e-01	  -6.9996785338189871e-02	   4.7764501611434845e-01	   6.2241294055504226e-01	   3.6086102871683701e-01	   9.1083102434014540e-01	   5.1127571993013232e-01	   7.4118067380839148e-01	   5.2886135427781022e-01	   0.0000000000000000e+00	   3.1193716766091634e-01	   4.1550694332390520e-01	   5.0045788556513116e-01	   7.1615023807819733e-01	   1.6023740794169825e-01	   7.6383661637683431e-01	   1.2913572189677952e-01	  -5.6761859131675883e-02	   3.7320481144276019e-01	   4.1920435493859365e-01	  -2.1129256674072595e-02	  -1.7851147049906313e-01	   6.6894136243350444e-01	   5.4952818789077207e-01	   7.0887661431778959e-01	   5.4512175828751486e-01	   3.3073619424870210e-01	   3.1877469983094608e-01	   1.2671914841102472e-01	   4.1057882651464783e-01	  -3.3316136780711825e-02	   6.0528718864505102e-02	   1.1388696328482995e-01	   9.2228572951954607e-02	   1.7509914970627385e-01	  -4.7994825748913152e-02	   2.3873125492727304e-01	   3.5386998170827522e-01	   3.0431187616817457e-01	   3.7198094167944212e-01	   1.2959064449397881e-02	   2.7731956064357473e-02	   2.0423870774304681e-01	   4.3440136115535585e-02	  -1.5935067710699405e-01	  -2.3742448791985251e-02	   1.9496706789333959e-01	   1.6838694666682386e-01	   5.1095116602760082e-01	   3.0653531661676581e-01	   2.4552643545405881e-01	   4.0294301242272912e-01	   6.5113549133553579e-03	   2.8455457082942381e-01	   1.7035238446063458e-01	   5.5181358810479175e-01	   1.4595637405524250e-01	   1.1147796277427446e-01	   2.7255969902174593e-01	   2.2051033753813623e-01	   4.4620332920780914e-01	   2.2202563537439679e-01	  -4.3437554532356301e-02	   1.0806791742713653e-01	   1.6255128045056269e-01	  -1.6331143180700433e-01	  -1.9269092238361797e-03	   1.7107812879979734e-01	  -9.6422447334777256e-02	  -5.2810741193701223e-02	   1.1658463256992474e-01	   1.5933558942753029e-01	  -1.0117443760195033e-01	  -2.0464914605754267e-01	  -3.0048497262195251e-01	  -2.7729082869554400e-01	   1.4751495060597991e-01	   1.5028664307908990e-01	  -1.2183956415043554e-01	   2.5741415723650096e-01	   2.7529471746828899e-01	   4.0289429367440795e-02	   4.4798357434330760e-01	   5.2397716923311521e-01	   4.1936711279391264e-01	   2.7043004840671947e-01	  -1.1657509238542255e-01	   2.1106977520267747e-01	   9.2351501411245165e-02	   2.2409281632899797e-01	
   6.5012257875226842e-01	   3.2006487294522301e-01	   3.1222775116996471e-01	   3.2953551594389413e-01	   3.3280333966187164e-01	   3.8394863708415106e-01	   5.1612529217911651e-01	   2.8386443162060043e-01	   4.4949207966505161e-01	   3.1193716766091634e-01	   0.0000000000000000e+00	   7.1249942021989510e-01	   6.4300977425854045e-01	   4.1288355797966642e-01	   3.9019075833941769e-01	   4.6547505432853220e-01	   5.1190029745941990e-01	   3.9004953495061823e-01	   5.5642305431424643e-01	   4.3142124438028040e-01	   4.2688339674766623e-01	   2.9033125611903171e-01	   4.6638736009787257e-01	   3.6717549553373963e-01	   2.4031082182418098e-01	   1.4732494861689201e-02	  -1.7948355004734756e-01	  -3.1191709307013471e-01	  -7.0379876874547428e-02	   3.4418322651413547e-01	   4.6939146615476246e-01	   3.0408589142169051e-01	   6.7070811291038790e-01	   6.9892291270326179e-01	   7.8179012812035020e-01	   7.1245089710242104e-01	  -5.6037525240814311e-02	   2.8623850213903040e-02	  -2.0364927196525806e-01	  -1.6087076636971312e-01	   1.8145737182226632e-01	  -2.9110948507491369e-01	   3.8158949066185266e-01	   4.6076516367834053e-01	   5.2241793331551822e-01	   4.0815882176585316e-01	   4.1032472321615804e-01	   4.1221958807621473e-01	   4.0723628433038062e-01	   6.4812915088131984e-01	   4.3102471678509258e-01	   5.4404298326983103e-01	   4.2093696606144138e-01	   4.1008405036838669e-01	   7.1421050619206478e-02	   2.5648737491066953e-01	   5.3006530956370079e-01	   3.4613487315264918e-01	   5.2898879173844049e-01	   1.8118627730294770e-01	   7.7164389666349376e-01	   3.9175040671473160e-01	   3.9848137858174404e-01	   5.9021498748885504e-01	   4.8339384732014612e-01	   4.9695217141589326e-01	   6.2159006194800104e-01	   7.5415367118455812e-01	   3.3189387742012091e-02	   2.0268903673161950e-01	   4.4827117627983210e-01	   4.3637697678649773e-01	   4.6164028739717522e-01	   2.5597144049060311e-01	   2.2642872558946447e-01	   3.2177584590108693e-01	   3.7659713245248688e-01	   2.1616864235524316e-01	  -6.2094714258423937e-02	   2.4144795299051897e-01	   1.2570473834720991e-01	  -3.3244396000646811e-02	  -1.4250865523003153e-01	  -5.5343555980043174e-02	  -1.9424018549737555e-02	  -5.2872455677335214e-02	  -1.5030036921981194e-01	  -9.1681776821959229e-02	  -5.7685753011564402e-02	   3.8128535964394594e-01	
   4.1052015000119996e-01	   4.2241619648706918e-01	   2.2216309115029920e-01	   5.1514174090399745e-01	   2.6455590690369091e-01	   4.3041204583467318e-01	   3.9059468443176459e-01	   4.7325153414586552e-01	   3.6290168194483663e-01	   4.1550694332390520e-01	   7.1249942021989510e-01	   0.0000000000000000e+00	   4.1674731604603976e-01	   5.4362673871790412e-01	   2.5621602189390369e-01	   4.7379539349419386e-01	   3.5121109431679698e-01	   5.3922293975586877e-01	   5.6835040174873774e-01	   3.6204662234502083e-01	   3.4795766385184190e-01	   2.2597689732470913e-01	   5.5512230983484856e-01	   4.5509271392016415e-01	   2.2948049608877191e-01	   3.1882610641280597e-02	  -2.2476548991126113e-01	  -2.9119491564533928e-01	  -7.9647386830389910e-02	   5.1335134201499388e-01	   2.4041300661050757e-01	   2.3547377755093268e-01	   5.8150710262270799e-01	   5.6082032573304663e-01	   7.2881775246349423e-01	   5.8595736793673947e-01	  -6.5302284032203950e-02	   1.9383209376272281e-01	  -2.7504592438232018e-02	   1.3241740478287113e-02	   7.5514042876436593e-02	  -5.5775099168219447e-02	   2.9014785687201411e-01	   3.5867959654176318e-01	   4.0867418768236702e-01	   4.4095671087754001e-01	   3.9059283612023116e-01	   3.1680182815188851e-01	   5.2044225543642186e-01	   6.6881725302239814e-01	   5.2289816316470872e-01	   4.6832672473942277e-01	   3.2196752182019500e-01	   2.9004193027989461e-01	   1.9790497199477247e-01	   3.1308552717124777e-01	   2.1232092547570711e-01	   3.8994676853094312e-01	   1.5429087110121970e-01	   1.5259447482955901e-01	   7.0439646442546200e-01	   5.8518416783700522e-01	   3.2411102561564276e-01	   6.9497419043456521e-01	   7.0161358371741944e-01	   4.7836088280696892e-01	   4.4453232768416240e-01	   6.2442175020191293e-01	   2.9407653005783208e-01	   1.6354881539025801e-02	   5.1946062518602276e-01	   5.7109285234495355e-01	   5.3314076224671769e-01	   3.5507632293825447e-01	   2.7523998258261478e-01	   2.2646216426739080e-01	   4.3574910119535348e-01	   1.9361745141627468e-01	  -1.9437101384502167e-01	   2.4792690682789842e-01	   1.5396898933174841e-01	   7.1658528439694155e-03	  -4.1092478627958520e-02	   2.9471658407033214e-02	   2.1133985228223931e-01	  -7.5744780727372146e-03	  -1.9837687756851155e-01	  -1.1676705110552771e-01	   2.1577854661142329e-01	   1.5973187610883255e-01	
   5.3722284018874744e-01	  -8.2502098962910053e-02	   7.7935934490061864e-01	   4.9014695898587185e-01	   4.2091047022760558e-01	   5.9605177034493784e-01	   8.2957690472714274e-01	   3.1535829341972199e-01	   7.1959801594892503e-01	   5.0045788556513116e-01	   6.4300977425854045e-01	   4.1674731604603976e-01	   0.0000000000000000e+00	   4.8451293043058202e-01	   5.7593700748099530e-01	   5.2459854138089956e-01	   4.4870564990938699e-01	   2.6386915669593403e-01	   3.7068336431410986e-01	   3.2038658681377752e-01	   3.1384140910575337e-01	   1.9494779086328720e-01	   6.4403449091807374e-01	   5.9393677703139858e-01	   5.6207026368227653e-01	   3.8762472311840807e-01	   1.9172588973294175e-01	   1.7341397117781632e-01	   1.1318054226847438e-01	   3.3974248768903226e-01	   2.9354959270219294e-01	   2.6928042550929299e-01	   4.4527476818708911e-01	   4.4553893246269521e-01	   4.3569576127928344e-01	   2.7042520137107290e-01	   8.9810786119012900e-02	  -1.0861236217886132e-01	  -4.5921145901293856e-02	   6.6688913006018062e-03	   3.1337113894601243e-01	  -1.6694167268698956e-01	   1.8473199288268663e-01	   7.9349412659259488e-02	   1.9218037438071520e-01	   1.3121221759818674e-01	   1.2507546236248496e-01	   1.8381994129956197e-01	   3.2924426234115223e-01	   5.4279104450303217e-01	   2.7936940497704837e-01	   4.9198452070638460e-01	   3.0786418900531652e-02	   5.9662101180861560e-01	  -1.6322417832051239e-01	   3.5674000900982039e-01	   6.6587231957706972e-01	  -9.5610774066134663e-02	   2.9915786741457651e-01	  -2.2377593230936985e-01	   6.0739504166173541e-01	  -3.2009831815203393e-02	   4.9331394537768569e-01	   1.8854940448951438e-01	   2.7011652171947170e-01	   2.1760810762680771e-02	   1.2855198839031357e-01	   3.1968377852725149e-01	  -6.7578508458678008e-02	   3.9355301991984337e-01	  -8.8902993208166733e-02	   1.4178490572328190e-01	  -1.0309678780417295e-01	  -4.6768680775554884e-02	  -2.7232909160372171e-01	  -1.1452318702636144e-01	  -1.0369190213380700e-01	  -1.1483120478614367e-01	   1.8996952938494754e-01	   3.1294904626979275e-01	   2.5291982863059637e-01	   1.1651540828539284e-01	   7.7337087690440745e-02	   2.1260812037999927e-01	  -8.4949881685636788e-03	   1.8139401211530384e-01	   1.4508824551475863e-01	   1.4024219559042528e-01	  -4.3556617733902186e-01	   6.1674810951907721e-01	
   1.5194715729880021e-01	   2.9055504215372141e-01	   3.7962391131325046e-01	   7.6560542625774952e-01	   4.6334043366806482e-01	   6.4849143606113513e-01	   4.9272632098962271e-01	   9.1580526138970453e-01	   5.8352943828953607e-01	   7.1615023807819733e-01	   4.1288355797966642e-01	   5.4362673871790412e-01	   4.8451293043058202e-01	   0.0000000000000000e+00	   1.5786497425489768e-01	   5.9895761625953547e-01	   2.9190444234535873e-01	   2.7140256237489191e-01	   4.3609179502567003e-01	   2.9173925324911887e-01	   1.3659782287485350e-01	   2.1103316777501613e-01	   7.3951240231988491e-01	   6.9931277612138953e-01	   7.1356072495599632e-01	   5.5631621950890597e-01	   2.2995051768026270e-01	   7.9980656034595657e-02	  -1.5168164883107463e-02	   4.4858096358293448e-01	   1.8677107146409991e-01	   2.0308487183790958e-01	   3.7358610834083061e-01	   3.6685689473187916e-01	   3.8967087102947939e-01	   2.8328594228795140e-01	  -7.7743498106010611e-02	   3.2060969893965136e-01	   6.9977715048769054e-02	   1.0340904823537816e-01	  -7.2578401080245533e-02	  -2.5024806496972751e-02	   4.7223437747052871e-01	   3.1295286400134070e-01	   1.6816160270359032e-01	   2.9116891852937715e-01	   3.9470189098431907e-01	   2.8559541915534487e-01	   6.1502147998550460e-01	   5.8169427952159547e-01	   5.2957901889377890e-01	   5.9606945963297209e-01	   2.6596103095087564e-01	   3.7681136616477107e-01	   2.5129522052256076e-01	   3.7608229933971721e-01	   5.2532283890453432e-02	   3.6477138101741080e-01	   8.6117051933042227e-02	   2.3396789993157369e-01	   4.7574231238847897e-01	   4.7087835272572953e-01	   1.1522955014976557e-01	   4.4840734529207632e-01	   3.1546792489427417e-01	   1.2372724914931352e-01	   2.7350602747352765e-01	   3.7944933673115111e-01	   1.9831894810819381e-01	  -2.0296957617966552e-01	   3.7044622231554636e-01	   2.3455729649514534e-01	   1.6915887912282040e-01	   1.8435921866887911e-01	   1.0601652527558345e-01	   2.0587392416644167e-02	   2.7125301975979199e-01	   1.5548672162910585e-01	  -6.8510035835838895e-02	   2.7845289040148807e-01	   4.4954640322233075e-01	   2.4635415014651885e-01	   1.3316201449924209e-01	   3.2312803835376075e-01	   5.6729979881013037e-01	   2.8107009212021866e-01	  -3.6099151524192830e-01	  -2.1396017176096541e-01	   3.4157538731209819e-01	   8.8065438304126414e-02	
   3.6951766291936106e-01	  -1.3809038030930509e-01	   2.6189638211900657e-01	   1.8466684099253458e-01	   5.3242396422166460e-01	   4.4321258506825406e-01	   3.6223021514889381e-01	  -2.3291694862445027e-02	   7.5082890028050397e-01	   1.6023740794169825e-01	   3.9019075833941769e-01	   2.5621602189390369e-01	   5.7593700748099530e-01	   1.5786497425489768e-01	   0.0000000000000000e+00	   4.8735155250699269e-01	   4.0347972680296851e-01	   2.4711733418520898e-01	   2.5832741105903889e-01	   2.0061731401008129e-01	   4.0935555714370309e-01	   4.2779192606292760e-01	   1.3905097173761433e-01	   1.4331329676745778e-02	   2.2917537986737388e-01	   2.0457937050319303e-01	   2.7333860059281534e-01	   1.4253954188985260e-01	   8.7721374424843887e-02	   3.0248044495773641e-01	   4.9272761569685186e-01	   3.4008320842290202e-01	   3.4573436274837888e-01	   3.4931954828043482e-01	   1.8839326699029385e-01	   1.7828408380282207e-01	  -1.7953916928700159e-01	  -2.4847502617069014e-01	  -3.5167758157856771e-01	  -2.4300869557320645e-01	   4.0079566976781500e-02	  -2.6431745367392656e-01	  -1.5030640194342491e-02	   9.2348692185342224e-02	   3.2468039268222004e-01	   1.2914679078706870e-01	   3.3623202663053346e-02	   1.2163848979827256e-01	   2.4381538133270286e-01	   4.0863259133308250e-01	   2.9443462088192228e-02	   2.6753723000054991e-01	  -2.5035258679681965e-01	   1.3512992931253473e-01	  -3.6844105721385911e-01	  -8.1808093693924194e-02	   3.3980123336459589e-01	  -2.3156755805085091e-01	   1.5092054196749691e-01	  -1.2186511432493490e-01	   4.2330440040600714e-01	  -4.9704219298588505e-03	   4.5397653615036915e-01	   2.3851663089709924e-01	   9.8199104679487767e-02	   1.7602455450132337e-01	   4.4389068164428294e-02	   2.3287960307421091e-01	  -7.0423833859040913e-02	   1.1884744556761206e-01	  -2.4520298927370024e-02	   1.2570867605666228e-01	   4.5313807829594363e-02	   1.1207869454010100e-01	   5.0472815557838363e-02	   1.4497160397392508e-01	  -6.0649026832038141e-02	  -8.2408537241708824e-03	   2.3134777388803357e-01	   1.9642690769652404e-01	   1.5656156586928516e-01	   5.7329641132713619e-02	  -1.4172293928819238e-01	   3.3923648639450181e-02	  -2.7658864066837535e-01	  -6.2859281352302995e-02	   1.6773163364850946e-01	   3.9191910479678162e-03	  -4.7888878447895167e-01	   2.5182264598442156e-01	
   3.8683607181326596e-01	  -1.3044644226415025e-01	   3.8173242229920767e-01	   4.4221231992838678e-01	   4.1904798175058744e-01	   8.7439879986653879e-01	   4.7873038937908835e-01	   4.8594811538066424e-01	   6.0952563541854876e-01	   7.6383661637683431e-01	   4.6547505432853220e-01	   4.7379539349419386e-01	   5.2459854138089956e-01	   5.9895761625953547e-01	   4.8735155250699269e-01	   0.0000000000000000e+00	   3.3830294556533858e-01	   1.6612188125087868e-01	   3.6110341720979028e-01	   3.6786652139776993e-01	   2.0341639758603203e-01	   8.3695910541404378e-02	   4.3464001906071226e-01	   4.4676946181257793e-01	   5.5332792153209098e-01	   5.1274974898060965e-01	   4.0766480095964708e-01	   3.4803786261741698e-01	   3.0180054727918298e-01	   4.9006543793623664e-01	   3.3716277759535040e-01	   3.4095624536074398e-01	   3.0420214761093067e-01	   2.9221778330708770e-01	   2.1780994868848569e-01	   7.2176635089256549e-02	   6.7232804111527308e-02	   1.8581205378491272e-01	   4.5465709510167637e-02	   1.1602001268676113e-01	   2.0179839510751105e-01	  -6.6848708033285062e-02	   2.5846443138137243e-01	   1.9338335636186124e-01	   6.2070045035460139e-02	   8.3871761169510617e-02	   2.2042968554268033e-01	   2.4045264375912245e-01	   5.0892733753557251e-01	   4.4272351485880479e-01	   8.6691505535364047e-02	   4.1663072149684244e-01	  -1.2031502949554690e-01	   1.2934504404485145e-01	   5.4027228557397874e-02	   2.9915047400990985e-01	   2.8290669121792972e-01	   1.5425465910104219e-02	   4.2726184932711880e-01	   2.0363647186421749e-01	   6.7519902277010302e-01	   2.8232701484305756e-01	   2.1031615891739455e-01	   2.0058956638647002e-01	   2.2823000499240775e-01	   1.1458397925487210e-01	   8.6495361993134456e-02	   3.8521041577734905e-01	  -2.5382289408169514e-02	   1.1892447410357337e-01	   1.2201453176403687e-01	   3.1471464660378234e-01	   7.9341742604921869e-02	  -5.7448257700939490e-02	  -7.6401296704430494e-02	   1.2030370581099518e-02	   1.6791681715335682e-02	   1.1326933112151044e-01	   1.3750081397360145e-01	   2.8905738961635330e-01	   2.8440146632570196e-01	   7.0602275254675731e-02	   2.6623267223044200e-01	   4.5396907114928420e-01	   1.8334726301563448e-01	   1.7532260301069877e-01	   7.0605743741655375e-02	   1.6351790876580991e-01	  -1.1160178964770176e-01	   2.2232852266009703e-01	
   3.2431904942314294e-01	   3.2313236354566155e-01	   3.2437113510014515e-01	   3.3100906199098595e-01	   5.7937652865619316e-01	   2.4639654665007479e-01	   3.8169880025579117e-01	   1.5675057387630581e-01	   4.4130911375729237e-01	   1.2913572189677952e-01	   5.1190029745941990e-01	   3.5121109431679698e-01	   4.4870564990938699e-01	   2.9190444234535873e-01	   4.0347972680296851e-01	   3.3830294556533858e-01	   0.0000000000000000e+00	   5.2424155058322652e-01	   3.7527501860467810e-01	   1.9075728636706890e-01	   3.5224169821976953e-01	   3.6697085458856704e-01	   3.0243562803501112e-01	   2.3993131778311524e-01	   3.4181397264728880e-01	   3.9838489237699454e-01	   3.2034292749261818e-02	  -7.3127786176031884e-02	   3.6443070572132208e-01	   5.5455948540469246e-01	   6.7723771196632376e-01	   7.3315545076156230e-01	   5.5717984058118097e-01	   5.4253606871055804e-01	   3.1005867172076718e-01	   3.8886390404225973e-01	  -2.4740181210411966e-01	  -3.2630293745490968e-01	  -3.4840573147712667e-01	  -3.0501122628975497e-01	   1.6135215677643683e-01	  -3.2461830325532759e-01	   3.3143791660274147e-01	   4.0504964362245088e-01	   4.5738159057212835e-01	   4.8121364014432483e-01	   3.2327967516794687e-01	   3.2382704745774510e-01	   6.0937913546437816e-01	   5.5055106232822604e-01	   4.8652361414824796e-01	   5.6113268137491312e-01	   2.3663861669038105e-01	   4.6373349367517175e-01	   7.5752746564806683e-03	   5.8826442895363998e-02	   5.0464410835919626e-01	   1.6406017387282709e-01	   4.2709083482165150e-02	  -2.7965155616725768e-01	   5.2448505555459646e-01	   3.9801416980001260e-02	   7.6900377958394661e-01	   4.5975745313574046e-01	   8.3020443303638447e-02	   1.2829017897635187e-01	   4.3184221780294696e-01	   4.9148916918318336e-01	  -2.3326002632252785e-01	   1.1125053300049681e-01	   1.1487341903621308e-01	   5.6550006547310239e-02	  -1.6910163781696111e-03	  -1.6157110194041080e-01	   6.2531917334893994e-02	  -9.8692540136175150e-02	  -1.7950614766903950e-01	  -2.4427945574589530e-01	   5.6261949927244337e-01	   6.3743426126886948e-01	   6.2030052178758432e-01	   6.2694294975654152e-01	  -2.3939264195440463e-01	   8.4909179212436861e-03	   2.0650741919459892e-01	   2.4989501055394728e-01	   3.9523446228268408e-02	  -2.2043901405853766e-01	  -1.9035420425565425e-01	   3.5711432683514077e-01	
