   0.0000000000000000e+00	   8.8368232354267462e-01	   7.3911287598210795e-01	   8.7718390262809565e-01	   2.9265367458107727e-01	   1.6250638475417556e-01	   8.5530243172236786e-01	   7.4072425562385424e-01	   2.3140994130099041e-01	   4.7033564072548750e-01	   6.0100798407272960e-01	   2.5868129070904516e-01	   5.9738918773649163e-01	   1.2972460116926035e-01	   2.7454686590677796e-01	  -1.2191863477569226e-01	   2.1508574884190318e-01	  -4.7418517240621938e-01	   8.9477130011004147e-01	   8.8091807347030726e-01	  -2.0772345817393503e-01	  -3.0740067810393407e-01	   6.0444378358034445e-01	   5.6576348061301163e-01	   1.5096596854147662e-01	  -4.7782966702301546e-02	   2.4998334999541422e-01	   3.3238747487628839e-01	  -5.8500002994918240e-02	  -5.6407342904061974e-01	   3.5330774085078109e-01	   4.6208006858293899e-01	   6.2154721479840924e-01	   6.7495195808350894e-01	   2.6722168895689813e-01	   2.7814562264227882e-01	  -4.0806136322251343e-02	  -3.6171471264057287e-01	  -1.5444323656738360e-01	  -2.0125461833216265e-01	  -7.9623645812700664e-02	  -2.8242489974610774e-01	   2.8790781634391381e-02	  -2.2673300359645415e-01	  -3.2923455128363716e-01	   5.2292736417525076e-02	  -6.6454626558207747e-02	  -7.1040232856752709e-03	  -2.7392821393910866e-01	  -7.9818716915726284e-02	   1.2495562307594701e-01	  -3.1486531197751388e-01	   1.2197446568453571e-01	   1.7829000644988985e-01	   2.4106603325658293e-01	  -9.4412056178838577e-02	   8.8067786135529946e-01	   7.4464622186300844e-01	   8.6085293997700441e-01	   6.5314220420991953e-01	   8.8089395357761779e-01	   4.0583345893285228e-01	   4.6676397263363512e-01	   1.0207955978672414e-01	   5.3125544733165786e-01	   1.4355534451449983e-02	   7.5869248449513849e-01	   6.6907105682561030e-01	   8.6436878072464740e-01	   7.9466927096834628e-01	  -4.2620368189287972e-01	  -5.4256710356238691e-01	   3.1202120029080893e-01	  -8.0085402351032967e-02	   3.3741968666425676e-01	   2.0124805800884354e-01	  -9.1658789269182268e-03	  -8.6385497870084274e-02	   7.1544770296815566e-02	  -5.8322903572993645e-01	   1.3117547265920032e-01	  -4.3979484024421833e-01	   1.2150505987757568e-01	  -1.0058280558782812e-01	   1.9132463732344024e-01	  -1.1761087127045461e-01	   6.8554728988070700e-03	  -4.7474926697620490e-01	   2.6827910307744002e-01	   5.2719505787348457e-03	
   8.8368232354267462e-01	   0.0000000000000000e+00	   6.8054377617818096e-01	   9.0564501286164201e-01	   3.5555947209206162e-01	   1.4316781641570439e-01	   7.8829816467304470e-01	   9.0805189996555935e-01	   1.0502255486312724e-01	   2.2769702775781081e-01	   4.6522834680490899e-01	   4.4072677252406134e-01	   4.9400405384565499e-01	   2.6165247174865597e-01	   1.6771782858640183e-01	  -8.3747482117428870e-02	   1.3425637044699734e-01	  -3.4291227044246986e-01	   8.2355245777535147e-01	   9.2954621999116216e-01	  -1.9701240078776822e-01	  -1.9650308051180232e-01	   6.3108742602490786e-01	   6.3256766572823930e-01	   2.6737348272938732e-01	   1.2855462251998165e-01	   1.0332003587763675e-01	   2.3021528514250458e-01	  -2.0686271312814808e-01	  -4.5503838585303286e-01	   2.9481328594137168e-01	   5.3318232917968833e-01	   6.1223561755399647e-01	   6.9012904221665439e-01	   3.1247464414784892e-01	   3.0147039689492072e-01	  -3.2444693460327120e-02	  -2.2871119508036977e-01	  -7.0682303125671669e-02	  -9.2841806769783097e-02	  -1.4301039432856164e-01	  -2.4961024832764153e-01	   9.7579563523409504e-02	  -1.3443128631984072e-01	  -2.5930745189279825e-01	   1.3818636717936678e-01	   7.6058995178777105e-03	   1.0327101412254880e-01	  -2.1903421168407033e-01	   3.3342827889573254e-02	   3.8849598424842001e-02	  -2.5092519657514467e-01	   1.0647324051761815e-01	   1.9932730646823663e-01	   2.2606810453496434e-01	  -4.0251208970116706e-02	   7.4844681410630443e-01	   8.9542668075644749e-01	   8.2635592678671010e-01	   7.3613726490861153e-01	   7.6978849856804732e-01	   6.4851876589398416e-01	   2.5872614916818332e-01	   3.0336942386487276e-01	   3.9375735801426620e-01	   2.0650367183632748e-01	   7.7885208720115950e-01	   7.2957040693867747e-01	   8.2116759485238477e-01	   8.1470339547836335e-01	  -2.7554446695077611e-01	  -4.0570655370995767e-01	   3.8122566460271229e-01	   9.0220518189496585e-02	   3.7864276674843411e-01	   3.2532443178976089e-01	   1.1863592829364010e-01	   1.1404294947458039e-01	   7.3456112478546401e-02	  -5.3072454213420373e-01	   4.5470331384371808e-02	  -3.7270769009499016e-01	   6.4816204331253702e-04	  -1.5324463565633650e-01	   1.0281807218136488e-01	  -9.0517682381725667e-02	  -4.6795107283042751e-02	  -4.0308703327694906e-01	   2.5585994351243246e-01	   9.1676784265830938e-02	
   7.3911287598210795e-01	   6.8054377617818096e-01	   0.0000000000000000e+00	   8.2672757167341437e-01	  -1.3169312873720267e-02	  -7.1294809735050410e-02	   9.1322704652799236e-01	   7.2413294254439786e-01	  -9.4206466134655525e-02	   2.3857712720062391e-01	   3.6802290109124763e-01	   4.0784790274319838e-01	   4.5832915916162370e-01	   2.8418799202593120e-01	  -2.4966197766005416e-01	   6.6022236767815462e-02	  -1.4214444060507647e-01	  -1.8095675925161381e-01	   6.4595095868927066e-01	   7.9163587116375400e-01	  -2.9252096874111722e-01	  -3.0227821303499458e-01	   8.8151542786638071e-01	   8.5458255541485872e-01	   2.0615762839950241e-01	   1.0099233045003078e-01	  -2.0432397856766188e-01	  -1.4063689134838378e-01	  -1.0074508542369891e-01	  -4.8849404336535218e-01	   3.1393537457224902e-01	   5.1511245838002984e-01	   6.9057532041258007e-01	   7.4648810662873899e-01	   3.4261495135239795e-01	   3.1867032078367719e-01	  -2.4650233231876628e-01	  -5.0633372409647848e-01	  -3.1004033760282967e-01	  -3.8167957152361859e-01	  -1.3614563017542583e-01	  -4.4013401113874717e-01	  -2.3883355820051005e-01	  -4.3799113011518531e-01	  -2.4317446033199047e-01	  -1.1553964723983554e-01	  -3.6210754667800860e-01	  -2.2156841228358470e-01	  -3.3772290846751918e-01	  -1.4052982836573885e-01	  -2.3293554681742998e-01	  -3.5949971913982187e-01	  -3.1390173910163016e-01	   1.6760901078148989e-04	  -1.7025086699546199e-01	  -3.0393745696207053e-01	   6.5585046291488724e-01	   5.5224326202275797e-01	   5.8461313236656309e-01	   2.1342972082910147e-01	   7.2379402133126935e-01	   5.4204279762004814e-01	   2.2058751480689509e-01	   2.8917199086787782e-01	   4.3678630103746163e-01	   3.0262874920869415e-01	   4.8342933518973097e-01	   5.1448820636002057e-01	   5.3271187019510835e-01	   5.9233445302870424e-01	  -3.2035012468048052e-01	  -1.8997332837568529e-01	   9.6471846075430565e-02	  -1.2749770827749540e-01	   3.6119356563355944e-02	   2.9786610239391298e-01	  -7.3867511129925942e-02	  -1.3139456329460172e-02	   1.8974114541380954e-02	  -4.6102919219274024e-01	   1.2436744604845108e-02	  -2.9333309829762372e-01	  -1.4894704046743260e-01	  -1.4286166419787447e-01	  -1.9457654318057660e-01	  -1.3313872735514137e-01	  -3.2107714253893066e-01	  -4.6399760608182294e-01	  -2.4425407766188570e-01	   2.2492803772920242e-01	
   8.7718390262809565e-01	   9.0564501286164201e-01	   8.2672757167341437e-01	   0.0000000000000000e+00	   2.5097607368186969e-01	   1.4679744820880877e-01	   8.3652500299115962e-01	   8.7149625657978924e-01	   1.1479693644630909e-01	   2.1887263556348341e-01	   4.0941163435950728e-01	   4.4013012904790400e-01	   4.4953826110804712e-01	   3.0194654811445298e-01	   8.7231406843772327e-03	  -1.8115337409965168e-02	   3.8097215787263584e-03	  -3.0168908223800106e-01	   7.7496619769029795e-01	   9.3344579487179524e-01	  -2.2987209418339344e-01	  -1.9682014873761561e-01	   7.0684286258468165e-01	   7.7883251848467749e-01	   2.6349414368822799e-01	   1.5198984594972148e-01	   4.8638444220531041e-02	   1.6619432479879043e-01	  -2.6322596923930619e-01	  -5.4824432826914882e-01	   2.6560063611229245e-01	   5.1981557455491911e-01	   6.2810072435815656e-01	   7.3231201486246744e-01	   3.9547860419778447e-01	   4.3438109083791621e-01	  -1.4505355074149812e-01	  -3.7985993045104294e-01	  -2.3423074569064301e-01	  -2.5771919559549822e-01	  -2.2775113968107497e-01	  -4.2430841920146600e-01	  -5.6666351406433918e-02	  -2.9809565115016046e-01	  -2.8892098893032531e-01	   7.2415015863220675e-02	  -1.9880341585789549e-01	  -8.4206818723924465e-02	  -2.2636424063804567e-01	   5.0122948639864440e-02	  -1.2818873190821832e-02	  -2.2420045181377718e-01	  -3.8368745087982978e-02	   1.7132233287649853e-01	   8.4631004550185657e-02	  -1.6028147656431493e-01	   7.4999194355087540e-01	   8.0402532722519249e-01	   7.8323813866207459e-01	   5.9851778604460248e-01	   7.8808794830964490e-01	   6.4483145172904965e-01	   2.8531019110429634e-01	   3.2481974549081477e-01	   4.9191811798759777e-01	   3.1144588806645396e-01	   6.8992652383845998e-01	   7.0721808252676610e-01	   7.8111266990481099e-01	   7.5896045377332122e-01	  -3.8388154579827671e-01	  -3.9264685478156069e-01	   2.1863940785888764e-01	  -5.2816374374822034e-02	   2.4517921293370967e-01	   3.3877415235287156e-01	  -6.6937412732643812e-03	   2.0963541130127487e-02	  -2.0121101124721177e-02	  -4.9399362444244366e-01	  -2.5804380637642239e-02	  -3.9547987580252697e-01	  -9.3436696122645435e-02	  -1.6681981576725025e-01	  -4.9605687519776523e-02	  -9.4164028504420322e-02	  -2.0175846101103601e-01	  -5.1988353268911158e-01	   1.0426113888139443e-01	   1.8839782498209257e-01	
   2.9265367458107727e-01	   3.5555947209206162e-01	  -1.3169312873720267e-02	   2.5097607368186969e-01	   0.0000000000000000e+00	   5.0368175517559854e-01	   1.0695839221405878e-01	   3.9374597731662592e-01	  -7.0036074168557311e-02	   3.7242660358160184e-01	   1.9348455797016170e-01	   7.9236128170039902e-02	   3.6274112840623229e-01	   1.2158873183071767e-02	   5.2467788558876705e-01	   2.3267019107471537e-01	   5.8595705853195068e-01	  -2.8458606830365074e-01	   3.9204275832161944e-01	   3.0088446600712415e-01	  -6.4761134159747033e-02	   3.5448437148123971e-02	   9.8502299622379885e-02	   5.0111637236123753e-02	   6.9889779738771873e-01	   4.1955240303876035e-01	   3.5966442286521683e-01	   3.6185486332817562e-01	  -6.2143498993883200e-03	  -6.1016133840690739e-02	   1.0349934292654053e-01	   4.3376609538907762e-01	   9.0702562872304049e-02	   1.8514294398296122e-01	   4.9275334954233696e-01	   3.5910487164986082e-01	   7.3767529237374019e-01	   5.0784090001406079e-01	   5.7813570762688504e-01	   6.1185100590309371e-01	   3.4061824137018970e-01	   4.0147874100419256e-01	   6.4424742180748562e-01	   4.5135070357015594e-01	   1.5810022184916234e-01	   5.6663178923140689e-01	   5.1365706601062766e-01	   4.9401917993951794e-01	   4.1263085166487801e-01	   4.0428400869144782e-01	   6.0636001518778593e-01	   1.6593014677369486e-01	   5.1887851911588789e-01	   2.9334289414243353e-01	   8.2153338061848635e-01	   4.4337056219325133e-01	   2.1635309577456741e-01	   2.2511507469174158e-01	   4.8751894822415920e-01	   4.0436203825478978e-01	   2.6850954669595845e-01	   1.0993056674344334e-01	   1.2751578919132878e-01	  -1.3256569355293435e-01	   4.3956092903998889e-01	   2.1094541829146105e-01	   6.3884333538708882e-01	   6.6408505835773890e-01	   4.3083390928539911e-01	   3.5682365016089790e-01	   1.1665505901452719e-01	  -2.9704190458556423e-01	   6.8472187758578396e-01	   3.2746572107733979e-01	   4.4475505475327853e-01	   1.1249852456803022e-01	   1.8392212820757409e-01	   2.2432745096087209e-01	   5.3568555820410524e-01	  -3.7557968653032547e-01	   2.7162109618544261e-01	  -1.5609348643272731e-02	   3.9818026700188552e-01	  -2.8485945180543731e-02	   5.9873266370833178e-01	   2.2334913246239074e-01	   6.1343457568146953e-01	   1.3897253356468378e-01	   7.4642064665234109e-01	   1.8631736754441974e-01	
   1.6250638475417556e-01	   1.4316781641570439e-01	  -7.1294809735050410e-02	   1.4679744820880877e-01	   5.0368175517559854e-01	   0.0000000000000000e+00	  -7.0835405470594165e-02	   1.8435386068609960e-01	   6.2134014836129382e-02	   4.5082543826754862e-01	   1.4002522698029407e-01	   6.8899098520913957e-02	   1.3224840021623799e-01	   5.5690700850065264e-02	   4.3322682804473883e-01	   3.2829296018430121e-01	   3.8952856110701123e-01	  -2.3404236726772415e-01	   1.5985403945042947e-01	   1.2267405843668025e-01	   1.4730814257052645e-02	  -1.0019803859978182e-01	   1.7763833748391324e-02	   7.8968824889501466e-02	   2.9323817886782844e-01	   2.2837963667517872e-01	   4.7271314238092194e-01	   4.1704428354888723e-01	   1.0022748093025302e-01	   4.6999042357342515e-02	   2.6509317268814742e-01	   4.0133785816983791e-01	   1.5293009541755709e-01	   2.0664099733246899e-01	   1.9310948701112943e-01	   1.9324261983463598e-01	   5.7070037312751354e-01	   4.3043126545750288e-01	   4.1746384991462521e-01	   4.8954054032017813e-01	   3.7197189336546022e-01	   3.9762119309037403e-01	   3.6226074228811089e-01	   3.3595444954735254e-01	   5.5731918467883598e-02	   3.6890595462197273e-01	   2.9181962932995847e-01	   2.6216695370688120e-01	   3.3197751818532373e-01	   2.9638341431928772e-01	   5.8730507001335686e-01	   2.7500926883488369e-01	   5.0269797755895929e-01	   2.4534786885156920e-01	   5.8141809392434562e-01	   4.3328166500737619e-01	   1.1243273107143525e-01	  -9.0637761873449841e-03	   2.2536054431071439e-01	   2.1856940912743178e-01	   1.2530882078078553e-01	   2.0501610945283723e-02	   2.5005019432481673e-01	  -1.0330462062299200e-01	   2.7943650277046872e-01	   1.8369794682570087e-01	   2.5921486561020107e-01	   3.5454278808285050e-01	   1.6544742249779740e-01	   8.4863374418049004e-02	  -4.6715137528051363e-02	  -2.5585590348743070e-01	   3.1907598016998534e-01	   5.4413161926581619e-02	   2.0120762581477003e-01	  -4.4267028858242753e-03	  -1.9790943421050916e-01	  -1.2285074133338207e-01	   3.1525183894893993e-01	  -1.3123150540425402e-01	   2.5469101492448298e-01	   8.3397112861217274e-02	   4.6650392904969162e-01	   1.7798814463364065e-01	   4.8054070011599476e-01	   2.4916665741176003e-01	   5.1030914707177255e-01	   1.3332032333468105e-01	   5.3166944523320214e-01	   1.0758950573747973e-01	
   8.5530243172236786e-01	   7.8829816467304470e-01	   9.1322704652799236e-01	   8.3652500299115962e-01	   1.0695839221405878e-01	  -7.0835405470594165e-02	   0.0000000000000000e+00	   7.7544398005782722e-01	  -3.6861680115541723e-02	   3.5298428187456687e-01	   5.2607207143676105e-01	   4.2278304958303636e-01	   6.1649501593708378e-01	   2.7212681144741913e-01	  -6.8072214808733392e-02	   1.5427604283904144e-02	  -1.9695505692869128e-03	  -2.9191966111125356e-01	   7.6287762013547267e-01	   8.4671523334225007e-01	  -2.8440802179418040e-01	  -3.5058538476826917e-01	   8.1128326271833717e-01	   7.4508259134431731e-01	   2.4896858794445315e-01	   1.0515455241491042e-01	  -4.2779279043803901e-02	   2.5802366535020532e-02	  -7.9948447528144881e-02	  -5.0754905711645060e-01	   3.4162587754514018e-01	   5.3083184488792035e-01	   7.0218078470194834e-01	   7.2340801756136508e-01	   3.5138123472719029e-01	   3.3855406832638524e-01	  -1.7333093476980282e-01	  -4.6003848432992422e-01	  -2.3383040693310941e-01	  -2.9170447611679451e-01	  -8.6485753500214382e-02	  -3.5670756053672537e-01	  -8.9527094324394541e-02	  -3.0282095882675453e-01	  -2.5169787331904603e-01	   1.7263761824427619e-02	  -2.0505431203203664e-01	  -7.2869076000142724e-02	  -3.2880394442602445e-01	  -7.8097740502847790e-02	  -7.2085126276025285e-02	  -3.0676404823470865e-01	  -1.3503906730569148e-01	   1.6529408932468484e-01	   1.4218104699659444e-02	  -1.5055416454812670e-01	   7.3904280141051371e-01	   6.3394711169040630e-01	   7.2826799478080906e-01	   3.9044501738073190e-01	   8.1750866249536558e-01	   4.8872542865810159e-01	   3.1093570857704456e-01	   2.2706023539426923e-01	   4.9757151263818594e-01	   2.0761759714220021e-01	   6.7824207489607014e-01	   6.3870915031321296e-01	   6.3794139957903251e-01	   6.2741976609829542e-01	  -3.4409050594855772e-01	  -3.0085118740362854e-01	   2.1793973390229665e-01	  -5.8614731806571070e-02	   1.3628291476877846e-01	   2.7390424048869078e-01	  -3.5303828471945589e-02	  -6.2673089016450638e-04	   5.7676118672415691e-02	  -5.4752838178640473e-01	   9.6326523502353073e-02	  -3.1542960620511717e-01	  -6.9883291842419787e-02	  -1.0259206451624925e-01	  -2.3910671533986377e-02	  -2.5756402734125817e-02	  -1.8592334625589224e-01	  -4.3858243629295207e-01	  -5.7630008334958863e-02	   2.2139035306975774e-01	
   7.4072425562385424e-01	   9.0805189996555935e-01	   7.2413294254439786e-01	   8.7149625657978924e-01	   3.9374597731662592e-01	   1.8435386068609960e-01	   7.7544398005782722e-01	   0.0000000000000000e+00	  -2.0165841960517927e-01	   1.5950593686013453e-01	   2.3819399453247825e-01	   4.7396610727449373e-01	   3.6925499082359325e-01	   2.6485223432635308e-01	  -6.4366689615753911e-02	   2.2089077116561034e-02	   9.4425048284628617e-03	  -2.8235304233914821e-01	   7.1479060075416001e-01	   8.7848481222288299e-01	  -3.1026107138532011e-01	  -2.0905836839138248e-01	   7.0915887718248682e-01	   7.0673329134276430e-01	   4.0023198062514187e-01	   2.4668533077484203e-01	  -7.1434338152732840e-02	   2.2575927675266429e-02	  -3.3100485472355429e-01	  -4.1071400076972109e-01	   2.0248257887462856e-01	   6.0554750650328593e-01	   5.8685605930931295e-01	   6.8432797925883537e-01	   4.0513940020954797e-01	   3.3673558045792873e-01	   2.2640791565337839e-02	  -1.7670970226016652e-01	  -1.7765818671869469e-02	  -2.3506020552530017e-02	  -1.0516710737595934e-01	  -2.4017506993066917e-01	   7.8056616977945137e-02	  -1.2933956098510549e-01	  -2.1016442588097309e-01	   2.1052818255753278e-01	  -4.9930649893419672e-02	   1.0185798695788793e-01	  -1.1336267989059542e-01	   1.3516512652431342e-01	  -5.7116099560946734e-03	  -2.3873259054575455e-01	  -1.6377623128965534e-02	   1.5747562878652127e-01	   1.5467756564873852e-01	  -3.5954684571914808e-02	   5.1343501819681403e-01	   7.4010123567178943e-01	   7.7694484242368311e-01	   5.7833422982649552e-01	   6.8815669707766092e-01	   7.3306215524791130e-01	   6.9175785672204365e-02	   3.5192912353245154e-01	   3.4227803770769838e-01	   4.1642050497050398e-01	   7.1964886559144436e-01	   7.7223817591332988e-01	   6.1594151776656259e-01	   7.2765382783119836e-01	  -1.4170587898910625e-01	  -2.3221262071127863e-01	   3.6597396768171186e-01	   1.2067913049181317e-01	   1.8922482605123450e-01	   2.8966433107567957e-01	   7.4652208765215292e-02	   2.3034806863463458e-01	   8.3258579004625938e-02	  -5.8515648315575974e-01	  -4.7390849284572448e-02	  -3.4031424107106018e-01	  -1.6261765892126795e-01	  -2.7913138443795488e-01	  -5.2650683369392680e-02	  -6.7398422902526955e-02	  -1.3635654891136900e-01	  -3.7553880597571715e-01	   1.2224891950028620e-01	   2.1584868671195709e-01	
   2.3140994130099041e-01	   1.0502255486312724e-01	  -9.4206466134655525e-02	   1.1479693644630909e-01	  -7.0036074168557311e-02	   6.2134014836129382e-02	  -3.6861680115541723e-02	  -2.0165841960517927e-01	   0.0000000000000000e+00	   7.6635508331290861e-02	   4.9605053375854025e-01	   4.6444717276571588e-02	   2.4138730647050266e-01	   1.7764001569821836e-01	   4.9451615449032893e-01	  -1.3350304452983519e-01	   2.3258506342833249e-01	  -2.5880540547355514e-03	   9.8808562941727990e-02	   2.5588002193284156e-03	   3.4899915776928814e-01	   1.7673037573158940e-01	  -1.7825537763453575e-01	  -4.8307842471756554e-02	  -3.1382066456810792e-01	  -1.5740848513972672e-01	   3.8507965593750992e-01	   4.4750773081864698e-01	   2.1682723493582462e-01	  -4.6450787384248821e-02	   2.5209391956388716e-01	  -1.7200449949232094e-01	   1.3264742056196535e-01	   8.0589486702289104e-02	  -6.1079956574296337e-02	   6.5920598069030917e-02	  -2.8076585293196799e-01	  -2.3483208504416819e-01	  -3.0563174125296200e-01	  -3.0686774850416421e-01	  -2.5225397893193779e-01	  -1.4909213789138306e-01	  -9.0973233106357021e-02	  -1.7242886881068051e-01	  -7.6597221226743686e-02	  -1.9721202766384088e-01	  -3.5727710985125984e-02	  -2.0732495531476308e-01	  -1.4536355241819027e-01	  -1.7086304387261053e-01	   1.0634422796021187e-01	   6.6077987413820261e-02	   2.6205415276174976e-01	   2.9427018665270799e-02	   6.7412578616262750e-02	  -1.2675410202159845e-01	   4.6618308153035593e-01	   3.1956587068216480e-01	   1.0547291362065606e-01	   3.4625378267133267e-01	   2.3044046020177622e-01	  -4.6645635290628830e-03	   5.6616125099800141e-01	   5.3288585815502790e-02	   3.1553130514988470e-01	  -2.5704108591453434e-01	   7.3190162059099659e-02	  -1.3387194935046626e-01	   3.7496491125698461e-01	   1.2687590689983200e-01	  -2.1518584336064600e-01	  -2.4813448429777224e-01	  -1.8804887959250394e-01	  -1.8736234428663151e-01	   3.3581872323765904e-01	  -1.6120523515375500e-02	   1.3743885218862937e-02	  -4.1828325307541753e-01	  -1.5793541942395037e-01	   3.3335844746587645e-01	   1.8198153261886044e-01	   1.0692231573962729e-03	   2.8071122322308245e-01	   3.4591967531545542e-01	   2.4414337579427978e-01	  -8.2227961533691454e-02	   7.4538909793484348e-02	  -1.6121997882832687e-01	   3.0329658304221457e-01	  -2.6017255625968222e-01	
   4.7033564072548750e-01	   2.2769702775781081e-01	   2.3857712720062391e-01	   2.1887263556348341e-01	   3.7242660358160184e-01	   4.5082543826754862e-01	   3.5298428187456687e-01	   1.5950593686013453e-01	   7.6635508331290861e-02	   0.0000000000000000e+00	   3.5254161024408848e-01	  -6.7563276337895342e-02	   3.7413074159334248e-01	  -1.1011230172395509e-01	   4.5021324284173880e-01	   2.5556689363354912e-01	   4.1744845025684230e-01	  -3.9697973585682211e-01	   5.0935366701382323e-01	   2.9463625404052274e-01	   3.3882365538798935e-03	  -3.2083110402430137e-01	   2.3888894536144917e-01	   1.3218245584109495e-01	   3.3447167573252773e-01	   5.7103673756703860e-02	   4.6425216443923750e-01	   3.7567708326432420e-01	   3.9120734743619512e-01	  -1.5256889916106819e-01	   4.2032823887470189e-01	   3.7381456058978058e-01	   3.5774786162552918e-01	   3.1276601890222233e-01	   1.4809752416738986e-01	   1.2994449547855935e-01	   4.2673330160625744e-01	   5.7184598541681647e-02	   3.0713345245786672e-01	   2.4757836007161294e-01	   4.7492428385456753e-01	   2.8200260017331213e-01	   1.9046395594204513e-01	   9.5500790360112220e-02	  -1.1026292367919072e-01	   5.3521687475373933e-02	   1.4244630942838149e-01	   6.6647879801553608e-02	  -1.6538617666346990e-02	  -1.0408906243451022e-01	   4.4356723819328370e-01	  -1.1258934127661085e-01	   2.7846276569451939e-01	   1.0229924148732689e-01	   4.5109055373307666e-01	   1.7212615365975481e-01	   4.6014284809660821e-01	   1.7128584401830349e-02	   4.1389703528932142e-01	   1.1592917663687619e-01	   4.0351552070502478e-01	  -2.1164941144018656e-01	   3.8428153594021802e-01	  -3.8383770056226207e-01	   4.3681204116753131e-01	  -1.6821317376794356e-01	   4.8807453404156292e-01	   4.1293172167644482e-01	   4.2024382131390980e-01	   3.4305608441543245e-01	  -1.6080299917698918e-01	  -4.0343508538548079e-01	   3.7970079748915742e-01	  -1.2643180336431067e-02	   2.3238253864322383e-01	  -2.8143567033604083e-02	  -1.1739380728379710e-01	  -1.9146298355480418e-01	   4.1194749698508248e-01	  -3.9278194933978750e-01	   4.8343229265943605e-01	  -4.7403316915334517e-02	   5.2203669134132680e-01	   2.9052447857872238e-01	   5.7091643101032985e-01	   1.6799285924083890e-01	   5.2676627745468707e-01	   8.8892429436847692e-02	   3.2482413340722160e-01	   1.5620305252507635e-03	
   6.0100798407272960e-01	   4.6522834680490899e-01	   3.6802290109124763e-01	   4.0941163435950728e-01	   1.9348455797016170e-01	   1.4002522698029407e-01	   5.2607207143676105e-01	   2.3819399453247825e-01	   4.9605053375854025e-01	   3.5254161024408848e-01	   0.0000000000000000e+00	   4.5282735066447416e-01	   8.8412195621658052e-01	   4.9911773695844008e-01	   6.1044287304299505e-01	   1.4415765113585122e-01	   5.4809974435321041e-01	  -4.8879052491846292e-02	   5.1924201754664667e-01	   4.0676681640553991e-01	   1.6897857572931196e-01	  -5.5409649605309960e-02	   4.1738216349609181e-01	   3.3685032388245884e-01	   1.6295127224990730e-01	   1.8515608375735970e-01	   4.7023453777803670e-01	   4.3098233520210155e-01	   4.5740853402836623e-01	  -4.0002330519144723e-02	   7.0585685543603505e-01	   4.7206872421033630e-01	   6.4022192970572311e-01	   5.7276113962561881e-01	   3.5766302641525832e-01	   3.6649106170979834e-01	   5.4938750081822724e-02	  -6.5627793250643107e-02	  -3.5456660109942723e-02	  -4.6454195634046583e-02	   1.4772105078664835e-01	   1.2389823637692943e-01	   2.5112653211123848e-01	   6.9412398436211095e-02	   1.0326807582993069e-01	   1.8130526378688494e-01	   1.9154336625127805e-01	   1.5892215870277102e-01	  -1.8563644696800291e-01	  -5.1222328580314669e-02	   2.7541088884806220e-01	   4.1151439349957686e-02	   3.1565505694752077e-01	   2.5498871286532637e-01	   4.0045030926421921e-01	   1.8628806824006730e-01	   7.2230836333889648e-01	   4.8495676117560499e-01	   4.1796465932032767e-01	   3.9560078476394145e-01	   6.6449996518878474e-01	   2.0252935857310000e-01	   8.0109293796783132e-01	   2.3572050240983849e-01	   7.1532109781129416e-01	   2.5635696863408768e-02	   5.7121077528008790e-01	   3.7471498304613771e-01	   5.2947232868983107e-01	   2.5476831295938712e-01	  -1.4663661828375771e-01	  -2.6754192242288094e-01	   3.7047531238220255e-01	   1.5434854229259656e-01	   5.5647704789592856e-01	   3.0945416064726128e-01	   7.8052214687397967e-02	  -2.0473642367973982e-01	   3.2245332864318449e-01	   6.8055270292192108e-03	   5.1093267246412288e-01	   1.4069953160504745e-01	   5.7831887476347876e-01	   4.1565841994028707e-01	   5.5472471508720944e-01	   2.4357891899582812e-01	   2.9839808721811178e-01	  -1.7149046010579896e-01	   4.4645100638943391e-01	   6.4900483907225109e-02	
   2.5868129070904516e-01	   4.4072677252406134e-01	   4.0784790274319838e-01	   4.4013012904790400e-01	   7.9236128170039902e-02	   6.8899098520913957e-02	   4.2278304958303636e-01	   4.7396610727449373e-01	   4.6444717276571588e-02	  -6.7563276337895342e-02	   4.5282735066447416e-01	   0.0000000000000000e+00	   4.0655072893148747e-01	   9.0913795797447028e-01	  -8.4658808317127993e-02	   5.8000704680062576e-01	   4.5240677194309672e-02	   4.5275699726347390e-01	   6.1039217216612512e-02	   3.4835823118682069e-01	   2.7695893125302651e-01	   2.5278511625969119e-01	   5.6612576695072070e-01	   6.5377217301580592e-01	   4.6263034482691534e-01	   7.1203146758921199e-01	  -1.3441384478192947e-01	   1.1361399458516259e-02	   2.2905530852353007e-01	   2.7416248076127803e-01	   4.4673932919671533e-01	   5.6663401142485625e-01	   6.1541538792083761e-01	   6.0208243334544176e-01	   5.1824248051874366e-01	   5.2750969771606737e-01	  -5.5881463786138452e-02	   5.7652782245999276e-02	   1.7715335606018769e-02	   3.5733446300394406e-02	   1.3135349884841188e-01	   5.6480505184397581e-02	   2.2651289584096693e-01	   1.6999889977055360e-01	   4.0594907173327904e-01	   3.8637945349966429e-01	   1.1397637076944639e-01	   2.3825023686090824e-01	   1.1251614013866629e-01	   3.7588692237742755e-01	   9.8736537425907211e-02	   3.4899302849649577e-01	   4.2502834347183403e-02	   3.5998694198789094e-01	   7.2693836187437050e-02	   2.5432825811705045e-01	   3.2721031050290128e-01	   5.1549795712996271e-01	   2.2571085025932641e-01	   1.7502927315331254e-01	   3.8334431321976215e-01	   6.8377212146257815e-01	   2.9552525883120112e-01	   7.6914533378140937e-01	   4.6360108071448158e-01	   6.4156446833487135e-01	   4.1317093898263568e-01	   4.8197680690250955e-01	   1.4965450590522728e-01	   4.8473519903242550e-02	   2.4370754030999270e-01	   3.6294292154450236e-01	   1.9955563935761950e-01	   4.1421056326994315e-01	   2.6038236913437163e-01	   6.5485879696884830e-01	   2.7215955803471370e-01	   3.0710745326982775e-01	   2.0803319866303344e-01	   2.0634457768883435e-01	   3.8252218825766054e-01	   5.0000372448282593e-01	   1.2811881356589538e-01	   4.1928443028132367e-01	   1.0151329181718335e-01	   5.2513000693463163e-01	  -6.4261895970225885e-02	   1.9440787839695117e-02	  -5.3246661660983623e-02	   5.5845028187076817e-01	
   5.9738918773649163e-01	   4.9400405384565499e-01	   4.5832915916162370e-01	   4.4953826110804712e-01	   3.6274112840623229e-01	   1.3224840021623799e-01	   6.1649501593708378e-01	   3.6925499082359325e-01	   2.4138730647050266e-01	   3.7413074159334248e-01	   8.8412195621658052e-01	   4.0655072893148747e-01	   0.0000000000000000e+00	   4.6097409279949730e-01	   5.1672977708355916e-01	   1.6734340753793689e-01	   5.8942207916179534e-01	  -2.7280721094247895e-02	   6.1175297405989704e-01	   4.7658006152842214e-01	  -2.1026405851709042e-02	  -1.9107544295777926e-01	   5.0970845262531006e-01	   3.7284636491962064e-01	   3.5239629529597472e-01	   2.3734892996931628e-01	   3.9903593550706956e-01	   3.3377081007805975e-01	   2.8573782865161834e-01	  -1.2593840981615845e-01	   6.1771392751795884e-01	   5.6222375821367165e-01	   6.4946080757018709e-01	   6.2721917439130159e-01	   5.1416682755521881e-01	   4.5619334119502575e-01	   1.6404823981909175e-01	  -3.2616616819354675e-02	   3.9145366917630570e-02	   3.4914163733505775e-02	   1.8910225412329393e-01	   1.0315240284018877e-01	   3.0740158866279937e-01	   6.4712040943391197e-02	   7.9662457962496103e-02	   2.9096358294058772e-01	   1.8827328394718496e-01	   1.7006522046709882e-01	  -9.2317813014327940e-02	   4.6628700893778047e-02	   2.9063042038014941e-01	   8.9063777963221541e-03	   2.4036003089193456e-01	   2.5141916178403123e-01	   4.6725191771363006e-01	   2.0071019335032167e-01	   6.4564038540871860e-01	   3.9732724475379688e-01	   4.8661324327837685e-01	   2.9629226246668461e-01	   7.0192024882374182e-01	   1.9521640920631159e-01	   7.1093875538507811e-01	   1.7781276748144437e-01	   7.6739986754817791e-01	   1.5677248293670107e-01	   6.1995562131561299e-01	   5.0795891219504641e-01	   5.0689593990971760e-01	   2.8742984493311802e-01	  -2.0088162244843638e-01	  -3.4247966214113917e-01	   4.5484519078688951e-01	   1.5112513452345006e-01	   4.4604878763272943e-01	   2.2305039308266292e-01	  -5.8493322060559502e-02	  -1.9652695596955325e-01	   4.6104956983917122e-01	  -1.1867977063232224e-01	   4.8286060239194117e-01	   8.9435975422141489e-02	   4.7718796687994119e-01	   3.1140127015268265e-01	   4.9296534449067558e-01	   2.2688285256767660e-01	   3.2360127492804824e-01	  -1.8047829983710931e-01	   4.5612153083110651e-01	   1.3847581348491289e-01	
   1.2972460116926035e-01	   2.6165247174865597e-01	   2.8418799202593120e-01	   3.0194654811445298e-01	   1.2158873183071767e-02	   5.5690700850065264e-02	   2.7212681144741913e-01	   2.6485223432635308e-01	   1.7764001569821836e-01	  -1.1011230172395509e-01	   4.9911773695844008e-01	   9.0913795797447028e-01	   4.6097409279949730e-01	   0.0000000000000000e+00	  -2.6637720315791907e-03	   5.7879134230236229e-01	   1.7569357114250034e-01	   6.5013056459180374e-01	  -6.0223744566953410e-02	   1.7196814072499716e-01	   3.6168369261326705e-01	   2.5872332800195785e-01	   4.6748487811887418e-01	   5.4956593216835414e-01	   4.0927497237649552e-01	   6.6475034310892767e-01	  -1.0866933169111812e-01	  -6.3306651347615289e-02	   3.2547844743181414e-01	   4.2538100280502600e-01	   5.0361806443035673e-01	   4.9074138826412145e-01	   5.7313161663518020e-01	   5.5040438274692483e-01	   5.4075724717623153e-01	   5.4862908149034806e-01	  -7.3785352418408515e-02	   1.0854690548678579e-01	   7.2159140084048076e-03	   3.2618937126597421e-02	   1.8120077842442509e-01	   1.3741477837192570e-01	   2.6063044993923162e-01	   2.0599344198611069e-01	   4.9084132255855806e-01	   3.7569708397812562e-01	   1.6329617103308533e-01	   2.2927920582476397e-01	   1.2882879091462951e-01	   3.6673065536732252e-01	   1.4560029851621770e-01	   4.5009941928296604e-01	   1.2143134078687944e-01	   3.7774030768528688e-01	   1.0243265209166180e-01	   2.7990611383369041e-01	   2.7528025353205804e-01	   3.8813994794241169e-01	   3.4536623757046477e-02	   3.5924430880342226e-03	   3.0281549115802342e-01	   5.1228415540094119e-01	   4.3580452610509823e-01	   7.0978538440407590e-01	   5.1172798110160900e-01	   5.5743226103699284e-01	   2.7175158264959520e-01	   3.3474771556420851e-01	   7.9868956300091359e-02	  -1.1424705044730721e-01	   1.9296229013643218e-01	   3.2837066266512077e-01	   1.3904080800554897e-01	   4.3912950177495252e-01	   2.6044051026947734e-01	   5.9027490491395440e-01	   1.8032966004052295e-01	   1.5165645209420192e-01	   2.7512231566848661e-01	   4.4246989980719043e-01	   5.0008126828894717e-01	   6.5284542697461723e-01	   1.8579744031824005e-01	   5.9638145979091561e-01	   1.5623480891991520e-01	   5.7076551252361707e-01	  -1.2063053450463577e-02	   9.9096700334005416e-02	   1.2855710167638095e-02	   5.1063097644374800e-01	
   2.7454686590677796e-01	   1.6771782858640183e-01	  -2.4966197766005416e-01	   8.7231406843772327e-03	   5.2467788558876705e-01	   4.3322682804473883e-01	  -6.8072214808733392e-02	  -6.4366689615753911e-02	   4.9451615449032893e-01	   4.5021324284173880e-01	   6.1044287304299505e-01	  -8.4658808317127993e-02	   5.1672977708355916e-01	  -2.6637720315791907e-03	   0.0000000000000000e+00	   8.9645280519067734e-03	   7.6122964683450134e-01	  -2.7501451053752035e-01	   3.8405221823295077e-01	   4.0107239220005614e-02	   2.7406483615633387e-01	   1.1321488532688248e-01	  -1.7518944388858690e-01	  -2.8494627602618100e-01	   9.5740574943487908e-02	  -1.1850490290112915e-02	   8.0536303059240066e-01	   6.6680331353791855e-01	   3.9536393154755256e-01	   7.7560872884123999e-02	   3.8396687544404284e-01	   1.2739146564204740e-01	   8.6898986386066329e-02	   5.1827606286921395e-02	   7.0944688780118240e-02	   5.9587192954484086e-02	   4.5396281715718401e-01	   3.4712094802226612e-01	   3.3152854099712514e-01	   3.3990525939333105e-01	   2.9966726591113213e-01	   4.8161152039130550e-01	   4.8583786996195955e-01	   3.6875777219591477e-01	   5.4885639906975203e-02	   2.4976594136937702e-01	   4.9943505835241830e-01	   3.1188240201590822e-01	   1.3189120778912822e-01	   1.2144216507157203e-02	   5.7095129531567923e-01	   7.8855403951923558e-02	   6.3824656179723926e-01	   1.4244614013965920e-01	   6.8436993794545620e-01	   3.1150647408569310e-01	   3.2761128484410879e-01	   1.4820165907601632e-01	   2.3146808775464972e-01	   4.3337258694249020e-01	   2.2906304854446663e-01	  -1.8967697656669352e-01	   5.5859875971817952e-01	  -2.3639921515101864e-01	   4.3861017747193143e-01	  -2.6124317094821548e-01	   3.5700251294446106e-01	   1.5621353620795847e-01	   3.9050868630878954e-01	   1.7065560719993300e-01	   1.3826751111436487e-02	  -4.0242915350068603e-01	   5.1295605102661124e-01	   1.7951692930180421e-01	   6.5195792274977327e-01	  -5.5502305407097365e-02	   1.2682551714960438e-01	  -1.7961081841878387e-01	   4.2274000184524563e-01	  -2.3928622250151591e-02	   4.1798781194865708e-01	   3.3811649397912903e-02	   7.5297274504667566e-01	   3.1628719487927337e-01	   8.1808572533630119e-01	   9.9705668546103993e-02	   6.8791529695632192e-01	   1.0709214001840273e-01	   8.7190451023313165e-01	  -2.3157677966154727e-01	
  -1.2191863477569226e-01	  -8.3747482117428870e-02	   6.6022236767815462e-02	  -1.8115337409965168e-02	   2.3267019107471537e-01	   3.2829296018430121e-01	   1.5427604283904144e-02	   2.2089077116561034e-02	  -1.3350304452983519e-01	   2.5556689363354912e-01	   1.4415765113585122e-01	   5.8000704680062576e-01	   1.6734340753793689e-01	   5.7879134230236229e-01	   8.9645280519067734e-03	   0.0000000000000000e+00	   5.2378081109207303e-02	   3.9779655525717739e-01	  -2.2016552210039114e-01	  -8.2670189301548208e-02	   3.7330222327813095e-01	   2.6362640294294393e-01	   2.3353438504470125e-01	   3.0966300273746394e-01	   6.0716971905680861e-01	   6.7952766751940941e-01	  -2.8355380075517637e-02	   2.1241971788882288e-02	   3.5617766663490097e-01	   3.9326128469407917e-01	   2.2294591657381690e-01	   3.6543407102856845e-01	   1.9459721668362956e-01	   1.8609047906333778e-01	   4.0738724089532996e-01	   4.0798373527928733e-01	   3.9736174851078232e-01	   4.5803206103292204e-01	   4.4777634214752998e-01	   4.3413580792255224e-01	   4.9833118569903689e-01	   4.1112337825212403e-01	   4.3922204923095987e-01	   4.6564973756386907e-01	   5.2291346105304515e-01	   4.6123372192030371e-01	   3.6288044198227665e-01	   3.7782399908450859e-01	   4.4611604157434914e-01	   4.9772558452237814e-01	   4.2235791196532579e-01	   5.4268392414583255e-01	   2.2949486819417433e-01	   4.4115210033152696e-01	   2.6719453116276948e-01	   5.0716666868629656e-01	  -1.3232594127346842e-02	  -6.1744917918311062e-02	  -9.2605204942821442e-02	  -2.5569792941666880e-01	  -6.4600806837117206e-02	   1.4820476283727979e-01	   1.1710600751495222e-02	   2.7251263746797233e-01	   3.8162291288321770e-01	   5.5654373984217398e-01	   1.2403605876705520e-01	   2.7920093947401403e-01	  -1.7166617747950233e-01	  -2.8450766524090421e-01	   2.8679754160940762e-01	   4.0442462788143724e-01	   1.9579630056070702e-01	   3.4205316988469808e-01	   5.9345823441246892e-02	   4.3570445411059455e-01	   1.9511207971389924e-01	   3.4831356793758184e-01	   3.9821952570949148e-01	   1.6677086884114575e-01	   4.1398270988875907e-01	   6.8521472260828498e-01	   3.1954928841717023e-01	   6.0314053441606019e-01	   3.3821290671119048e-01	   7.1306982704479693e-01	   3.5938453096036982e-01	   6.1551756839938754e-01	   3.8119749224334247e-02	   7.4119591889688652e-01	
   2.1508574884190318e-01	   1.3425637044699734e-01	  -1.4214444060507647e-01	   3.8097215787263584e-03	   5.8595705853195068e-01	   3.8952856110701123e-01	  -1.9695505692869128e-03	   9.4425048284628617e-03	   2.3258506342833249e-01	   4.1744845025684230e-01	   5.4809974435321041e-01	   4.5240677194309672e-02	   5.8942207916179534e-01	   1.7569357114250034e-01	   7.6122964683450134e-01	   5.2378081109207303e-02	   0.0000000000000000e+00	   2.5574752369803763e-02	   3.0784945350749215e-01	   7.6261355691769367e-02	   2.4857232484993733e-01	   6.2164795645207070e-02	   1.8676674749402725e-02	  -1.4341095373540999e-01	   3.6469261946119558e-01	   2.2487253843600236e-01	   5.7668975994288962e-01	   3.8680026472159135e-01	   5.3156516903663920e-01	   3.0325515588327928e-01	   5.3468807758709735e-01	   4.0581102972818939e-01	   2.3762657404017276e-01	   2.2175859273026749e-01	   3.4463824581433344e-01	   2.9302109514322972e-01	   5.9541493406608548e-01	   4.6708678507502349e-01	   4.7431521900702533e-01	   4.8848343315912479e-01	   5.0151832477534231e-01	   5.6350186670996272e-01	   5.4773385189307489e-01	   4.2557751544799249e-01	   2.6624137828722599e-01	   3.8012943087198842e-01	   5.1343048215307885e-01	   4.1057613964885492e-01	   1.9175100470002998e-01	   1.0021682553072780e-01	   5.4218432531934080e-01	   1.0115885241211950e-01	   5.3979974577358814e-01	   1.1984907248353743e-01	   7.3541104858889650e-01	   4.3329541735944804e-01	   3.1051815816555545e-01	   6.1453133033104720e-02	   1.5930434213438080e-01	   1.4142125093093966e-01	   2.7973130161219523e-01	  -1.9747410698938456e-01	   6.2500873822672720e-01	  -1.9487928517220249e-01	   4.8136383793034343e-01	  -1.9651803177400817e-01	   4.3430721720402432e-01	   3.4110416238088698e-01	   3.5025147370685616e-01	   1.5942016455392558e-01	   1.6388050237480720e-01	  -2.9976068437351860e-01	   6.8576281573000974e-01	   4.6854207651770902e-01	   6.6998191749068847e-01	   1.7881101543141931e-01	   1.4104216799611946e-01	  -5.9568935457725986e-02	   7.4205930307346712e-01	   1.1740190277988147e-01	   7.2104349490265141e-01	   2.5315669946889341e-01	   7.3201662152761671e-01	   4.2733514091986435e-01	   7.8293440377726498e-01	   2.3301408331287704e-01	   7.0249376452206791e-01	   6.8092912535382411e-02	   7.6600012656109340e-01	  -1.3548797115215075e-01	
