   0.0000000000000000e+00	   5.5483902463431201e-01	   7.6239470462787207e-01	   7.1627261230402295e-01	   3.7058024280653801e-01	   4.7636354843616013e-01	   8.2294127444443121e-01	   6.6230582391092940e-01	   3.6680636622615409e-01	   4.4900309180307407e-01	   6.9620549149843214e-01	   5.0494654360917368e-01	   7.3979728037546899e-01	   7.0109679810910031e-01	   4.6794389100112022e-01	   5.9889602762053551e-01	   7.4887846510111888e-01	   5.1708647007470732e-01	   8.1192704554172757e-01	   8.1870297193749320e-01	   3.6544693645805754e-01	   3.9347269360958015e-01	   6.8045225736980308e-01	   6.7146102268942631e-01	   6.2736816673258744e-01	   7.0549233796009603e-01	   4.4300236029374834e-01	   2.5338033683673544e-01	   5.6836652329874526e-01	   4.0702458074767667e-01	   3.8915008409604435e-01	   4.4755369802610956e-01	   7.7073985392355637e-01	   6.6703915430961780e-01	   4.9559531397621803e-01	   6.4301634763883242e-01	   4.5058571387961233e-01	  -1.6043093785049167e-01	   5.0106869693618350e-01	   5.6622465428146485e-01	   5.6140974316598402e-01	   8.7608353537130784e-02	   5.6172074720537724e-01	   6.0452127603195027e-01	   6.8914625429849619e-01	   5.8722559944671970e-01	   6.0221187699409018e-01	   7.1527532561195617e-01	   5.6746177688245814e-01	   6.7693237454458055e-01	   6.2498755902864911e-01	   6.4674360397881259e-01	   5.7132313366305110e-01	   8.2554957182135802e-01	   6.1359729400682206e-01	   7.6315175895327036e-01	   9.2862743449883922e-01	   4.9066627901923232e-01	   6.7355122887626218e-01	   3.9183632936279367e-01	   7.5410763095120703e-01	   3.8092479971847115e-01	   5.7706313353918770e-01	   3.5593041846420770e-01	   6.2167089024554978e-01	   6.7644731564732363e-01	   7.5669333318344001e-01	   7.3144951210192655e-01	   6.6384002673586207e-01	   7.2689455293911265e-01	  -1.6565649737766350e-01	   2.9723025687774585e-01	   5.1134974382598730e-01	   5.2046025968655796e-01	   4.4391104862442682e-01	   6.7056602252254160e-01	   3.3077288313913045e-01	   4.7481604822253576e-01	   6.8795621875462221e-01	   2.3647299329757182e-01	   7.2404415510276565e-01	   8.3435629302489622e-01	   6.0485269074832515e-01	   7.3749970681012722e-01	   6.2314542272195128e-01	   7.6828383104745623e-01	   4.9841663724295826e-01	   7.2287115344339758e-01	   3.1440114396026519e-01	   7.6301689570401054e-01	
   5.5483902463431201e-01	   0.0000000000000000e+00	   1.9482677359726330e-01	   5.3662643388748588e-01	   1.4113249017451604e-01	   2.5939955909954487e-01	   2.7636467235853640e-01	   6.6473377630220831e-01	   2.9573425935669895e-01	   2.9096622777989534e-01	   5.4403020818767289e-01	   6.0272090992187366e-01	   3.3218682271561739e-01	   5.7619654367291107e-01	   1.4797806862014642e-01	   3.8701984980730941e-01	   4.9309973342228108e-01	   6.2978965531357256e-01	   5.4989552575843570e-01	   5.1606694080567417e-01	   2.7753521718344026e-01	   1.9737317900762874e-01	   2.1160071809473707e-01	   2.4639257211621002e-01	   1.2993677580407104e-01	   2.2356377093173979e-01	  -1.5392932337666393e-01	  -2.6857388261675019e-01	   4.8721786329377514e-01	   6.8091765679500382e-01	   5.0458337141136389e-01	   4.9202365884309157e-01	   4.9727961129411863e-01	   5.8239689381995796e-01	   3.6161180066411469e-01	   4.2021526884046329e-01	   2.2855871211527146e-01	   1.7440946674327709e-01	   4.0540485952164085e-01	   3.9012506659968516e-01	   3.4191340212769139e-01	   2.1263090142013941e-01	   4.6203670458785040e-01	   5.3121631976573835e-01	   6.3847510118116779e-01	   6.4200645149202562e-01	   5.8636493185908112e-01	   4.5087719557408479e-01	   5.9300079217134560e-01	   5.0316202637449137e-01	   6.2178971006614481e-01	   4.8379463563859537e-01	   4.7905869756583730e-01	   3.2878293813395165e-01	   6.3977892926110203e-01	   4.7031032014773966e-01	   6.2515555815820101e-01	   9.1442667884730988e-01	   4.6425734560269660e-01	   5.3743134695651096e-01	   4.7530986021817356e-01	   5.6167614200044014e-01	   5.0949427069757980e-01	   6.1369297159681757e-01	   4.1572785585209732e-01	   5.2426011909214087e-01	   6.0539927985961839e-01	   5.7556521474629951e-01	   7.0277088135498544e-01	   6.7727861206202844e-01	   3.5214640405136033e-01	  -4.7511903941993186e-02	   2.5848681915620764e-01	   5.4076771804452228e-01	   4.4576006876687890e-01	   3.9161054382546778e-01	   2.5429575976505825e-01	   5.9032373490458867e-02	   5.1269883669224414e-01	   3.1045523727257662e-01	   6.9256396275160426e-01	   4.4079833144558234e-01	   5.8108932024245807e-01	   4.0920833629946157e-01	   6.2130853130543806e-01	   4.9984883480384878e-01	   6.2640653298840732e-01	   3.5303634103400822e-01	   7.2554796449811942e-01	   2.4706028670967417e-01	
   7.6239470462787207e-01	   1.9482677359726330e-01	   0.0000000000000000e+00	   8.1228788465735002e-01	   1.4216664272836571e-01	   5.1606047566592905e-01	   9.0917630464070087e-01	   6.3848273976467718e-01	   1.8109875136840400e-01	   5.4841633482552554e-01	   4.7599365717781328e-01	   2.8980915404193203e-01	   7.2455572769734666e-01	   6.6488157920804736e-01	   4.2649228144166540e-01	   5.7746036341048068e-01	   5.1095374716131969e-01	   6.5125665702391949e-02	   7.5402416022457353e-01	   6.5798595337297616e-01	   1.1930360973268722e-01	   2.7189062132530978e-01	   9.1493477376015708e-01	   9.0825898712705411e-01	   5.6929650656852715e-01	   7.5954679312462936e-01	   4.4551905024348959e-01	   2.4965930105720119e-01	   2.6590231366170186e-01	  -1.3817300250634748e-02	   3.5522521043011940e-01	   3.7209205278772683e-01	   6.5067285394454699e-01	   5.9553603282698175e-01	   6.6643918008582026e-01	   7.8234928743473231e-01	   4.0896648739663333e-01	  -4.2920992237076405e-01	   4.6173978927962928e-01	   4.9746251251580254e-01	   5.3775855714789600e-01	   3.6471838893824909e-02	   4.7576510321037591e-01	   5.1836504435322661e-01	   5.3228547689455152e-01	   4.9341933323080017e-01	   4.4487051324169641e-01	   6.5128956342028199e-01	   4.0609339565149816e-01	   6.1045553141899012e-01	   5.0606761067990325e-01	   6.1231970196268559e-01	   4.7569552318674990e-01	   8.7903998070144307e-01	   3.8210095743518674e-01	   6.5482303172566103e-01	   7.1752900816131704e-01	   1.0806018564177544e-01	   5.2647709853563252e-01	   1.6325476443407533e-01	   7.0349127090288766e-01	   3.0990522424247685e-01	   3.9682058276755228e-01	   2.4229425647804154e-01	   6.7490207176047423e-01	   7.1571955887515770e-01	   7.1107942132678115e-01	   7.2057298611597309e-01	   5.0452277091795339e-01	   5.6105203052100550e-01	  -2.1484574953620941e-01	   3.5647907962849823e-01	   5.4503320375077646e-01	   3.7106172818153793e-01	   2.4847335502984763e-01	   5.3119684042080151e-01	   3.6534689563576289e-01	   4.8750899206026266e-01	   4.8119898567629638e-01	   5.8056509562283663e-02	   5.1010195465751307e-01	   7.4324489654417392e-01	   2.4734701800476061e-01	   4.7044151603747958e-01	   4.2263631292783532e-01	   7.7268723719929910e-01	   1.5343420949498504e-01	   5.1846814446855571e-01	   5.3066462765112149e-02	   9.2449420969502660e-01	
   7.1627261230402295e-01	   5.3662643388748588e-01	   8.1228788465735002e-01	   0.0000000000000000e+00	   9.0085394009089034e-02	   6.4922652801614944e-01	   7.2774866309204578e-01	   8.8121788859139372e-01	   2.1610740495601444e-01	   7.0310902423008348e-01	   4.3522326275075052e-01	   4.7728388430005164e-01	   5.7599685358828734e-01	   8.1122124347966629e-01	   3.8309726538350741e-01	   6.9916550125145038e-01	   5.1072571529297583e-01	   1.5000621766629477e-01	   7.7958903133569435e-01	   7.2726054280444852e-01	   2.3694079888981179e-01	   2.6110281711001176e-01	   8.4129151902234800e-01	   8.9978518536479091e-01	   4.4401147819354037e-01	   6.8458359104080779e-01	   2.0158277675964964e-01	   4.2994766045556687e-02	   4.2859681844289588e-01	   2.7245242402920755e-01	   6.1259327992289814e-01	   6.3046163439542335e-01	   6.9019756954381284e-01	   7.5470704672354949e-01	   7.4846567847817558e-01	   8.7925309947546793e-01	   4.7922158534293990e-01	  -1.3741547809852558e-01	   6.2431259219027180e-01	   6.4761344206399318e-01	   6.1379852323362882e-01	   2.1911948603059012e-01	   6.0183415684862607e-01	   6.4909427698249267e-01	   6.4483514371651096e-01	   6.2103106892381776e-01	   5.4676799444583080e-01	   6.4788856629241598e-01	   4.9748723172552933e-01	   5.9359179692440789e-01	   5.4165560375866328e-01	   5.6751758874663794e-01	   4.5493950910101993e-01	   7.5895614548751200e-01	   4.9499062260851728e-01	   6.2699341208280845e-01	   7.5062173615571104e-01	   4.2969451648826640e-01	   5.1820817546390940e-01	   4.1589307625424277e-01	   6.8298080764342839e-01	   5.7342714543623874e-01	   4.1719930164553048e-01	   4.5281415746974230e-01	   6.7316901213979174e-01	   8.0080864198120283e-01	   7.8200408419374212e-01	   8.0965545129405736e-01	   7.2081954062325870e-01	   7.5997589643528907e-01	   6.4496955037678147e-02	   1.1606156484613148e-01	   5.3409304753768305e-01	   5.1781443951850481e-01	   3.6740831150474285e-01	   6.0708639270751952e-01	   4.6427456082314578e-01	   3.8824819383336628e-01	   6.0724287738427773e-01	   2.2012159618405924e-01	   7.2179582168668843e-01	   7.3876080987555037e-01	   4.5929550653401402e-01	   5.1856831212077625e-01	   5.9192926040610838e-01	   8.0454443580048329e-01	   4.8477011045468821e-01	   5.7202414803336088e-01	   4.5416081101374672e-01	   8.2005488783873770e-01	
   3.7058024280653801e-01	   1.4113249017451604e-01	   1.4216664272836571e-01	   9.0085394009089034e-02	   0.0000000000000000e+00	  -4.0564010393179653e-02	   2.1138649485964900e-01	   1.3829937370679160e-01	   7.8125335096797666e-01	   4.2314456590101399e-02	   2.2230152637276093e-01	   2.9406898832947204e-01	   3.1826439539237572e-01	   2.0867726707168988e-01	   6.0583522250934041e-01	   2.5580687510156958e-01	   3.5849281224356977e-01	   2.9380576892532434e-01	   2.3490874932031908e-01	   2.7680782212866650e-01	   2.1945093639568303e-01	   9.2050266871488109e-02	   1.0084598256881180e-01	   1.0324865667569172e-01	   6.9397846834325450e-01	   4.2769745496696865e-01	   7.3338310556757547e-01	   6.3070888579702022e-01	   1.6744012673796377e-01	   1.2832454883892638e-01	  -2.1292554442190759e-01	  -1.5544069742570438e-01	   2.0415147526789035e-01	   1.9346184353801890e-01	  -9.5729200758019800e-02	   5.5369016925568254e-02	   4.4265467738436020e-03	  -1.9511989976628624e-01	   1.2185195400728191e-01	   1.0949567422535368e-01	   1.1955804608201152e-01	  -1.9906852431954047e-01	   2.6494345576479639e-01	   2.7036021818790801e-01	   3.5849496741225928e-01	   3.2129691150397699e-01	   2.0907135682949696e-01	   2.5481094908452628e-01	   4.5270233729018222e-01	   4.3054708382569251e-01	   3.6227753616680392e-01	   4.0698235380020853e-01	   3.1914923765293440e-01	   3.6666949695042966e-01	   4.2120364515807301e-01	   5.0649062029182845e-01	   3.6321434129313412e-01	   2.4009855113458578e-01	   5.4967519485618399e-01	   4.5648335606338464e-01	   3.3829624214267068e-01	   1.3838780684897820e-01	   2.4545236708069362e-01	   6.5377364846097130e-02	   7.1045022640898625e-02	   1.6604179100846483e-01	   3.1610562034764095e-01	   2.6130983988146333e-01	   2.2085812014672856e-01	   3.2015602921977276e-01	  -3.9188590593273143e-01	  -2.7147400619398743e-01	   1.2901092266394237e-01	   2.4700000626287461e-01	   2.6249040266900170e-01	   4.0442976981152312e-01	   3.0671982368451717e-03	   1.8995068702940662e-01	   2.9612790517790821e-01	  -4.4351606470401143e-02	   2.4776267260256257e-01	   3.6220188632602385e-01	   5.5671423035009338e-01	   4.9981389976149287e-01	   9.5581679542308173e-02	   2.7484012799219537e-01	   4.9796257989284787e-01	   5.1767388124764335e-01	   2.7697368701819053e-01	   3.2406506695098813e-01	
   4.7636354843616013e-01	   2.5939955909954487e-01	   5.1606047566592905e-01	   6.4922652801614944e-01	  -4.0564010393179653e-02	   0.0000000000000000e+00	   4.4060568168252928e-01	   4.4092503498591973e-01	  -2.0685344453268487e-02	   8.5384276445516893e-01	   8.9598753140789023e-02	   4.0531088145546729e-01	   3.8084293853907503e-01	   5.9717806120931549e-01	   3.0356950749111600e-01	   4.4383224027709950e-01	   3.8397220152020883e-01	   1.1041142738581700e-01	   3.3883430722149510e-01	   3.8792266976079098e-01	   2.6869659257973105e-01	   2.4044741834335975e-01	   4.8368177612699292e-01	   5.7884966221206247e-01	   3.3004072871243484e-01	   6.5828360288719889e-01	   2.1486304420480695e-01	   2.1207222897415468e-01	   4.2430424004252465e-01	   2.3527340166694402e-01	   2.4832448704463128e-01	   3.1414915949320638e-01	   3.8331432290672190e-01	   3.9945036142789769e-01	   4.0307870304865995e-01	   4.3356884284191521e-01	   1.8516442097335287e-01	  -1.7334324075615931e-01	   4.2591297989355847e-01	   4.6230737157333324e-01	   3.5515573912632092e-01	   4.6319429475594288e-02	   4.3968477328543909e-01	   4.5841044547031606e-01	   3.7988463781521059e-01	   3.4905162195021006e-01	   3.9776400243596566e-01	   4.0233725504816242e-01	   2.3628612794382295e-01	   1.8607462008245393e-01	   2.9488419846412378e-01	   2.4527927749124445e-01	   3.2830269500745174e-01	   4.6050820527469699e-01	   3.0955035095053707e-01	   4.3771145865122257e-01	   4.7368496189267306e-01	   1.3565477508953969e-01	   3.2899768624110032e-01	   6.1512467810817775e-02	   4.3686701750563384e-01	   1.1992895218701022e-01	   1.9987663617915921e-01	   9.0339950575594477e-02	   2.6593538737354444e-01	   3.5445987004107671e-01	   3.6935597131772319e-01	   3.7296702663520931e-01	   3.2261985217516109e-01	   3.6245735893967584e-01	  -1.5963335202404574e-01	   2.3085658672809423e-01	   5.5246045021271162e-01	   3.8201522200859817e-01	   2.4569560533435097e-01	   4.6539156364035417e-01	   1.3022737904485027e-01	   2.8975471962830712e-01	   5.9626889365574609e-01	   1.4212829268140595e-01	   4.6869164526453561e-01	   5.4230565926205965e-01	   1.7575304415004073e-01	   4.5109570038673630e-01	   2.7197878305756501e-01	   4.6160853751452996e-01	   1.7952179356308604e-01	   5.5208577626930211e-01	   2.5088232838758434e-01	   5.5134633330190796e-01	
   8.2294127444443121e-01	   2.7636467235853640e-01	   9.0917630464070087e-01	   7.2774866309204578e-01	   2.1138649485964900e-01	   4.4060568168252928e-01	   0.0000000000000000e+00	   6.7933531862655183e-01	   2.9476939811347258e-01	   4.0513647147589721e-01	   6.6829793212027722e-01	   3.6548810140560328e-01	   8.1772609127983487e-01	   6.2874417029778851e-01	   3.9111164046418567e-01	   5.1702597348336043e-01	   6.7393093739750298e-01	   1.8323137466276512e-01	   7.8814835122158133e-01	   7.5899963678835947e-01	   1.4809232080002971e-01	   3.0666959883912226e-01	   8.1075109982579086e-01	   7.8426046713728947e-01	   5.1197409955931894e-01	   6.2325636376589277e-01	   4.0880931940669951e-01	   1.7802091889965216e-01	   4.6161512688657080e-01	   1.3478260800986486e-01	   3.3588356619888349e-01	   3.7852307243834116e-01	   6.6558132536261616e-01	   6.0482410107701423e-01	   5.1507565913201758e-01	   6.8688204218276272e-01	   4.4751202585797401e-01	  -3.9344516118187522e-01	   4.4180030496078926e-01	   4.6903222557997504e-01	   5.8415983294651297e-01	   6.9007162570000238e-02	   4.5791756030188202e-01	   5.1048186618270752e-01	   5.7959603046038555e-01	   5.2977971901831000e-01	   4.7715133383967628e-01	   6.5638143113602898e-01	   4.8411964177805500e-01	   6.6355336700480749e-01	   5.3037116992585698e-01	   6.3703303426783431e-01	   5.6239661370668048e-01	   8.8062228012809118e-01	   4.2819756100755868e-01	   6.7135891683686388e-01	   7.8750147916715418e-01	   1.8625018504182503e-01	   5.4502901098782774e-01	   2.1229795930786963e-01	   7.2731432962594522e-01	   3.3256250496786194e-01	   5.7466170656054816e-01	   3.3852398061209976e-01	   6.3126745798230011e-01	   6.6357601611705286e-01	   7.1274574067181740e-01	   7.1080409482683693e-01	   5.3094644388088541e-01	   6.1694902193039591e-01	  -2.6212193812983986e-01	   3.2250716169941324e-01	   5.4128008147216777e-01	   4.1267727413483735e-01	   2.4607851479427661e-01	   5.2677852661027136e-01	   3.4394883858741282e-01	   4.4104002716237978e-01	   5.2992460530290408e-01	  -2.5244441772705573e-02	   5.7888145724509077e-01	   7.8277869212602869e-01	   4.0615184237999824e-01	   5.7256398500107797e-01	   4.4731055457905844e-01	   7.3448602546591124e-01	   2.3260458999126010e-01	   5.1957310452346273e-01	   6.7260784386166991e-02	   8.7654028319784194e-01	
   6.6230582391092940e-01	   6.6473377630220831e-01	   6.3848273976467718e-01	   8.8121788859139372e-01	   1.3829937370679160e-01	   4.4092503498591973e-01	   6.7933531862655183e-01	   0.0000000000000000e+00	   2.9964929237482540e-01	   4.9174226969131518e-01	   6.2592913903946856e-01	   5.9080328113974490e-01	   5.9983133530613642e-01	   8.2503463185314008e-01	   3.5245698176533319e-01	   6.3628310433058966e-01	   6.3474333833789043e-01	   2.5999610778106763e-01	   8.2435321879717072e-01	   7.0839978226113576e-01	   1.6521768779889151e-01	   1.7166752248502223e-01	   6.5978937194644605e-01	   7.2638326737854442e-01	   2.9833984615020781e-01	   4.4022153279668463e-01	   2.3160146438908947e-02	  -1.3911870962133627e-01	   5.8068029640619934e-01	   4.1542576973307793e-01	   6.5012007449852549e-01	   6.5395688172547972e-01	   7.0884793776588917e-01	   7.8731642897138576e-01	   5.7910994634516411e-01	   7.7922866017003134e-01	   5.2309824679642491e-01	  -3.5058042262202486e-02	   5.8432436991318482e-01	   5.4433155130649169e-01	   6.8239497852929742e-01	   2.9553195757180306e-01	   5.4487929438980109e-01	   5.9180990729682059e-01	   6.8589467383508773e-01	   6.7770775477759637e-01	   5.5826347514972241e-01	   5.9351996606559154e-01	   6.0503804046519638e-01	   6.9593402034853602e-01	   5.7854175347676096e-01	   6.2099095945219651e-01	   5.4931854698197324e-01	   6.4433807777554786e-01	   5.4704808413100148e-01	   5.5730920838684961e-01	   7.1845065130285668e-01	   5.7383931624722284e-01	   5.4482867993232342e-01	   5.9408162741260795e-01	   7.0077588158103832e-01	   7.9276598129666354e-01	   5.7856673186741991e-01	   6.5880823431116498e-01	   5.9648693187867707e-01	   8.3025668205979031e-01	   8.1266527110969977e-01	   8.2744880550359845e-01	   8.0445592370965047e-01	   8.0357620576776834e-01	   2.2184379098655235e-01	  -3.0606493865876723e-02	   4.9097045415984752e-01	   5.3872540037751615e-01	   2.9260273790295610e-01	   4.7448532137026289e-01	   4.5214147678214600e-01	   2.1771176836993145e-01	   5.7587669896994609e-01	   1.6667062843798405e-01	   7.8222314031949791e-01	   6.4492284884658213e-01	   6.2523818106257045e-01	   4.8797353376550584e-01	   6.1301654172897302e-01	   7.2415040492728122e-01	   6.1165080304413422e-01	   4.4441787932918819e-01	   6.0008461409758462e-01	   6.5634303782492120e-01	
   3.6680636622615409e-01	   2.9573425935669895e-01	   1.8109875136840400e-01	   2.1610740495601444e-01	   7.8125335096797666e-01	  -2.0685344453268487e-02	   2.9476939811347258e-01	   2.9964929237482540e-01	   0.0000000000000000e+00	   2.3004953299572994e-01	   4.2034838556059850e-01	   4.1810852993019171e-01	   3.6935386044146773e-01	   2.2287552709003663e-01	   6.4425904159249481e-01	   3.1616387832282333e-01	   4.4279482369566026e-01	   1.6958903380405294e-01	   3.1670043065694581e-01	   3.6651605236088414e-01	  -2.3685212032717291e-02	  -5.6062010120968675e-02	   1.0649757064198281e-01	   1.1925815039880455e-01	   4.9831495541024357e-01	   3.2179567601679820e-01	   5.2763181519963298e-01	   3.6213364032192796e-01	   2.1249380298604775e-01	   1.3325945819055623e-01	  -2.0015263301543593e-01	  -1.5344259131154192e-01	   2.2396400980897657e-01	   2.7529153714536619e-01	  -9.1559211866517110e-02	   8.8214636064260304e-02	   1.2191981288312167e-02	  -3.3590758724928704e-01	   1.0573207226910449e-01	  -4.5398653434671780e-03	   3.5925079202595009e-02	  -3.2981868490452243e-01	   1.7941934781584737e-01	   2.1638199459647309e-01	   3.3028556511520496e-01	   3.7513180498519483e-01	   1.8799824454957403e-01	   1.8936717346000834e-01	   5.3002745099337234e-01	   5.0188340810688414e-01	   3.7056113229111587e-01	   4.4980803982252476e-01	   4.1415022622714159e-01	   3.4701361814181841e-01	   3.9532408552416659e-01	   4.9128752949723975e-01	   4.0867626106055266e-01	   3.4605761249818323e-01	   6.0479251746587015e-01	   5.5783108786043556e-01	   4.8155232641672846e-01	   3.1084322551456645e-01	   3.0658123486541694e-01	   1.6883486347042373e-01	   1.3282438328521912e-01	   3.0456962142604699e-01	   3.8477289170886037e-01	   3.1733188869795442e-01	   3.5336641772686683e-01	   4.0654203900262775e-01	  -3.5400638000246154e-01	  -3.9426422594721222e-01	   7.4990459254660233e-02	   1.2560981460560616e-01	   1.4207841318441231e-01	   2.2489672056067192e-01	   1.3672010531055967e-01	   1.2042511362085455e-01	   1.8898940502447684e-01	  -2.6763057848781202e-01	   2.3296263645986359e-01	   2.8391799910205912e-01	   5.2642887308621600e-01	   4.5845120333010031e-01	   9.5593149811349212e-02	   2.6701798270202642e-01	   4.4743284507935244e-01	   4.2206571940925375e-01	   2.8937183668363442e-01	   3.6417607357773579e-01	
   4.4900309180307407e-01	   2.9096622777989534e-01	   5.4841633482552554e-01	   7.0310902423008348e-01	   4.2314456590101399e-02	   8.5384276445516893e-01	   4.0513647147589721e-01	   4.9174226969131518e-01	   2.3004953299572994e-01	   0.0000000000000000e+00	   9.8227476005512182e-02	   3.9465502896911331e-01	   3.8781489137797431e-01	   6.1066985315926603e-01	   5.7512645576333465e-01	   6.8671993737882109e-01	   2.8494153458243721e-01	  -8.6986097326932355e-02	   3.6198255048464323e-01	   3.6914195647009251e-01	   1.2823938358868903e-01	   1.1715075771311276e-01	   5.1861965611217242e-01	   6.0556537141581934e-01	   3.3847434253265951e-01	   6.5652741880899612e-01	   2.7876869337497906e-01	   2.5112864280722308e-01	   2.5118192886374846e-01	   9.7718602715656994e-02	   1.7297507000474943e-01	   1.9494294326951969e-01	   3.1492427725861577e-01	   3.4766900041407178e-01	   3.9743111667304915e-01	   4.5049607415509962e-01	   1.9280995338725762e-01	  -2.7495259775537967e-01	   3.8968737331273007e-01	   3.9269168634192997e-01	   2.7636546944942592e-01	  -6.7563532019240868e-02	   3.3711210636174566e-01	   3.7932026868706203e-01	   3.0675066359268266e-01	   3.3862703447944614e-01	   3.1951443365896831e-01	   3.5152381878194683e-01	   2.7212295112988244e-01	   2.6069518819220394e-01	   2.9201105921134463e-01	   3.1218800508333611e-01	   2.8081144715079215e-01	   4.6152748337559535e-01	   2.5343599191400351e-01	   4.4949543795889202e-01	   4.6268895951138989e-01	   1.6864133314210519e-01	   3.8353076292013916e-01	   1.6691773905205184e-01	   4.9971868532540564e-01	   2.2507385552691211e-01	   9.0772381714570249e-02	   4.2184931988852543e-02	   2.8623893175053744e-01	   4.6189993682549491e-01	   3.7999981171359293e-01	   3.9104048747337422e-01	   3.5487244271874374e-01	   3.9414384365140098e-01	  -1.5826451616108797e-01	   8.6098124517416774e-02	   4.2900718321603348e-01	   2.4262752877691721e-01	   1.3450220135424279e-01	   3.6616354144332186e-01	   1.8448168942349913e-01	   2.5405317802644145e-01	   3.9651126629195349e-01	  -3.7328794998235069e-03	   3.6192076806718793e-01	   4.3712884989298395e-01	   1.7790599341423582e-01	   3.8795604009742790e-01	   2.2587736191345489e-01	   4.6425363424778243e-01	   1.8357166515641349e-01	   4.6149564276182498e-01	   2.6842718898601137e-01	   5.8520714788609707e-01	
   6.9620549149843214e-01	   5.4403020818767289e-01	   4.7599365717781328e-01	   4.3522326275075052e-01	   2.2230152637276093e-01	   8.9598753140789023e-02	   6.6829793212027722e-01	   6.2592913903946856e-01	   4.2034838556059850e-01	   9.8227476005512182e-02	   0.0000000000000000e+00	   5.3636238004239600e-01	   8.0565448729426292e-01	   5.9525513909854799e-01	   2.8069807602177710e-01	   3.3454436730007464e-01	   7.6350829102148088e-01	   5.0462587266471437e-01	   6.2465383465470492e-01	   5.6360856542327342e-01	   3.9117007879884612e-02	   1.6802101460643917e-01	   4.3484303265163426e-01	   3.9161898918568327e-01	   2.9577480297613207e-01	   2.5133512096867494e-01	   4.1509207473105089e-02	  -2.1822106072020075e-01	   5.5901018965409577e-01	   3.3668234952502396e-01	   3.6428237179901585e-01	   4.1404906582022638e-01	   5.9628134209533834e-01	   5.3196263285427037e-01	   2.9987720316136901e-01	   4.3501169619500413e-01	   3.9468420047144853e-01	  -7.1938589565232275e-02	   3.5193907381189393e-01	   3.2894617861543951e-01	   3.7308279295911784e-01	   2.4420539344255050e-02	   3.5813235496568924e-01	   3.8888958950768876e-01	   5.5620860933476846e-01	   5.0690815101915643e-01	   4.7847240456987217e-01	   5.3208976974919242e-01	   5.6583927922213606e-01	   6.8601234336615136e-01	   5.7457381748794267e-01	   6.0298472111027768e-01	   6.0442436558488954e-01	   5.4766351271823621e-01	   4.8225749972883464e-01	   5.5043589562218265e-01	   6.2513289985907883e-01	   3.9953643860968907e-01	   4.8355532715014832e-01	   3.6162735510593436e-01	   6.3448615421667598e-01	   5.1757155064780891e-01	   5.2385555796072614e-01	   4.0744525914532548e-01	   6.3488993816031436e-01	   6.6435882125708157e-01	   6.0844425254435941e-01	   5.7042008057078153e-01	   5.2081990576733861e-01	   5.5490894725955919e-01	   9.3091469001526386e-02	   1.4497313248683591e-01	   2.9058195335499837e-01	   3.2409741751700949e-01	   1.1847353643247063e-01	   1.6362048777254901e-01	   3.4083759475040465e-01	   2.1518754716860297e-01	   4.9040697532143374e-01	   5.3047926195265674e-02	   5.8502996651911654e-01	   4.7667692092593389e-01	   4.9821568371077229e-01	   4.1025791336208195e-01	   6.2973541417472367e-01	   5.7778824551941088e-01	   4.0735656993010150e-01	   3.5171454246522665e-01	   3.5219149467145994e-01	   4.7438173744529821e-01	
   5.0494654360917368e-01	   6.0272090992187366e-01	   2.8980915404193203e-01	   4.7728388430005164e-01	   2.9406898832947204e-01	   4.0531088145546729e-01	   3.6548810140560328e-01	   5.9080328113974490e-01	   4.1810852993019171e-01	   3.9465502896911331e-01	   5.3636238004239600e-01	   0.0000000000000000e+00	   3.7445306248535593e-01	   6.5162008082581335e-01	   2.4708438547985673e-01	   2.6590037003110334e-01	   7.5336747871973453e-01	   4.8233472218319301e-01	   4.4593458827993382e-01	   4.7565718902770587e-01	   8.8836726636654123e-02	   1.2407074284678668e-01	   1.7252687544267931e-01	   2.7371325134213959e-01	   3.7993471433695958e-01	   4.5947829937689211e-01	   1.6976223229588411e-01	   6.9228404753462550e-02	   5.9316797503471930e-01	   4.7584814163104633e-01	   1.7301602899390020e-01	   2.6004319261756226e-01	   6.0407130070039183e-01	   6.3546006483112916e-01	   1.7221569235979423e-01	   2.6674191193352159e-01	   5.1314148949769156e-02	  -2.0027849544928233e-01	   1.9738081756415876e-01	   1.7556658600507910e-01	   2.2010632373194866e-01	  -1.7952115006938490e-01	   4.1140732180896639e-01	   4.6391218638606896e-01	   5.3536697590220983e-01	   6.3781624047613594e-01	   4.4974572511536215e-01	   4.3048698084580039e-01	   6.4485056927539719e-01	   6.6881971561609477e-01	   6.0780089611203492e-01	   6.4358369322417186e-01	   6.4740267345220459e-01	   4.3351634140818607e-01	   5.6534756062330560e-01	   5.8671959320639244e-01	   6.0642890881836520e-01	   6.2992107239170791e-01	   7.4134236219564020e-01	   6.7591323397717429e-01	   7.5691809810985944e-01	   6.6998173691155150e-01	   5.1634266385345062e-01	   6.0089851508951786e-01	   2.9757410278770752e-01	   5.8951766243252535e-01	   6.2093218216959412e-01	   5.6982903193770884e-01	   5.6116839411022046e-01	   5.5294088966296306e-01	  -1.2192825526636556e-02	  -1.6589178521229953e-01	   4.1460362313033261e-01	   3.7850900108254715e-01	   2.7214440063157957e-01	   2.6788979103169497e-01	   1.9302277251912470e-01	   1.5348032584397850e-01	   5.0006402654277859e-01	   5.3810347173591073e-02	   4.9264430454432573e-01	   4.5797520910770051e-01	   4.6751166128216637e-01	   5.5868851145804999e-01	   2.8326403227223174e-01	   4.6308788925961597e-01	   4.9562364216493837e-01	   5.8450017898028828e-01	   3.9730228006211676e-01	   4.0695650098731423e-01	
   7.3979728037546899e-01	   3.3218682271561739e-01	   7.2455572769734666e-01	   5.7599685358828734e-01	   3.1826439539237572e-01	   3.8084293853907503e-01	   8.1772609127983487e-01	   5.9983133530613642e-01	   3.6935386044146773e-01	   3.8781489137797431e-01	   8.0565448729426292e-01	   3.7445306248535593e-01	   0.0000000000000000e+00	   7.0981824780951097e-01	   5.2776857364906071e-01	   5.5948367548013878e-01	   7.0528649161987400e-01	   2.9467438724054174e-01	   6.2701373988615727e-01	   5.5281538980732525e-01	   4.7874128630915065e-02	   2.1903657319846642e-01	   6.8109732020033242e-01	   6.3297247204723472e-01	   5.1175199885664679e-01	   5.4695262497472164e-01	   3.3415837634091305e-01	   1.0548838442085186e-01	   4.4834502817816790e-01	   1.3977049335278680e-01	   2.5063246928628502e-01	   3.0040108043569980e-01	   4.8900975089575494e-01	   4.2377850064182637e-01	   4.0556756869901944e-01	   5.3750465604331088e-01	   4.1751900992745083e-01	  -2.8318551823386362e-01	   4.2038417734858868e-01	   4.7377474728096092e-01	   4.6574849174530408e-01	   1.0850908558561821e-02	   4.2579501086972493e-01	   4.4203738084623506e-01	   5.8119322343434943e-01	   4.8465851288966233e-01	   4.9251347085523195e-01	   6.3069436736537587e-01	   5.2483588818773252e-01	   6.4987505109735688e-01	   5.8028121732833804e-01	   6.1747581785374805e-01	   5.5887523380457371e-01	   7.3977169969200707e-01	   4.5420022888960343e-01	   6.6648612582605204e-01	   6.4464232846494918e-01	   1.3319497067152475e-01	   4.7471285154613396e-01	   1.5317289484936178e-01	   6.3941215469635404e-01	   2.9354134460001258e-01	   3.9965860004304871e-01	   1.4795813238707234e-01	   6.5317361563836762e-01	   6.5315597990121321e-01	   5.9185898192520603e-01	   5.6147902564789198e-01	   4.1815907737795421e-01	   5.0912381711435939e-01	  -1.8051516875687146e-01	   2.5192675014006716e-01	   4.8215018272102811e-01	   3.5441328599309885e-01	   6.5783405971632680e-02	   3.5943131934069772e-01	   2.3492877263594508e-01	   3.0153910404592088e-01	   5.9589839839949332e-01	   3.3847062588243052e-03	   6.0545516700944113e-01	   6.2288124512749976e-01	   4.5164393986526158e-01	   4.9300354461702856e-01	   5.7445678862557548e-01	   6.9626359017404604e-01	   2.9212320227438138e-01	   4.5905532578595398e-01	   2.4132852153032192e-01	   7.2827699207743979e-01	
   7.0109679810910031e-01	   5.7619654367291107e-01	   6.6488157920804736e-01	   8.1122124347966629e-01	   2.0867726707168988e-01	   5.9717806120931549e-01	   6.2874417029778851e-01	   8.2503463185314008e-01	   2.2287552709003663e-01	   6.1066985315926603e-01	   5.9525513909854799e-01	   6.5162008082581335e-01	   7.0981824780951097e-01	   0.0000000000000000e+00	   4.1081635613938461e-01	   6.8068114174775562e-01	   6.5533083656728786e-01	   3.2502085988784524e-01	   7.3359177464041581e-01	   6.5796140958785676e-01	   3.0400403724042363e-01	   3.4252507730761633e-01	   6.9385867328323969e-01	   7.5976338368411256e-01	   4.8580248166776113e-01	   6.6755788412709316e-01	   1.5391732084241094e-01	   8.0123251511212412e-03	   6.1242264953041103e-01	   3.6813181241002524e-01	   6.0107066865001191e-01	   6.4336931191421654e-01	   7.0436999837531267e-01	   7.2823481181741223e-01	   6.4553816645481221e-01	   7.7708106881673311e-01	   5.4184736403607103e-01	  -2.9637731600619707e-02	   6.4257169465147990e-01	   6.8260933235455823e-01	   6.7117672889850555e-01	   2.1741906108467288e-01	   6.9675198673610339e-01	   7.3132715632767531e-01	   7.5514854243859375e-01	   7.2902966591156437e-01	   6.9131984788202849e-01	   7.5101993403958633e-01	   6.5493074466576251e-01	   7.1255820239855083e-01	   6.5987882413937404e-01	   6.9402538476022912e-01	   6.3402368822693056e-01	   7.2245734573520359e-01	   6.5730705022215630e-01	   7.3523697148564726e-01	   6.4833062024660248e-01	   4.0406946942902022e-01	   5.4645750246039371e-01	   4.6250243736176572e-01	   6.4017717557923115e-01	   6.2413528916498484e-01	   3.3340931596757767e-01	   3.8078166592453749e-01	   6.0294055565773741e-01	   8.0202567968350280e-01	   7.6119610655965975e-01	   7.8083549269136987e-01	   7.1083984752145657e-01	   7.8491558282048335e-01	   1.7412882481714392e-01	   1.1075900219292278e-01	   6.2348363284055819e-01	   5.3954110529943122e-01	   3.0887280181971333e-01	   5.4463026797574576e-01	   4.6237185014597793e-01	   3.8546151836053905e-01	   7.4831227420377988e-01	   3.1863056490554331e-01	   8.1087565231680658e-01	   7.1187480874640940e-01	   5.7364654907986457e-01	   5.8441980229477475e-01	   7.1674899022282046e-01	   8.4846922369163658e-01	   5.9891965912975775e-01	   6.6048371886692314e-01	   6.0144103699649598e-01	   7.4043240012881195e-01	
   4.6794389100112022e-01	   1.4797806862014642e-01	   4.2649228144166540e-01	   3.8309726538350741e-01	   6.0583522250934041e-01	   3.0356950749111600e-01	   3.9111164046418567e-01	   3.5245698176533319e-01	   6.4425904159249481e-01	   5.7512645576333465e-01	   2.8069807602177710e-01	   2.4708438547985673e-01	   5.2776857364906071e-01	   4.1081635613938461e-01	   0.0000000000000000e+00	   7.2343015266822708e-01	   3.6540584253592900e-01	  -8.7438149573440852e-04	   3.7541560126051249e-01	   3.2529871298398189e-01	   2.5097261494242344e-02	   7.7550490077758112e-03	   3.3838072854935625e-01	   3.3835720653318702e-01	   5.1022620045816647e-01	   4.7538150393116985e-01	   6.1780603304031967e-01	   5.6911362080144245e-01	   1.1233883119902860e-01	   3.3192511113804800e-02	  -1.4891679810447991e-01	  -1.3590101178202366e-01	   1.5577147494810065e-01	   1.2121269041430499e-01	  -1.3911562274708951e-03	   2.1014152939952788e-01	   1.1908018534431639e-01	  -3.5670476170835452e-01	   1.4323840339232993e-01	   1.0159397897320850e-01	   2.0796692922979443e-01	  -1.9575036003537727e-01	   1.2788187692728425e-01	   1.6401727064955146e-01	   2.1361271929649370e-01	   1.7850748281404388e-01	   1.2907481895459766e-01	   2.1912232500662088e-01	   2.9427766080176199e-01	   3.5335230182721822e-01	   2.2145153034293305e-01	   3.4416749178350514e-01	   2.0784356080034880e-01	   4.2034376770140780e-01	   2.2506679331454754e-01	   4.0254016979707768e-01	   4.3558911311082826e-01	   1.2231492707022158e-01	   4.9990303139193809e-01	   2.9343560714102296e-01	   4.9398733765591296e-01	   1.6804428334980787e-01	   2.0870016749462683e-01	  -2.0980685063156361e-02	   1.3256195943750404e-01	   3.2508687953156434e-01	   3.0420131698058384e-01	   2.7003697114695629e-01	   2.6113234039655997e-01	   2.8059562374397851e-01	  -4.1229900007583986e-01	  -1.3167138064625078e-01	   1.7755673917048664e-01	   1.1399380193174088e-01	  -1.0823650937341410e-02	   2.6543676200480959e-01	   4.6154697920079923e-02	   1.5892897527507832e-01	   1.8785689665122729e-01	  -2.6397892307350851e-01	   2.0721277936963872e-01	   3.2058469171155846e-01	   4.5197539541185688e-01	   4.4949026713659546e-01	   6.8022852256879318e-02	   2.8064352524202596e-01	   2.3802892601333031e-01	   3.5722679697154236e-01	   2.0376090526183954e-01	   4.5265249435465010e-01	
   5.9889602762053551e-01	   3.8701984980730941e-01	   5.7746036341048068e-01	   6.9916550125145038e-01	   2.5580687510156958e-01	   4.4383224027709950e-01	   5.1702597348336043e-01	   6.3628310433058966e-01	   3.1616387832282333e-01	   6.8671993737882109e-01	   3.3454436730007464e-01	   2.6590037003110334e-01	   5.5948367548013878e-01	   6.8068114174775562e-01	   7.2343015266822708e-01	   0.0000000000000000e+00	   3.1749677613246285e-01	   8.9520832838692922e-03	   5.8736265884241901e-01	   5.7709092366444037e-01	   2.8584597584768812e-01	   2.6072946493976812e-01	   6.2610569445500097e-01	   6.1810837051490242e-01	   3.8706407163867868e-01	   4.9259722278618356e-01	   3.3878111823681001e-01	   2.6516767096123650e-01	   2.7255856595444033e-01	   2.1724749824318532e-01	   3.6809467959798781e-01	   3.5265920875968626e-01	   3.5883466915049983e-01	   3.4130718442768265e-01	   4.2350986067881558e-01	   6.1919164994191933e-01	   5.1839052854939316e-01	  -1.3043473005440214e-02	   5.2649114895039129e-01	   6.0983025183770456e-01	   5.4822597576328835e-01	   2.2654526233580466e-01	   3.7586243611684594e-01	   3.9816283777455308e-01	   4.4435442769909650e-01	   3.6573437632699635e-01	   3.6576347543772625e-01	   4.7727308959740011e-01	   3.6867754498497585e-01	   4.3078605416826238e-01	   3.4142359705884018e-01	   4.0861152036398107e-01	   2.3018560816551789e-01	   5.7449417940061043e-01	   3.5486747599350810e-01	   5.0981451565231439e-01	   5.2745226190922923e-01	   2.4868031472976693e-01	   3.4524099570205780e-01	   2.5626391681915639e-01	   4.3863543113017911e-01	   3.2047804403069524e-01	   1.7726961118456300e-01	   1.5474442079579986e-01	   4.1725563370533858e-01	   5.4936995436520197e-01	   4.6408849025945687e-01	   5.0166154057674461e-01	   4.7083814457042583e-01	   5.5573983864371079e-01	  -1.0715565681207424e-02	   1.2622019875926771e-01	   2.9608501016872057e-01	   3.0935144832216888e-01	   1.4663232338007673e-01	   4.6662556858027959e-01	   3.1181209892635109e-01	   3.4005736505126682e-01	   3.7163273884354808e-01	   1.1384949552194307e-01	   5.2846385544349239e-01	   5.6283047346170367e-01	   5.3251229897153307e-01	   5.1170031479622113e-01	   4.7533505377395968e-01	   5.9522086274242814e-01	   4.5766552442180697e-01	   4.2025272904329886e-01	   4.1292117668342321e-01	   5.9391432899808627e-01	
   7.4887846510111888e-01	   4.9309973342228108e-01	   5.1095374716131969e-01	   5.1072571529297583e-01	   3.5849281224356977e-01	   3.8397220152020883e-01	   6.7393093739750298e-01	   6.3474333833789043e-01	   4.4279482369566026e-01	   2.8494153458243721e-01	   7.6350829102148088e-01	   7.5336747871973453e-01	   7.0528649161987400e-01	   6.5533083656728786e-01	   3.6540584253592900e-01	   3.1749677613246285e-01	   0.0000000000000000e+00	   5.3508792833225516e-01	   6.5219046133399283e-01	   6.7411311100730331e-01	   5.6334468675318772e-02	   1.8172909438841348e-01	   3.5736138654125171e-01	   3.9302837259643952e-01	   4.7864636533564259e-01	   4.9429116023973069e-01	   2.9417950931773473e-01	   1.4588773260884741e-01	   7.2094918370001748e-01	   4.8336157000417079e-01	   1.8466116078015726e-01	   2.9567014056225099e-01	   6.7031251501603184e-01	   6.2989378728067524e-01	   1.6869813895836153e-01	   3.8224760341504516e-01	   2.5064023904748334e-01	  -2.6264000088569217e-01	   2.4849984977184608e-01	   2.5338890653823143e-01	   4.5562751098291343e-01	  -8.3707194080649444e-02	   4.9946108620508489e-01	   5.1252727997635039e-01	   6.4813860313094962e-01	   6.1004997493890367e-01	   5.5390085086802299e-01	   5.8408428871335083e-01	   6.6705351574883986e-01	   7.1382424073455164e-01	   6.3998991911283754e-01	   6.5897014364526829e-01	   7.0361743701389123e-01	   6.2380579433173389e-01	   6.2693107908375456e-01	   6.4282392146425260e-01	   7.6763862750862799e-01	   4.6564694569397158e-01	   7.6013529132236024e-01	   5.5624909557055791e-01	   8.0311952558095956e-01	   5.3242498785292991e-01	   7.0242113349186563e-01	   5.2561203204742535e-01	   4.0910131806431349e-01	   6.2308395685872442e-01	   7.1491509223132599e-01	   6.4252891394517697e-01	   6.2308388109429247e-01	   6.2601965054375563e-01	  -2.1103650705861265e-01	  -6.1851226598305335e-03	   5.8419647447870815e-01	   4.2386508504791920e-01	   2.4204983212174577e-01	   4.3776311810368235e-01	   2.5010675306967328e-01	   2.8361821313279156e-01	   6.8137130427975645e-01	   3.8278696949869830e-02	   6.6817317671309673e-01	   6.5791267278309085e-01	   6.5421412226687370e-01	   7.0977634842556681e-01	   4.2882718849625079e-01	   5.7915464539106276e-01	   4.5232037661362728e-01	   6.2433014584762270e-01	   2.9562932923572149e-01	   5.6123667049074832e-01	
