   0.0000000000000000e+00	   2.6070407442466176e-01	   4.3437654915505253e-01	  -1.2521736213812057e-01	   1.5655016240149180e-01	   4.6721658952334633e-01	   4.0498685175512428e-01	  -4.4883868491317336e-01	   2.4897078078151061e-01	   4.3056175112969874e-01	   6.3486825157725013e-01	   5.0126935113377391e-01	   3.3648190521155930e-01	   8.2767603682687360e-02	   3.0428717658485183e-01	   3.6854110239858795e-01	   4.2269235715948851e-02	   2.6687300602293124e-01	   4.1059612053282768e-01	   4.2781793767382670e-01	  -4.2056961209373279e-02	   2.1900952851964711e-01	  -3.1887665007692004e-03	   6.8278025413875024e-02	   1.8120025103352699e-01	   3.6245406039248729e-01	   3.0981737746847599e-01	   4.3012007962455645e-01	   5.6466433507912417e-01	  -3.3756214637930104e-01	  -5.4579807225141981e-04	   4.9688405349285558e-01	   3.6587620433360757e-01	   3.7597094315115853e-01	   2.5792332988060029e-01	  -1.7524143066505457e-01	   1.7744258853779088e-01	  -2.3608971034061021e-01	   1.6107218537301937e-01	  -2.1652624776598312e-01	   4.9987330537455282e-01	  -4.2134770326657667e-01	  -2.4601076583231057e-01	  -8.0152440623368099e-02	  -8.1578270912556830e-02	  -7.3400480946361910e-02	  -2.7117942278675211e-01	  -1.1769058601623617e-01	   9.8963037447231561e-02	   1.0308690210912445e-01	   8.8918270177172187e-02	   3.4571263558422594e-01	  -3.3787217875962883e-01	   3.3910020766817744e-01	   1.8021392979837611e-02	   5.1897017873852269e-01	   8.0711825086192490e-01	   3.7059085627041849e-01	   7.3217617723008610e-01	   3.7531651730806020e-01	   6.6806578141213779e-01	   3.4168968039993858e-01	   3.3179763724383049e-01	   4.2831710439264525e-01	   2.6434505555580640e-01	   3.3413894029105018e-01	   2.6405183136766330e-01	   2.7844545582483077e-01	   5.7239060923307872e-01	   3.7126736112434428e-01	  -3.6307049578826373e-01	   5.8496015095467857e-01	   4.2074862472061181e-01	   3.7472927054458971e-01	   7.1272127662654200e-02	   5.1180556122116005e-01	  -2.4881830309654729e-01	   1.6647910929162315e-02	   7.2615662209044321e-02	   7.3798830464423079e-02	   4.8193568766148913e-03	   3.9736786323208884e-01	   3.0374798452528073e-01	   3.1483041017664232e-01	  -9.1407853214435134e-02	   5.2655102382898145e-01	   4.7086311858498076e-01	   4.9422208636880860e-01	  -6.5684413478274151e-01	   7.4670889295546439e-01	
   2.6070407442466176e-01	   0.0000000000000000e+00	   5.9468755860829225e-02	   4.8987671398254284e-01	   5.4199010633070777e-01	  -3.1403899394201587e-02	  -1.3528264948397523e-01	   4.6178262854036989e-01	  -2.7200925403080806e-01	  -1.9337497856825400e-01	   2.3045250072984028e-01	   8.4489397586450932e-01	   2.6187570879311345e-01	   2.9824932223309975e-01	  -3.9627164243859869e-01	  -1.8160487136930875e-01	   5.6446425019383850e-01	   6.8590636323207654e-01	   3.0067318513324015e-01	   3.1319918823446380e-01	  -2.4607920685634815e-01	  -1.5435260342730767e-01	   4.7742966636933670e-01	   4.9627172544539205e-01	   5.5640195134352655e-01	  -7.7103079441625602e-02	  -1.7287365676228442e-01	  -7.5017447548693786e-02	  -2.2982278710988768e-01	   3.6643080597766131e-01	  -2.1250397919432212e-01	   5.8567290909541547e-02	   2.5650369834115294e-01	   3.8120871828374792e-01	   3.3916597241329560e-01	   1.8007151674574068e-01	   1.7385750352731683e-01	   3.5184532116894240e-01	  -1.0756191801091444e-01	   1.9821411528852476e-01	   2.3089107000197381e-01	   2.5810646202218457e-01	  -5.7265003725734030e-02	   1.4995501598397942e-01	   1.3300243757972285e-01	   1.3427303012543335e-01	   5.3969984556154198e-02	   5.2902380241633983e-02	   2.2370749729923134e-01	   4.7937716975485212e-01	   5.5275257427619062e-01	   4.5902677955238091e-01	   5.6742223728880359e-01	   2.2813178699065559e-01	   5.2396478827242954e-01	   6.9640522647780383e-04	   3.8760897044393899e-01	   7.2591665485649037e-01	   4.3700719575272995e-01	   7.2076869745529315e-01	   5.2142276455683123e-01	   7.3737330062667827e-01	   5.5558158274793534e-01	   5.4154739866619905e-01	   1.2810509249548171e-01	   2.8433547243711071e-01	   4.1570986191412224e-01	   4.5769548218934203e-01	   4.5159203547171889e-01	   5.1059315087863832e-01	  -1.8755258926234395e-02	  -1.9267165889547896e-01	   1.5424345360826561e-01	   8.9062296044248757e-02	   1.3321057799959671e-01	  -7.0951081687638168e-02	  -3.1281041549731686e-02	  -4.1045299187490870e-02	  -1.6777542171701444e-02	   4.0434791084681432e-01	   5.1769770627885160e-02	   2.7404209525158907e-01	   2.1112993937558364e-01	   5.6192078067381468e-01	   4.0586031780943344e-01	   3.0374586705477430e-01	   2.1396680684728203e-01	   3.6186643920965472e-01	   4.5050825124136040e-01	  -8.5419742709411911e-02	
   4.3437654915505253e-01	   5.9468755860829225e-02	   0.0000000000000000e+00	   5.2164423409616090e-01	   3.1637172193419988e-01	   6.2022771159617163e-01	   8.8848338689435102e-01	   9.4271949842235525e-02	   3.1775249642100611e-01	   4.2984452221374692e-01	   6.0011920739839764e-01	   1.4669145188905197e-01	   7.0701539933702084e-01	   2.3283144557629892e-01	   4.4626600967785068e-01	   4.5048678507471906e-01	   2.8715169848759081e-01	   1.5913703433516221e-01	   7.9333722656554995e-01	   7.8949441947092680e-01	   3.9877659565954882e-01	   7.0827978219362708e-01	   6.6549871650038450e-01	   6.8638604130144698e-01	   4.5461076058278416e-01	   6.1083252279675704e-01	   3.0911555427875054e-01	   5.1553429363215586e-01	   5.6667550357740282e-01	  -8.4049298705396874e-02	   3.2551710286801377e-01	   6.7965398532098553e-01	   4.8698935844468616e-01	   5.5161678085326049e-01	   4.0424260046039845e-01	   3.0882568740612937e-01	   5.0985567120619613e-01	   3.3831669246375436e-02	   4.4186991885133831e-01	   9.2634291220956289e-02	   5.4647631117884132e-01	  -9.4084983632241062e-02	   2.7133787983179675e-01	   4.2727590705839569e-01	   4.4813347382425672e-01	   4.0128148930438190e-01	   3.0376065851228651e-01	   3.8743157086863211e-01	   5.2986017948075992e-01	   4.0695010707026141e-01	   4.1978680151709191e-01	   5.2939503022555456e-01	   3.7516153269087256e-02	   6.6095259336557755e-01	   4.9470986433978781e-01	   7.7164113016254676e-01	   5.2232668057431675e-01	   3.2921228235364097e-01	   5.7052773668148993e-01	   2.3085603795349902e-01	   6.0719389107644905e-01	   3.6992402505428235e-01	   5.2211087346976548e-01	   4.5433964224212403e-01	   5.0259188564869905e-01	   3.7681298972525518e-01	   6.2160874097097363e-01	   6.4155659194271819e-01	   5.5478580708214265e-01	   5.6275477606017477e-01	   3.8975172074140543e-02	   6.0761698255888530e-01	   5.1218034523142464e-01	   4.3955286703785934e-01	   3.4362717272447846e-01	   5.3585076790046482e-01	   2.2741769333073761e-01	   3.7226133569382813e-01	   4.1950759899233120e-01	   1.2103711583122166e-01	   4.5392969921554760e-01	   5.7790394424688718e-01	   5.8661338637762328e-01	   3.9058104624722384e-01	   3.2169574820211222e-01	   6.5190236604607310e-01	   6.9457166782963253e-01	   6.2248960846370371e-01	  -2.5164866016057114e-01	   7.4069375009396465e-01	
  -1.2521736213812057e-01	   4.8987671398254284e-01	   5.2164423409616090e-01	   0.0000000000000000e+00	   4.9559895105187324e-01	   1.5032794125452142e-01	   3.0997718504435584e-01	   7.4198647451445499e-01	  -2.3028972666182770e-02	   4.0701824408551975e-02	   1.9918042134553854e-01	   2.9331689437256264e-01	   4.6752792122419828e-01	   3.4588112732955756e-01	   2.3877645867819916e-02	  -9.9572978934400549e-03	   5.8356887856690864e-01	   3.7060756054024235e-01	   6.1356590303866909e-01	   6.2483559877504646e-01	   2.5745232882386404e-01	   4.2416462871089955e-01	   8.3087822706217596e-01	   9.0698679391953307e-01	   5.1377198645659894e-01	   1.5265254205244225e-01	  -4.9219573482159551e-02	   8.1693133327196590e-02	  -6.8388419812908302e-02	   4.4502497675755259e-01	   5.8353491788509293e-02	   2.3861527690045400e-01	   2.8957918176606573e-01	   4.1971224480205138e-01	   4.5411329013258755e-01	   4.9402313844220186e-01	   5.4430957491036702e-01	   4.6888245457402583e-01	   2.4806434213843365e-01	   3.1258423619547271e-01	   3.0274503902422212e-01	   3.9638888085273655e-01	   4.5530104250618503e-01	   6.3291731207640667e-01	   6.6517658824759862e-01	   6.1683255735410125e-01	   5.6249925862250971e-01	   5.7262226459219057e-01	   5.7024168579603141e-01	   5.6934497147901075e-01	   6.0026480227388723e-01	   4.4116136545347462e-01	   5.1074213689737624e-01	   3.0773956223055143e-01	   7.0380756655376930e-01	   3.3651378013664790e-01	   1.0358043915873083e-01	   4.8120873131853148e-01	   2.2868524096224174e-01	   4.1692478041798453e-01	   3.1574012656532785e-01	   5.8195028169691865e-01	   4.3286136139745124e-01	   3.6448738830732652e-01	   3.1095015439620710e-01	   4.4004171539106796e-01	   6.5509387568553423e-01	   7.0379803953309594e-01	   3.5608133014078713e-01	   5.4032327710604233e-01	   3.5834347450044457e-01	   2.0241032551259162e-02	   1.7978408810363200e-01	   1.4647440984488577e-01	   3.4718779126361277e-01	   9.4212643335097081e-03	   4.3253051298768219e-01	   3.8632101976871841e-01	   3.7707993833317799e-01	   3.1173846600726307e-01	   5.4372243250960339e-01	   4.2238249456302440e-01	   5.7362128015791269e-01	   4.9455964160757243e-01	   7.7311551105226839e-01	   5.2513424740342007e-01	   4.6574568034459485e-01	   5.0260874924977061e-01	   5.6268372137918776e-01	   1.1446469157579713e-01	
   1.5655016240149180e-01	   5.4199010633070777e-01	   3.1637172193419988e-01	   4.9559895105187324e-01	   0.0000000000000000e+00	   2.0057575652601084e-01	   1.1573631709144799e-01	   3.6518796781998319e-01	   3.0930060202037812e-01	  -8.7350313829942419e-02	   2.6165975973492406e-01	   4.0304989707563921e-01	   3.0558340887172919e-01	   1.0989163231990988e-01	  -3.3404136378949284e-01	  -2.7471585021237277e-01	   6.7061914390617083e-01	   4.9587485974804069e-01	   4.8965017217195450e-01	   4.5486913988027289e-01	  -2.2220303069337166e-01	   4.6365309687782116e-02	   6.0020487603362727e-01	   5.5952925612404725e-01	   7.9992299563321390e-01	   1.0814117684732269e-01	  -1.3618438395157423e-01	   5.0406204205868721e-02	  -1.1743797047367099e-01	   1.2894750167337143e-01	  -7.3186080914913437e-02	   7.0162321352059784e-02	   3.0896562083877777e-01	   4.0920748761856746e-01	   4.0237346748068725e-01	   4.3995461799068092e-01	   4.4054005100415944e-01	   4.0605754380096970e-01	  -1.0218409428043611e-01	   2.8044390853220521e-02	   4.5817888101381321e-01	   2.3720683530552517e-01	   1.9544624918937653e-01	   2.7209072841055237e-01	   2.6606331135557149e-01	   1.9898878646215587e-01	   3.1577211270426775e-01	   2.8324971209739475e-01	   4.2104648946804718e-01	   4.6940960798306047e-01	   4.8033318320617363e-01	   3.8962022027725107e-01	   5.3991668058953890e-01	   2.8671992774865379e-01	   3.8406110624826684e-01	   5.9758144799470024e-02	   1.1300752440558091e-01	   3.1617994888741968e-01	   3.0020263816869713e-01	   3.6529757874459795e-01	   3.8294228348272730e-01	   5.8061548712860012e-01	   3.9432431206044499e-01	   3.2579241071148468e-01	   4.2476461547171518e-01	   2.7973748965439038e-01	   3.8043962584382307e-01	   4.3989244961377116e-01	   2.8093333123854625e-01	   3.5777065825235538e-01	   1.4499525594615367e-01	   1.2791850783581596e-01	   2.4797303667372017e-01	   2.9835321972720175e-01	   3.7226312729211497e-01	   2.5628818157036271e-01	   1.7218195519840734e-01	   1.5841179793982596e-01	   4.9809141312815705e-02	   1.9200757537942209e-01	   1.7461037328027890e-01	   2.7817868003256152e-01	   2.1324797981251631e-01	   2.8207667609011522e-01	   3.7653909767627480e-01	   3.0857289916965625e-01	   3.4079527749130628e-01	   2.8911644780803625e-01	   3.1437034234821476e-01	   2.3604056216808417e-02	
   4.6721658952334633e-01	  -3.1403899394201587e-02	   6.2022771159617163e-01	   1.5032794125452142e-01	   2.0057575652601084e-01	   0.0000000000000000e+00	   6.2232679473097818e-01	  -2.5137285819189958e-01	   3.5827180646548124e-01	   5.6558401643536782e-01	   4.6759052088145786e-01	   2.7535594233962950e-02	   4.3509666022909010e-01	  -1.1446466133161026e-02	   4.3003451224758793e-01	   2.9815723732270355e-01	   1.2197168272693040e-01	  -7.1049875222910550e-02	   5.4831666389468192e-01	   5.1844881355616257e-01	   4.7272197639098601e-01	   5.2090297734712199e-01	   2.6368572034622223e-01	   2.8461917471487236e-01	   3.5827575495348629e-01	   7.8246457912130829e-01	   5.1730384594772971e-01	   7.1087408865277424e-01	   6.0449709193348122e-01	  -2.8471867513631943e-01	   3.6350416994889478e-01	   6.0081399495420551e-01	   2.4150534452787736e-01	   3.3425392988301467e-01	   2.8541309933363407e-01	   7.8080190737584793e-02	   4.4019438091687213e-01	  -1.7986715221880745e-01	   4.9495576381103934e-01	   7.5077204560839661e-02	   6.0954427107115317e-01	   2.5043567519645073e-02	   2.2679549887721101e-01	   3.8685052856753804e-01	   3.4228069476604073e-01	   3.3874346794427701e-01	   2.1138357792204343e-01	   3.0329364481933474e-01	   3.9085541323524120e-01	   3.4259933495767325e-01	   2.6804879311300012e-01	   4.0899866266428375e-01	  -2.4963962552933150e-01	   4.3819264671147617e-01	   2.0343961572130215e-01	   6.9440692046308705e-01	   4.9113113511381928e-01	   1.1083871496343954e-01	   4.7037509806461397e-01	   1.6733743354411296e-01	   4.4435960988221246e-01	   1.1079377053540457e-01	   3.3173908082459092e-01	   2.7725170091712414e-01	   2.4793141878677094e-01	   1.3956844071807567e-01	   4.0992121615251131e-01	   4.7058007303701255e-01	   3.9769768350700851e-01	   2.4038011530814646e-01	   1.2543441590760740e-01	   5.9105414486354291e-01	   5.5863908355887837e-01	   6.3635535598646187e-01	   2.3396074957058904e-01	   6.2044967776564797e-01	  -9.6262027275619458e-02	   5.6872918562602265e-02	   3.2478013685328433e-01	  -7.3082829440114849e-02	   2.5674459915927883e-01	   3.7927760716828263e-01	   4.6899530657984090e-01	   3.5105093870050730e-01	   1.1902474064366361e-01	   5.4883712013350316e-01	   6.1423465004418221e-01	   6.0703538785538780e-01	  -4.5243153303539235e-01	   7.1341281150319658e-01	
   4.0498685175512428e-01	  -1.3528264948397523e-01	   8.8848338689435102e-01	   3.0997718504435584e-01	   1.1573631709144799e-01	   6.2232679473097818e-01	   0.0000000000000000e+00	   4.9560360846017358e-02	   3.7105588530243117e-01	   4.2471807527810485e-01	   5.8251393400245155e-01	  -2.8830327329380050e-02	   7.1462375018834123e-01	   2.0691510715934136e-01	   5.2170792821459833e-01	   4.4949933534791070e-01	   1.6026561834948594e-01	  -3.9132082904959543e-02	   6.2122218958567421e-01	   6.0162765803943152e-01	   3.6883025383402129e-01	   6.2051762538624222e-01	   4.1731127074774454e-01	   4.3377507707422891e-01	   2.8678745750952622e-01	   6.2931030531114285e-01	   2.6880167063245541e-01	   4.2399501246361010e-01	   6.2758575965855634e-01	  -2.7259692167668415e-01	   3.7847442005319937e-01	   6.6433747331551962e-01	   3.6138799217841078e-01	   3.8162758163176724e-01	   1.1919913888671542e-01	   1.7137424648901639e-01	   4.2220795048224569e-01	  -6.1491247440937237e-02	   3.9443653509521681e-01	  -2.2101059352546857e-03	   4.8002114429109416e-01	  -1.2437581804103325e-01	   2.1332059135093237e-01	   3.1764505729355230e-01	   3.0343222249209445e-01	   2.7191971865912667e-01	   2.0825213763062228e-01	   2.6358836068186520e-01	   4.0140150832673904e-01	   2.4686284306258693e-01	   2.2091267492432748e-01	   3.9839161089771208e-01	  -2.2642434083292604e-01	   4.7532197133587456e-01	   3.0621021575267615e-01	   7.1183465324451567e-01	   3.9581456336103171e-01	   8.8013945469428395e-02	   4.3797132177345810e-01	   6.2526079465374529e-02	   4.5312051672703219e-01	   1.4696662988284098e-01	   3.1744876785519055e-01	   2.1433367179737611e-01	   5.0221232474257504e-01	   3.6427443057324438e-01	   4.5537492124973222e-01	   4.5891506191611964e-01	   4.1749987421017559e-01	   3.6013591390291366e-01	   8.2649430116263259e-02	   6.5890011161241002e-01	   5.6061381263977039e-01	   4.9921680609727126e-01	   3.5014712609775483e-01	   5.8588761525801014e-01	   1.9187846622985283e-01	   3.2341839435283082e-01	   2.6049015814323140e-01	  -5.6971952605041842e-02	   2.4773362818449629e-01	   3.3379773539777713e-01	   4.0380238737321061e-01	   1.8349100797844736e-01	   8.5337918675801622e-02	   4.6463171311424656e-01	   5.0107891819830053e-01	   4.1679492198901436e-01	  -3.8280749213000748e-01	   7.0584913336901534e-01	
  -4.4883868491317336e-01	   4.6178262854036989e-01	   9.4271949842235525e-02	   7.4198647451445499e-01	   3.6518796781998319e-01	  -2.5137285819189958e-01	   4.9560360846017358e-02	   0.0000000000000000e+00	  -1.9183589763098102e-01	  -2.5462946301000816e-01	  -1.9620065380977306e-01	   2.1080350053502095e-01	   2.1262447545559107e-01	   3.1631463862568970e-01	  -2.7699423731532136e-01	  -2.3244141872580423e-01	   5.1451678235383302e-01	   3.7576876442104740e-01	   2.1093203277254630e-01	   2.2551279796875562e-01	  -8.5386901535109944e-02	  -1.6642257386854774e-02	   5.3686014239550084e-01	   5.7921594084568562e-01	   3.2955037239391333e-01	  -1.4855126240033961e-01	  -2.5212124833455490e-01	  -2.3242803148871100e-01	  -3.2550003898875324e-01	   5.5667210167667869e-01	   2.9932200182496940e-02	  -7.1847750857490164e-02	   1.6340749047159633e-01	   2.0427770686079744e-01	   1.3343717388773332e-01	   4.4321910213885335e-01	   2.9826214527082923e-01	   6.3091048340442613e-01	   1.5458525734729105e-02	   3.6204996232180858e-01	   7.4414644555813189e-02	   5.7201207455489411e-01	   2.9832944642781517e-01	   3.6164645212319135e-01	   3.6499626254939666e-01	   3.2395427094199786e-01	   4.2000130584976914e-01	   3.3175456059766267e-01	   3.4052796439022504e-01	   3.5118863959502994e-01	   4.2178348668542137e-01	   1.8469589963251998e-01	   5.8291607505214560e-01	  -1.6272492992713258e-02	   5.3992134060714636e-01	  -7.8166709416489344e-02	  -2.3902132092346404e-01	   2.8001682151589014e-01	  -8.0995781064763045e-02	   2.4144851926011379e-01	   3.0464915765239429e-03	   4.0056159142059633e-01	   2.3532353123943336e-01	   8.4828798095294380e-02	   1.6557725994312064e-01	   3.3232241360944825e-01	   3.1525026770350667e-01	   3.5692595597102900e-01	   8.8990156131338524e-02	   2.9625970967286563e-01	   3.4609194612086480e-01	  -2.7598963016547523e-01	   3.5123235477302464e-02	  -2.6078943246361551e-03	   2.8251089683023123e-01	  -2.0935796384824185e-01	   4.2745004190650232e-01	   2.6972576124646030e-01	   1.3941977792974458e-01	   1.8747202366712490e-01	   2.7999220754812865e-01	   4.2212009659915589e-02	   1.8050286919708014e-01	   2.4434364920718285e-01	   5.1548772194970327e-01	   5.5551440263356552e-02	   6.2295140653472289e-02	   7.8532280916023836e-02	   7.7533328860539541e-01	  -3.6345469484751641e-01	
   2.4897078078151061e-01	  -2.7200925403080806e-01	   3.1775249642100611e-01	  -2.3028972666182770e-02	   3.0930060202037812e-01	   3.5827180646548124e-01	   3.7105588530243117e-01	  -1.9183589763098102e-01	   0.0000000000000000e+00	   5.8268478285913183e-01	   3.5403839690579469e-01	  -1.7248881936552335e-01	   7.7683736216678428e-02	  -3.5615355201501289e-02	   4.9650147185548033e-01	   4.3278232680747937e-02	   6.1840413380916462e-02	  -1.9748206306606775e-01	   2.6538044050809195e-01	   3.2799065569857505e-01	   7.9173792423152770e-02	   3.1129372667339938e-01	  -1.1759298044874061e-02	   2.8400650350906324e-02	   5.2184325777050136e-02	   3.4512674794388498e-01	   2.0366444612146012e-01	   1.3153856382231488e-01	   2.6490193103586296e-01	  -2.7562401888163429e-01	   1.0279058990615514e-01	   1.8995867370705688e-01	   1.5282981184095693e-01	   7.8744176490040674e-02	   1.4385140827694415e-01	   9.8761663553585288e-02	   3.3672173513531145e-01	  -5.1452246112577461e-02	  -4.5515680443670589e-02	  -4.0188291138485621e-01	   2.8763837820998439e-01	  -2.6002683930027365e-01	   2.2510387807496196e-01	   1.0712615874497641e-02	   9.9620208609580679e-02	   7.7155014408537670e-02	   1.7040187065514162e-01	   1.8439988508751010e-01	   6.4856860497642735e-02	   1.8221823706555770e-02	  -1.0269715355174847e-01	  -8.9591829422172205e-03	  -3.3758899397639802e-01	   1.5539752959006597e-01	  -1.6499949858348562e-01	   2.1639059423670193e-01	  -8.4773284970988700e-03	  -3.2426599512108134e-01	   5.3327945231991507e-03	  -2.9797687376488630e-01	  -9.7252078684788634e-02	  -2.2586404360516363e-01	  -2.3978700278876050e-01	  -2.4556191933870128e-01	   4.3757323834071865e-01	   3.2725443295171336e-01	   7.8963351499126838e-02	   4.2601694414193973e-02	   1.0482644247852252e-01	  -4.6978892973064991e-02	   8.3516528277586849e-02	   3.9347591444989677e-01	   3.5964331300068558e-01	   4.0427909322769262e-01	   3.5799912135050010e-01	   5.2589600769250300e-01	   3.7707341445273757e-01	   5.0494762709597452e-01	   4.6788600867129979e-02	  -4.7998058859270526e-02	   1.0723444168509200e-01	   7.2185858486155163e-02	   1.8191675893699533e-01	  -2.1061652197557929e-01	   1.0669744919727048e-01	   1.8596814487517244e-01	   3.2296695492184779e-01	   7.0915528648959086e-02	  -3.4071878584147552e-01	   3.5286350381741149e-01	
   4.3056175112969874e-01	  -1.9337497856825400e-01	   4.2984452221374692e-01	   4.0701824408551975e-02	  -8.7350313829942419e-02	   5.6558401643536782e-01	   4.2471807527810485e-01	  -2.5462946301000816e-01	   5.8268478285913183e-01	   0.0000000000000000e+00	   4.7002907240260638e-01	   2.5942564773463156e-02	   2.2000668852312416e-01	   1.3012233018271849e-01	   7.5085813981538163e-01	   5.3779027075937980e-01	  -1.4911865359048107e-01	  -1.1977397313157498e-01	   3.7790256831576408e-01	   4.6244809882365950e-01	   3.7922435618857686e-01	   4.4772566884019716e-01	  -2.0899544732047717e-04	   1.1374202681786047e-01	  -1.0784927801634489e-01	   6.1586621173391887e-01	   5.2582118780504083e-01	   4.8822843247283210e-01	   5.5849820843678732e-01	  -4.6396856039439896e-02	   2.8928739813399024e-01	   5.2182911159816436e-01	   3.7952120728407834e-01	   3.0839768592742178e-01	   3.6276576092603813e-01	   8.0115886506331668e-02	   2.6828605915352005e-01	  -1.4261961956894592e-01	   2.9766144801024197e-01	  -1.3047996315593186e-01	   2.6100705940835933e-01	  -2.9221028527789156e-01	   2.3322379312308744e-01	   1.8835023748937671e-01	   2.7085419445863218e-01	   3.1566643680168049e-01	   1.3802664462399861e-01	   2.5326199481650769e-01	   1.3176397111816573e-01	   1.5830924869643201e-01	   9.5555030796760261e-03	   1.7502430954642126e-01	  -4.7175836034494023e-01	   3.5251014896397637e-01	   4.3938935857107703e-02	   6.1973379355714853e-01	   4.0535650330501527e-01	   4.3168604620730404e-02	   2.5315254813584198e-01	  -1.1377272286554743e-02	   1.5648646304326902e-01	  -1.7480029526209064e-02	   2.9100554460153838e-03	   1.3302878007843139e-01	   2.2463301256766832e-01	   4.3556478867565379e-01	   2.5510977674173418e-01	   2.6908518603488069e-01	   3.2751666487278797e-01	   1.8145996184716870e-01	  -1.1096727566408122e-01	   4.1755995642153770e-01	   2.2960042087247651e-01	   3.2555868962025980e-01	   6.6912292562535669e-02	   4.1423041444081743e-01	   1.4693442565050316e-01	   4.3417258003192460e-01	   3.4337071374212569e-01	   7.5433418201127589e-02	   2.9299606124074196e-01	   3.0070284072739650e-01	   5.7348857996080338e-01	   2.2692616712763461e-01	   1.9128046155605877e-01	   4.6399457284909396e-01	   6.5885658717460216e-01	   5.0741318474607744e-01	  -5.4036518583791837e-01	   7.0235894740918225e-01	
   6.3486825157725013e-01	   2.3045250072984028e-01	   6.0011920739839764e-01	   1.9918042134553854e-01	   2.6165975973492406e-01	   4.6759052088145786e-01	   5.8251393400245155e-01	  -1.9620065380977306e-01	   3.5403839690579469e-01	   4.7002907240260638e-01	   0.0000000000000000e+00	   4.2531608286574663e-01	   6.8122340426933703e-01	   5.0196419339165677e-01	   4.7432150412204682e-01	   5.1237024228576256e-01	   2.8722448424702035e-01	   2.0323999529554554e-01	   6.2698563053519485e-01	   6.0573703963280545e-01	   2.9780036557268619e-01	   4.9354644455798719e-01	   3.2799885205610196e-01	   2.8271841766820449e-01	   3.6437099239794229e-01	   5.2212468442966986e-01	   2.7398052800525752e-01	   2.5850798589711355e-01	   3.9109083916605031e-01	  -2.5549211043504760e-01	   2.4154946486543477e-01	   6.6212880993903633e-01	   4.7010305556104970e-01	   5.0502664834569033e-01	   3.9301688337682994e-01	   2.4762970430410935e-01	   3.5394518888014037e-01	  -1.1502173159661686e-01	   4.3957663592315774e-02	  -2.4520891538121092e-01	   3.3523067362248005e-01	  -4.5086006248075461e-01	   1.7241302951233217e-01	   2.4315245244257422e-01	   2.4189850361984405e-01	   2.5972957371297878e-01	   1.1515543842252701e-01	   2.0695329514069200e-01	   3.3848247691019312e-01	   4.3399894472413736e-01	   3.6887647683183633e-01	   5.8534321089110797e-01	  -1.3334670412359559e-01	   5.9061881317972165e-01	   3.6220548736383640e-01	   5.7618682398931886e-01	   5.9593899189170529e-01	   3.5865352129327832e-01	   6.0476705079687654e-01	   3.7877675250665244e-01	   6.3451657343155410e-01	   4.1427288100483473e-01	   3.6610374563064552e-01	   4.2103091152363437e-01	   6.9609003085348353e-01	   4.5007483393696601e-01	   5.6368020356810333e-01	   4.8254744215339662e-01	   5.5670553886455210e-01	   4.4209539962043687e-01	   3.5850672543463864e-02	   5.2927631550019094e-01	   4.9920629055640969e-01	   4.2203545582803326e-01	   4.0568236584583062e-01	   5.4000600564920598e-01	   2.0232733919268572e-01	   3.4228133891781831e-01	   8.4942792213273485e-02	   2.7651473250705572e-01	   3.5616005486726846e-02	   3.5455313498381319e-01	   4.5933270572282392e-01	   2.4169926949056969e-01	   8.9536540182672930e-02	   4.1059190583898397e-01	   5.2195305019392624e-01	   4.0274167229882896e-01	  -3.6559243488237536e-01	   6.4225605761603843e-01	
   5.0126935113377391e-01	   8.4489397586450932e-01	   1.4669145188905197e-01	   2.9331689437256264e-01	   4.0304989707563921e-01	   2.7535594233962950e-02	  -2.8830327329380050e-02	   2.1080350053502095e-01	  -1.7248881936552335e-01	   2.5942564773463156e-02	   4.2531608286574663e-01	   0.0000000000000000e+00	   2.5539270861778696e-01	   3.0724222371533927e-01	  -1.9682930664891302e-01	   8.1233706415398621e-02	   3.9037273138428624e-01	   6.1425345073789117e-01	   3.5342379752280539e-01	   3.6290256189947501e-01	  -2.9705612516976743e-01	  -1.2337296401752704e-01	   2.8636471406795216e-01	   3.4430391120238935e-01	   4.0671144067208986e-01	   3.2745366132100454e-02	   8.8168650143235744e-02	   1.4020703310942639e-01	   2.6250419989326023e-03	   3.0746526015999609e-01	  -1.4023355846715643e-01	   1.6561898109096787e-01	   3.3796455953737164e-01	   3.8090436051659105e-01	   3.8600026053430336e-01	   1.6455458732339456e-01	   1.6061150266354063e-01	   2.8709375188469938e-01	  -1.6150114291372619e-01	  -3.5756877474195196e-02	   3.0481523031433955e-01	  -8.7406582270808247e-02	  -1.1895621824878751e-01	   8.1310217327634091e-02	   9.1550167521259301e-02	   8.6113474304680762e-02	  -6.6874922153022973e-02	  -1.5067238051412659e-02	   1.3677646921095415e-01	   3.0215132313745557e-01	   3.7278512565046518e-01	   4.0553766649292766e-01	   2.3757172131774743e-01	   2.7649752174196912e-01	   3.7014794755673097e-01	   1.0560291014011113e-01	   5.5721371363651540e-01	   6.6329145348656449e-01	   5.5763731882605749e-01	   5.9732085898064635e-01	   5.8625129296797107e-01	   6.4859951100553670e-01	   4.6934533734241790e-01	   4.6302291505407267e-01	   2.5734475346631841e-01	   3.6961052486838486e-01	   4.4856870635960611e-01	   4.5649355256743396e-01	   5.8093141090574785e-01	   5.6985806925228510e-01	  -1.2764687295516877e-01	   6.7837773181723654e-02	   1.9562269894489837e-01	   3.4405717539846607e-02	   6.1710639937421277e-02	   9.3888899251267765e-03	  -3.2701450378676784e-02	   6.9684572647793860e-02	   7.8961892015737375e-02	   4.8357683868923879e-01	   1.2018546917218907e-01	   3.9118363979251386e-01	   3.0410399862703952e-01	   6.4461859278358136e-01	   3.2400602566126063e-01	   3.9171315699591658e-01	   3.2520525334868927e-01	   4.1099898271826907e-01	   9.1913247016946961e-02	   1.3064717954795721e-01	
   3.3648190521155930e-01	   2.6187570879311345e-01	   7.0701539933702084e-01	   4.6752792122419828e-01	   3.0558340887172919e-01	   4.3509666022909010e-01	   7.1462375018834123e-01	   2.1262447545559107e-01	   7.7683736216678428e-02	   2.2000668852312416e-01	   6.8122340426933703e-01	   2.5539270861778696e-01	   0.0000000000000000e+00	   5.5589902628791610e-01	   2.9869462840361172e-01	   4.1310666215832242e-01	   4.8921438248926991e-01	   2.8279012602084835e-01	   5.7299474134294459e-01	   5.6928827975664287e-01	   3.2862443155157517e-01	   5.2482411393003547e-01	   5.9995014591344931e-01	   5.4716972192846625e-01	   5.4195407188109912e-01	   5.1140570897939597e-01	   1.4647109301013672e-03	   1.7157515517050625e-01	   3.7596320526625421e-01	  -9.5309009920579113e-02	   2.1595535047681857e-01	   5.7086417245268017e-01	   4.7602468249966345e-01	   5.2296854246175761e-01	   1.6299556109398292e-01	   2.6826528971350444e-01	   2.8343967583055274e-01	  -5.5779386435453562e-02	   2.7827353765236379e-01	   1.2025187805230839e-01	   2.4611563609013687e-01	  -6.8614482967463905e-02	   1.2163030085563908e-01	   3.4115357886525743e-01	   2.8486092996190232e-01	   3.0086988471763465e-01	   1.5807418688431568e-01	   1.8268156751440517e-01	   4.8972016903762677e-01	   5.0465675167132318e-01	   5.1286274389137954e-01	   6.2359686644886558e-01	   1.4837031879328005e-01	   5.1879666626419141e-01	   5.5948083111069358e-01	   5.8241622241927016e-01	   4.9399953530483964e-01	   4.7350694251950431e-01	   5.8060136910564908e-01	   5.1929188409745974e-01	   6.8614279764064001e-01	   5.7411422917903354e-01	   6.3563219216899425e-01	   5.5728622638654091e-01	   5.6125488862428607e-01	   3.8087407484671937e-01	   5.4772478287421245e-01	   5.6221312749899632e-01	   5.4490912488284193e-01	   5.3064633250527737e-01	   4.0160901506250339e-02	   3.3237731884937793e-01	   3.1062375868458680e-01	   2.6744934089327022e-01	   2.6416868998454596e-01	   3.6034516355323376e-01	   4.3014304666221630e-02	   1.0444856321537942e-01	   1.9394943587096700e-01	   9.0229355450031773e-02	   1.2860941205126358e-01	   3.0451550282486134e-01	   4.1194036082687280e-01	   2.9239195228949294e-01	   1.5020170623771545e-01	   4.1129207209263163e-01	   4.5718180983299506e-01	   4.2198558077491266e-01	  -4.9293472118581094e-02	   5.1968152531307676e-01	
   8.2767603682687360e-02	   2.9824932223309975e-01	   2.3283144557629892e-01	   3.4588112732955756e-01	   1.0989163231990988e-01	  -1.1446466133161026e-02	   2.0691510715934136e-01	   3.1631463862568970e-01	  -3.5615355201501289e-02	   1.3012233018271849e-01	   5.0196419339165677e-01	   3.0724222371533927e-01	   5.5589902628791610e-01	   0.0000000000000000e+00	   3.3921302045123131e-01	   4.7499609487042682e-01	   4.3878736141079488e-01	   4.7725617888481453e-01	   3.5321298603443085e-01	   3.6200439930271333e-01	   2.3280595468788368e-01	   3.2954100747814863e-01	   3.2616511107354662e-01	   2.5320540860353091e-01	   3.1775678559910003e-01	   1.7975683687752236e-01	   9.6106949462950619e-02	  -1.2117759981752443e-01	   3.2752102288922856e-02	   1.6876773572210951e-01	   2.4420248235021885e-01	   4.0720494257282236e-01	   3.4061807016841084e-01	   3.4409669786800778e-01	   2.6352595351370084e-01	   3.2712848616711548e-01	   1.6499602433670080e-01	   4.9485436582515648e-02	   8.5548508380097893e-02	   1.8779126248999651e-02	  -1.1617191516529906e-02	  -1.0375251508062783e-01	   1.5698197652709933e-01	   1.8223541942963659e-01	   1.5153885511098938e-01	   1.5394429171279625e-01	   9.7506926839488348e-02	   1.2593777367511766e-01	   3.1203949424808741e-01	   4.4044814196123933e-01	   4.9276971954874393e-01	   5.9685197028299664e-01	   2.7872960055157070e-01	   4.4452960713303624e-01	   5.1769653520165693e-01	   2.9046284131724742e-01	   3.0744456329133940e-01	   4.6631901916097418e-01	   3.9546071380134723e-01	   5.0881310581957195e-01	   4.6441825550213101e-01	   5.1663072384711728e-01	   4.6871658174636077e-01	   4.3547716466664332e-01	   4.7036683085994635e-01	   4.3500333920768236e-01	   4.3172868480415699e-01	   3.5354401642286309e-01	   4.2339192678813253e-01	   4.0617784789718231e-01	   1.2080267577959909e-01	   2.0934156940280363e-02	   2.2834426916568668e-01	   5.0287847532414442e-02	   4.3317248104671646e-01	   2.6110280843421946e-01	   2.4114591298624649e-01	   1.8289761731183113e-01	   4.4141575289229247e-03	   3.0246200054622918e-01	   6.6834674737028782e-02	   1.8968811588918466e-01	   3.6254295845491369e-01	   1.4189352906390792e-01	   1.0695804563700941e-01	   2.7390725504143253e-02	   2.9177292741934041e-01	   1.6305978541369720e-01	   2.0548429399892976e-01	   1.4027350102661670e-01	
   3.0428717658485183e-01	  -3.9627164243859869e-01	   4.4626600967785068e-01	   2.3877645867819916e-02	  -3.3404136378949284e-01	   4.3003451224758793e-01	   5.2170792821459833e-01	  -2.7699423731532136e-01	   4.9650147185548033e-01	   7.5085813981538163e-01	   4.7432150412204682e-01	  -1.9682930664891302e-01	   2.9869462840361172e-01	   3.3921302045123131e-01	   0.0000000000000000e+00	   6.5637352693415396e-01	  -1.9038354393156481e-01	  -2.2812539285892339e-01	   3.0160311219804570e-01	   3.5480308833113455e-01	   5.2833400250009621e-01	   6.1969496036390626e-01	  -7.7080318844195361e-02	   1.4027661540148208e-02	  -2.7854670553070138e-01	   4.4240912035970137e-01	   5.7725722756220510e-01	   4.3272277323894581e-01	   5.1032998429220056e-01	  -2.0345852068681400e-01	   2.8851390672962640e-01	   5.2714021958692858e-01	   1.5726768722729179e-01	   9.4670941782072388e-02	   1.7372824934620723e-01	  -1.9435676691356270e-02	   1.5561456815188612e-01	  -3.5923915849741228e-01	   2.6297299004637037e-01	  -2.8644278180973137e-01	   1.0033044742556282e-01	  -4.0230979713687642e-01	   2.0084398802946879e-01	   1.0843678395070189e-01	   1.7645546787178612e-01	   1.9082354669452456e-01	   4.8809551061592557e-02	   1.6022243037590161e-01	   9.0458924494128429e-02	   7.3274281926919774e-02	  -1.9971172312525869e-02	   1.7500201139973490e-01	  -5.1296857919696670e-01	   3.4061150379335470e-01	   3.2591459796802988e-02	   5.9535000985642006e-01	   3.1156357100076093e-01	  -4.1898442192601179e-02	   2.1741038021149545e-01	  -3.2419068751384346e-02	   1.2367326773861763e-01	  -1.3747923104590737e-01	  -3.9521305740391449e-02	   3.6731857614838923e-02	   2.8725402964436414e-01	   3.2034810986019929e-01	   2.3532220517248095e-01	   1.8815212012856208e-01	   2.7343986384549018e-01	   1.1386884553439802e-01	  -1.3207916153906318e-02	   4.2753717113657191e-01	   3.1723327543212676e-01	   2.8079116991356673e-01	   2.0922190360229082e-01	   5.1309794831517708e-01	   2.0307565070924538e-01	   3.6894463258152110e-01	   2.2509508558493485e-01	   2.0453489184519433e-02	   2.3940428439007835e-01	   2.6041593455750683e-01	   5.1463089470352863e-01	  -4.5645473213344889e-02	   8.6346527894294103e-02	   3.0184004678900256e-01	   4.7046262733058503e-01	   2.7656256393366307e-01	  -4.9325126786778728e-01	   6.3372862052800183e-01	
   3.6854110239858795e-01	  -1.8160487136930875e-01	   4.5048678507471906e-01	  -9.9572978934400549e-03	  -2.7471585021237277e-01	   2.9815723732270355e-01	   4.4949933534791070e-01	  -2.3244141872580423e-01	   4.3278232680747937e-02	   5.3779027075937980e-01	   5.1237024228576256e-01	   8.1233706415398621e-02	   4.1310666215832242e-01	   4.7499609487042682e-01	   6.5637352693415396e-01	   0.0000000000000000e+00	  -1.4283970552219755e-01	  -3.8244128883567471e-02	   3.1789215765845091e-01	   3.3058963432067251e-01	   3.5009801956804498e-01	   4.6068909852860151e-01	  -3.2799581222146190e-03	   4.1665986548769143e-02	  -1.2624147452370643e-01	   3.8515441006895279e-01	   4.3768499262389371e-01	   4.1201774794854673e-01	   4.7939478863685758e-01	  -1.1552608772755962e-01	   3.6022705148308404e-01	   6.2094457308515116e-01	   3.9901434114272000e-01	   3.3535694118952208e-01	   1.6460752117884775e-01	   3.7900264740643841e-02	  -1.0639792340208152e-02	  -2.6710079574899226e-01	   3.0949668695713534e-01	  -7.1331458123062796e-02	   1.0090992256437724e-01	  -3.9696525048353259e-01	   1.6126021150753414e-02	   8.7875351184661568e-02	   4.1541927111458307e-02	   9.5957694267244709e-02	  -7.9132144611258393e-02	   4.4850223261245152e-02	   1.2508069369534366e-01	   5.2429353149065341e-02	   4.0262898495348004e-02	   2.7248430899021880e-01	  -2.4719089371473574e-01	   4.9426474753427629e-01	   1.5887395978068766e-01	   5.6916278916284280e-01	   4.9620984209986402e-01	   2.1463281682586241e-01	   4.3080014078679485e-01	   1.4367338336099375e-01	   4.2073027124723089e-01	   1.4262189530336897e-01	   2.9956898660298420e-01	   3.1855640872454588e-01	   1.7907914334123273e-01	   2.0364345058945046e-01	   2.3942240936698272e-01	   2.0778190929208029e-01	   3.7554573332657970e-01	   2.8545141010565378e-01	  -1.8627648067990948e-01	   4.0358628547943404e-01	   1.7243084767057376e-01	   6.1171344782902662e-02	   2.6342008358460088e-02	   3.0048180401830976e-01	   2.1433915261049171e-03	   1.5861253453115076e-01	   1.9332142007147268e-01	   9.5805769160771277e-03	   1.2972569841569226e-01	   2.6155029872727614e-01	   4.1880865557488522e-01	   1.6661545661401542e-01	  -8.8822279317508565e-02	   2.4244758044301035e-01	   4.6481935721616424e-01	   3.1552956679247407e-01	  -4.5067405892701295e-01	   5.8447921578158801e-01	
   4.2269235715948851e-02	   5.6446425019383850e-01	   2.8715169848759081e-01	   5.8356887856690864e-01	   6.7061914390617083e-01	   1.2197168272693040e-01	   1.6026561834948594e-01	   5.1451678235383302e-01	   6.1840413380916462e-02	  -1.4911865359048107e-01	   2.8722448424702035e-01	   3.9037273138428624e-01	   4.8921438248926991e-01	   4.3878736141079488e-01	  -1.9038354393156481e-01	  -1.4283970552219755e-01	   0.0000000000000000e+00	   6.2039802806722055e-01	   5.3662612483887540e-01	   5.1458368912677876e-01	  -5.2844124166480530e-02	   1.4607762188683260e-01	   5.8834382401177154e-01	   5.7946151363809550e-01	   6.2451808424730326e-01	   3.2167792691378559e-02	  -1.4105391628256070e-01	  -8.3084720026419312e-02	   1.1466579005566052e-02	   2.7438810541027736e-01	  -9.2662798649777098e-03	   5.3393082037342318e-02	   2.6634544100389301e-01	   3.5216586170121555e-01	   2.5479312832106282e-01	   4.6710650009744126e-01	   5.4107226932799679e-01	   4.6405595848842451e-01	   1.0225435619343824e-01	   8.0882916610784991e-02	   3.6223393130478609e-01	   3.3132046007595523e-01	   2.0492378904951183e-01	   3.1016601490906204e-01	   3.2493369863839316e-01	   2.4734858479382615e-01	   3.3921380928364397e-01	   2.8431626680270561e-01	   4.8711670727968581e-01	   4.9713620244510920e-01	   5.8599019732915791e-01	   4.3086208336132065e-01	   5.4668634725864584e-01	   2.5612699474488154e-01	   6.0508851401745400e-01	   1.3837844509926028e-01	   1.4021596178833082e-01	   4.7126553808082000e-01	   4.4767972679326828e-01	   5.5748891546423995e-01	   4.8355481739378814e-01	   6.1329510543622834e-01	   6.5176614089235940e-01	   3.7015657825904930e-01	   5.4492658689449003e-01	   3.4169322403596142e-01	   5.6490681170069101e-01	   5.6540503854031854e-01	   4.6068721459262435e-01	   5.1968015914326138e-01	   2.9433334335148664e-01	   1.1551681185926542e-01	   3.1093055796230851e-01	   2.0288639454656643e-01	   4.3331239349873446e-01	   1.8406709133115723e-01	   3.2364581186617736e-01	   1.8013016305865165e-01	   2.2841123851662987e-01	   3.0934146005484453e-01	   3.5559422107772898e-01	   3.6507835367081476e-01	   3.6207701008795617e-01	   3.3081052421985807e-01	   4.9952278385399862e-01	   2.8593332485372591e-01	   3.1781717066331505e-01	   2.9466920271160701e-01	   5.2140201643932271e-01	  -3.2531011730459469e-02	
