   0.0000000000000000e+00	   7.7560000542307228e-01	   4.2457113885093806e-01	   4.0162521283651209e-01	   3.2936914373183579e-01	   1.4201172349763513e-01	   4.2292284449398715e-01	   5.1600715036350375e-01	   2.8486908070810041e-01	   2.9575692785590252e-01	   7.0208350752450943e-01	   6.8894492977956567e-01	   7.0355788719196832e-01	   4.7941944715391027e-01	   5.9394710564540110e-01	   3.9829199527245368e-01	   6.8960813253969744e-01	   5.4865292329909732e-01	   7.8306921319161282e-01	   7.6016429528597884e-01	   5.7955596415031363e-01	   5.1202256787599010e-01	   3.3799948469685404e-01	   6.7255438767468145e-02	   3.0082921863760137e-01	   2.9544171885302817e-01	   4.1666955561387575e-01	   2.7803656932409571e-01	   3.2743213736420207e-01	   3.7146614835151992e-01	   5.2576661250009049e-01	   4.4569836438664562e-01	   6.5313021981190356e-01	   5.8403172254419478e-01	   3.1313364984061481e-01	   1.2213196261532361e-01	   6.3271614771840967e-01	   6.6707454321648940e-01	   4.1719381249999971e-01	   6.2049262772556890e-01	   3.9201270991609938e-01	   5.8869259903657456e-01	   6.0465192408022173e-01	   5.7930896747291238e-01	   5.0175684325348291e-01	   5.5769140612144374e-01	   7.3258249946516529e-01	   6.6792000751010971e-01	   6.4681795679271759e-01	   6.0283471906431318e-01	   6.3207398797332193e-01	   6.9596668107876392e-01	   4.5304948067533612e-01	   6.2107794006308448e-01	   5.8774825671876352e-01	   5.5383344296969650e-01	   8.8126699163572897e-01	   8.2371831517537120e-01	   8.3107140176702132e-01	   7.6533962968095914e-01	   7.6135495262244857e-01	   6.7161783838353362e-01	   7.0606322002521060e-01	   6.3776336297916292e-01	   5.8224591969006156e-01	   5.9451563523446826e-01	   7.4307824534905609e-01	   7.0619736577581238e-01	   8.8824788576278735e-01	   8.4602672254756284e-01	   3.9960110073513089e-01	   1.4614967924542660e-01	   5.6909376203531659e-01	   5.6501338065500284e-01	   4.4812566925894426e-01	   4.4906495032279214e-01	   6.4078463971264199e-01	   5.5926851682770362e-01	   3.7571292500437359e-01	   1.5945874235532398e-01	   3.0389270279177177e-01	   4.7666033897291604e-01	   4.1318148613501038e-01	   8.8326294764799307e-02	   5.3797221205940560e-01	   6.9170979702859592e-01	   2.7897442240304399e-01	   2.9063649383179740e-01	   4.1227267947678975e-01	   6.7432286692622978e-01	
   7.7560000542307228e-01	   0.0000000000000000e+00	   2.5792927992059667e-01	   4.3498255641886613e-01	   3.1392850598901273e-01	  -6.8360904239610831e-02	   2.0679413382678855e-01	   6.1256903527574402e-01	   1.1912926465868554e-01	   2.3864761821293146e-01	   5.9503116673379908e-01	   6.3688431751599262e-01	   5.1461681871235887e-01	   5.9236964506536904e-01	   4.6606969591536712e-01	   4.5092909577474871e-01	   5.9519844662532417e-01	   5.8451162704854509e-01	   7.4632899414871567e-01	   8.3509386564865340e-01	   4.5370091222030112e-01	   5.6682953036505024e-01	   2.6747381904113776e-01	   7.7747481572603500e-02	   2.2233687625755705e-01	   1.5563137505027555e-01	   3.4496149507109708e-01	   1.7355996574842919e-01	   1.8734635448335363e-01	   4.6152944101873705e-01	   4.5797286739553955e-01	   4.2082618435108754e-01	   5.4654384117919497e-01	   5.9768629466044099e-01	   2.5206579805149154e-01	   4.7135717353140164e-02	   6.0437210656353646e-01	   6.5831103264329660e-01	   3.2168672267271309e-01	   5.0290345924992041e-01	   2.3926513254616760e-01	   6.6892642876621888e-01	   6.3944681481916343e-01	   6.3850409883159820e-01	   5.8010151590644066e-01	   6.2478110579414192e-01	   7.1122267427469177e-01	   6.4593265862362814e-01	   7.3468584692627514e-01	   6.9156979790825646e-01	   6.9862662140003540e-01	   7.2353254156642344e-01	   5.8293604179023140e-01	   6.3047158604425846e-01	   7.3107664111581006e-01	   4.9600601113572829e-01	   6.9943806782107854e-01	   9.3671010515646191e-01	   7.9189615052966222e-01	   8.0278367139074569e-01	   5.6127164013119923e-01	   5.4737125946936249e-01	   6.9896187116134989e-01	   6.6047771298965019e-01	   3.3993185924956365e-01	   4.4981068573774619e-01	   6.6715965486989259e-01	   6.3017125526518403e-01	   8.0173251161037506e-01	   7.7701924304660719e-01	   5.6769360340175035e-01	   1.3476210660302082e-01	   5.0913132265204064e-01	   5.1011718428810193e-01	   5.7351160979716287e-01	   5.7809711829254773e-01	   6.3054711923882389e-01	   5.1455745531221686e-01	   3.1233531373618417e-01	   2.2055170898331899e-01	   3.0945603309309261e-01	   4.7098262566378779e-01	   2.8555232858516710e-01	   2.7103110165308153e-01	   6.1429729546854028e-01	   6.3852029879489069e-01	   4.1162626973032823e-01	   2.6506913080367789e-01	   5.8345027083850320e-01	   5.1617919163484782e-01	
   4.2457113885093806e-01	   2.5792927992059667e-01	   0.0000000000000000e+00	   8.4747135288110709e-01	   7.1646538092014256e-01	   6.2897322291806002e-01	   9.4301353320425807e-01	   7.6237950741710936e-01	   7.7224527661857989e-01	   6.7168739418238954e-01	   5.6439170876910183e-01	   3.4335271015184343e-01	   6.5591524923099154e-01	   5.6339658733120479e-01	   3.6314452439309663e-01	   3.4860457226084562e-01	   3.7991227835319086e-01	   3.4465107088111674e-01	   5.6547044780667910e-01	   4.3596365033692897e-01	   2.1725849126197733e-01	   2.4234037867205507e-01	   9.3739446523569803e-01	   8.1233563494232719e-01	   5.2312522076437162e-01	   4.5692494433824138e-01	   1.4066897463347178e-01	   9.0115324253179335e-02	   3.1198348117391417e-02	   1.1475212282434966e-01	   3.4985769355897353e-02	   2.2988295160758898e-02	   4.1005856891126902e-01	   3.9582213365042529e-01	   3.8821156803318158e-01	   4.2050471621425406e-01	   4.3200559847008524e-01	   3.5739212784459157e-01	   3.8603191147340993e-01	   3.7908397857077575e-01	   1.3639419683524376e-01	   1.8306048500595840e-01	   6.8821033731113657e-01	   6.8730795650301646e-01	   6.3788581383314713e-01	   6.7494192348343973e-01	   5.6955207759116588e-01	   7.7931091384228712e-01	   6.2672762944777460e-01	   5.4031477391432370e-01	   6.6750592204663906e-01	   5.2547416887351428e-01	   5.1193867213408928e-01	   6.1978806577780665e-01	   4.9482940816793985e-01	   3.0590533486468241e-01	   2.9824054706220826e-01	   3.0972759245547160e-01	   1.3801214362395214e-01	   6.6520273505890987e-02	   3.8869152930838874e-01	   2.1759495363770817e-01	   4.1732025361760877e-01	   6.2527086052761749e-02	   5.1447756736918682e-01	   3.7181310969218145e-01	   4.5225938529423926e-01	   5.2096956356205992e-01	   3.3369311380155914e-01	   4.4164590293886130e-01	   5.8372015474572853e-02	  -6.9939327947384387e-03	   2.9399862421170063e-02	   5.1994912095901527e-02	   2.3288721367745124e-01	   2.1232058932840850e-01	   3.3246315253243797e-01	   1.6028096142098369e-01	   3.3673256723967143e-01	   4.8313079186979295e-04	   2.9801123264568008e-01	   2.2524783432332637e-01	   3.5921204103188131e-01	   2.7724703317341426e-01	   4.6179189566252205e-01	   5.1257345860802372e-01	   2.3185357817844215e-01	   1.4556264972469118e-01	   4.1549891730169142e-01	   2.0852910984306244e-01	
   4.0162521283651209e-01	   4.3498255641886613e-01	   8.4747135288110709e-01	   0.0000000000000000e+00	   7.3953780892084886e-01	   5.1998430214641744e-01	   8.0438642450831810e-01	   9.0455574495003033e-01	   7.0455348975188348e-01	   5.7285729191516022e-01	   5.5945788466327662e-01	   4.4695469665677012e-01	   5.9852453432080299e-01	   7.1337373342989308e-01	   3.2334370906289223e-01	   4.5946016231306508e-01	   4.4373181819636875e-01	   5.2795711286187452e-01	   6.1246007509161904e-01	   6.1509630021169881e-01	   1.4340998590162041e-01	   2.8446348567698576e-01	   8.7598179107927132e-01	   8.3207502975638303e-01	   5.3476995537980365e-01	   4.5104550647304037e-01	   1.5054903655239066e-01	   1.1190002443898678e-01	   9.1510048969743925e-04	   3.1174623272610791e-01	   4.2085712504009470e-02	   2.9508380378267571e-02	   3.5416953610252616e-01	   4.7926764195137617e-01	   3.5340893603276735e-01	   3.3357545676494660e-01	   4.9181069301372060e-01	   4.3068881035236417e-01	   3.4812065876067966e-01	   3.4791396821352610e-01	   3.9802310497877857e-02	   2.5852491402182198e-01	   7.3344666278357806e-01	   7.5267508007346473e-01	   7.1703782718601627e-01	   7.6581268509404610e-01	   6.1297083548576325e-01	   7.9191591751664581e-01	   7.3235444791045134e-01	   6.6096820085743246e-01	   7.8089896734072861e-01	   6.3439058026216100e-01	   6.4453008050580718e-01	   6.9832621636254677e-01	   6.7073943459282492e-01	   3.7901006450544039e-01	   2.9424396369279626e-01	   4.9339990261686323e-01	   2.7060520555766221e-01	   2.3472153536631685e-01	   2.8353767080888503e-01	   1.6829078130810743e-01	   5.6625767247618197e-01	   2.9283074986831070e-01	   4.2676078442747134e-01	   4.8601984245878738e-01	   5.3634561958140037e-01	   6.1583257075821951e-01	   4.1009096288647773e-01	   5.2424294842489816e-01	   1.2738071805986362e-01	   7.6227218922520559e-03	   4.4650778765267352e-02	   4.1190406633850596e-02	   3.6619080828909195e-01	   3.4898095967113896e-01	   4.1499867595500894e-01	   2.0287828962861149e-01	   3.8078940932775218e-01	  -1.0000133786916279e-01	   3.8688554073320736e-01	   2.9223788961762465e-01	   4.2611179248667930e-01	   4.4426069025390680e-01	   5.8212570997180135e-01	   5.7879630225975531e-01	   3.0165232269004782e-01	   7.4821710745182846e-02	   5.9596787413282182e-01	   2.6214207779988652e-01	
   3.2936914373183579e-01	   3.1392850598901273e-01	   7.1646538092014256e-01	   7.3953780892084886e-01	   0.0000000000000000e+00	   7.2078823061582875e-01	   6.8400926110896476e-01	   7.5231786741627649e-01	   7.5237929183165075e-01	   6.6666205710840132e-01	   5.3127816688999530e-01	   3.7879892799003401e-01	   4.8618206895429594e-01	   5.9235731008463377e-01	   4.6651508363019123e-01	   5.5714720036899268e-01	   2.6747147286258505e-01	   3.7084872747811992e-01	   4.4499735456514644e-01	   4.1603692821864102e-01	   1.0350918910202192e-01	   3.8319086572712563e-01	   6.7487902567748748e-01	   6.7505645628555111e-01	   6.4290620123280728e-01	   6.2386007992915049e-01	   3.6579059750184939e-01	   3.1877150555390804e-01	  -6.5065703644322501e-02	   2.8248941590965970e-01	   9.3358755174772642e-02	   1.5299791888735646e-02	   2.9493646646400257e-01	   3.0130190051886702e-01	   2.2232345793440672e-01	   2.6880370277319521e-01	   4.7577201818182008e-01	   2.8993251963568278e-01	   2.1362625308620900e-01	   2.7899060300887735e-01	  -1.4709642942833889e-01	   2.9575253980739102e-01	   6.2029778553662340e-01	   5.9910198024456063e-01	   5.8306662199290205e-01	   5.5260668256092282e-01	   5.7988184108516028e-01	   6.9058052786753876e-01	   6.8509240869135368e-01	   5.6093738953866445e-01	   6.6800892685328228e-01	   5.7883920922617182e-01	   6.2355023185771974e-01	   5.8842793650637015e-01	   4.7707359158990226e-01	   1.6503903784656344e-02	   1.6791129536586505e-01	   3.5028697985956547e-01	   2.2957236235338541e-01	   2.5175103763436796e-01	   3.6658942358928204e-01	   2.7533388240121520e-01	   2.5605016796299002e-01	   1.6443690860484145e-01	   4.8829162515967151e-01	   3.1077596641217281e-01	   3.7389245523258752e-01	   4.6044219038744294e-01	   2.3071488311224184e-01	   3.4172089217904589e-01	   1.2844458406456088e-01	   7.7602293924838625e-02	   6.0382114555246280e-02	   1.9677819529363172e-01	   2.7750774833230363e-01	   3.2075021089688871e-01	   4.8085700405313492e-01	   2.4284128450130338e-01	   1.9129587711172075e-01	  -1.7011584030203547e-01	   1.7385476167759040e-01	   1.8960580483857295e-01	   1.5604802435787685e-01	   1.7092437606981670e-01	   3.1033885545275319e-01	   3.5150627501855963e-01	  -4.7337356088143503e-02	  -6.8463930253050378e-02	   3.9364473056292226e-01	   7.8669108789724093e-02	
   1.4201172349763513e-01	  -6.8360904239610831e-02	   6.2897322291806002e-01	   5.1998430214641744e-01	   7.2078823061582875e-01	   0.0000000000000000e+00	   5.4983163937946189e-01	   4.2172697616013838e-01	   6.2955795104931533e-01	   6.4268998991638426e-01	   3.7340586532049297e-01	   2.6256850765212397e-01	   3.1816625644922741e-01	   3.1780166555249195e-01	   3.0568435960458107e-01	   3.4929707897934059e-01	   8.0742300569664027e-02	   1.8564673717780167e-01	   1.5297515662740396e-01	   1.9313558415578802e-02	   1.1637872979383195e-02	  -1.0960492995097919e-02	   5.4500714335438993e-01	   5.8084564466289279e-01	   5.7582752892808375e-01	   6.1780303094091693e-01	   2.9432353789862997e-01	   4.2298322672824168e-01	  -5.7181293406799769e-02	   4.1645510725422795e-02	  -1.1958508078495628e-01	  -1.3081841646335302e-01	   1.2864324449875303e-01	   7.8218825998992797e-02	   1.6024015371830844e-01	   2.5607501440897662e-01	   3.0571802806547860e-01	  -1.1011149228578264e-02	   2.6772339578896864e-01	  -8.6871152265754634e-02	   8.8054629151600422e-02	   9.8011522587390116e-03	   3.6520918828120275e-01	   3.2543291343181358e-01	   3.1840209385518303e-01	   2.4682169748576249e-01	   3.6735055019239105e-01	   4.9120624626737852e-01	   3.5438594818716473e-01	   2.6616381303994741e-01	   3.6481455123442230e-01	   2.9686457731956462e-01	   4.1087966034195789e-01	   4.4695465055398675e-01	   2.2547111612146695e-01	  -2.2468263545958000e-01	   1.3083552690612787e-02	  -1.1816481708533402e-02	  -2.1393699854485450e-02	  -2.2558722555055023e-02	   2.8324728310668490e-01	   1.4596899256425619e-01	   9.5731297465409440e-02	  -5.9776388355135872e-02	   4.4657665758950715e-01	   1.6095257794761175e-01	   9.4288263268467065e-02	   1.7964811500982622e-01	  -5.6148619533632725e-03	   8.4384312613433862e-02	  -7.2272402025331528e-02	  -7.3915523187093962e-02	  -1.1627922539901017e-03	  -1.3327057081989838e-02	   3.5011550602253687e-02	   1.3440356398647341e-01	   1.8154206272052409e-01	   8.1015261360846663e-02	   5.3173466837875730e-02	  -2.0301043122775114e-01	   1.3804052174907063e-03	  -1.3532515440056622e-01	   1.2048184633453622e-01	   1.3950608941290700e-02	   4.4394576318368434e-02	   7.3400589638928759e-02	  -3.9484126715213441e-01	  -2.2034275006478998e-01	   1.2500672664564313e-01	  -4.9140160831412077e-03	
   4.2292284449398715e-01	   2.0679413382678855e-01	   9.4301353320425807e-01	   8.0438642450831810e-01	   6.8400926110896476e-01	   5.4983163937946189e-01	   0.0000000000000000e+00	   7.4430168982272704e-01	   8.4620727796284334e-01	   6.7590869396918429e-01	   5.8729390749561483e-01	   3.6336573334982047e-01	   6.9278478944032351e-01	   5.5026386372539293e-01	   4.1042719052824039e-01	   3.6563219511355582e-01	   3.7363688479960921e-01	   3.5633450025300223e-01	   5.7598495431682828e-01	   4.3917225733652743e-01	   1.5358312103119248e-01	   2.4750532235301137e-01	   8.5398384777298852e-01	   7.2360756359467671e-01	   4.3719047706233943e-01	   4.3078561480841931e-01	   1.5565496936375484e-01	   5.5706480251036902e-02	   6.5277435789686714e-02	   1.8488014718615398e-01	   1.6297317034721429e-02	   1.6858408737455664e-02	   3.8222499208001814e-01	   3.4615817069261989e-01	   2.9194486746606341e-01	   3.8683188740175373e-01	   3.7886711914631843e-01	   3.4760333146700262e-01	   3.3360986479716459e-01	   3.7621092559870195e-01	   5.1073208150668126e-02	   1.5402719204142559e-01	   5.7503960266798904e-01	   5.6091344174368574e-01	   5.3225862644423094e-01	   5.8575072621441948e-01	   4.6887902474437926e-01	   6.6681195409439165e-01	   5.7063958310542173e-01	   4.7936772612107137e-01	   5.9969850558556959e-01	   4.9559310499451836e-01	   4.5776449978292277e-01	   6.0154227021355389e-01	   4.3789030384081629e-01	   3.3424830286590496e-01	   3.1158383329637174e-01	   2.8843822003261887e-01	   1.4326210316581908e-01	   8.9831398743598773e-02	   4.5399542880911026e-01	   2.6838507539944573e-01	   4.2625033328057238e-01	   1.4696227268340628e-01	   5.4269484413362523e-01	   3.5529303546451407e-01	   3.8805086702537195e-01	   4.5487398056513123e-01	   3.0666193112382700e-01	   4.0121939104106752e-01	   7.9724630608966895e-02	  -3.2269424667148487e-02	  -4.9364769858641425e-02	   8.4462609558613719e-02	   1.4541687771643780e-01	   1.9049064127970677e-01	   3.2455957684947384e-01	   1.7438739559323813e-01	   3.1414807128381617e-01	  -4.3954235817051823e-02	   2.4885124480696785e-01	   2.0422474209270103e-01	   2.8644495502825545e-01	   2.4517141975015544e-01	   3.6660013484541615e-01	   4.4599236468428372e-01	   2.1181532098488215e-01	   6.3232736912502210e-02	   3.1759640876874995e-01	   2.5738110806749570e-01	
   5.1600715036350375e-01	   6.1256903527574402e-01	   7.6237950741710936e-01	   9.0455574495003033e-01	   7.5231786741627649e-01	   4.2172697616013838e-01	   7.4430168982272704e-01	   0.0000000000000000e+00	   6.9566289278098759e-01	   6.5092103818213465e-01	   6.9647957026632246e-01	   6.1942709697937492e-01	   6.7126720072699153e-01	   8.2226060632077669e-01	   4.9482812591385750e-01	   5.3526148499199888e-01	   5.2715885611258262e-01	   5.9557014334400527e-01	   6.6352109692179484e-01	   7.0910470296733719e-01	   2.2064837132230541e-01	   4.4855928034431158e-01	   7.6508694252825749e-01	   6.9994484181657235e-01	   4.0806777648291787e-01	   3.6996614034853925e-01	   2.2362602387572872e-01	   7.8924915194021186e-02	   1.1509999333678068e-01	   4.7783430457352549e-01	   1.3637761471617299e-01	   9.8759825445171437e-02	   4.2676929952765219e-01	   5.3545221704829293e-01	   2.4315706209905083e-01	   2.5537616225874321e-01	   6.1544923950958119e-01	   5.7514659784927991e-01	   2.9863258338612370e-01	   4.6808069218180731e-01	  -5.7517351035012272e-02	   3.9317668094979674e-01	   7.4889539465548427e-01	   7.6051591362574844e-01	   6.8784680706310786e-01	   7.7104227651270874e-01	   6.8218694138985769e-01	   7.9620535305129980e-01	   8.2143208231402443e-01	   7.3533966893956138e-01	   8.2659660143854707e-01	   7.1820924422526988e-01	   7.4885649625922257e-01	   7.3051010904753733e-01	   7.0622446693761343e-01	   3.6944735142984986e-01	   3.6436281818419441e-01	   6.4889357655697444e-01	   3.7986913081820262e-01	   4.0210445630130709e-01	   4.9971262153290730e-01	   4.0763938134620492e-01	   6.4110309906571228e-01	   4.5000497864391564e-01	   5.1304500611190562e-01	   4.1805318235395550e-01	   5.3030901398816899e-01	   5.9447722009417447e-01	   4.8115141361458391e-01	   5.6233206830932447e-01	   2.8797377889160536e-01	   6.2269323850993527e-03	   1.7852987544417506e-01	   1.7783936761830696e-01	   4.0694665869478341e-01	   3.9366864780777122e-01	   5.2583929003290031e-01	   2.9238544289830337e-01	   4.1937415534773037e-01	  -1.3881754642316162e-02	   4.0524092897649178e-01	   4.0382445596667338e-01	   3.8120799190562282e-01	   4.7863849584108437e-01	   5.7610157010599639e-01	   5.9834163034760079e-01	   3.4339043640659506e-01	   1.4112116909493780e-01	   6.4003340167746281e-01	   2.8533585086639268e-01	
   2.8486908070810041e-01	   1.1912926465868554e-01	   7.7224527661857989e-01	   7.0455348975188348e-01	   7.5237929183165075e-01	   6.2955795104931533e-01	   8.4620727796284334e-01	   6.9566289278098759e-01	   0.0000000000000000e+00	   7.7967108574535327e-01	   5.2066432259393680e-01	   3.5467431695386703e-01	   5.6422671444881700e-01	   4.6011768220508209e-01	   4.5383287557507335e-01	   4.3677199114662490e-01	   2.2909664828163284e-01	   2.6088238934134894e-01	   4.5152762457944950e-01	   3.3186123073827878e-01	   6.1369027074798327e-02	   2.3523620419774452e-01	   6.7523972030177748e-01	   5.9683792796883484e-01	   4.3545480275133375e-01	   4.9475428237562113e-01	   1.8201076839766853e-01	   8.1254965007524452e-02	  -3.1265250286508797e-02	   1.7175669458543980e-01	   1.1086767844410013e-02	  -6.6938275895098475e-03	   2.9506251051184768e-01	   2.6697185216349761e-01	   1.8854322018428268e-01	   3.2680565743262630e-01	   3.5282134555204497e-01	   2.8743258072794775e-01	   3.3689365191116333e-01	   3.4118055452128537e-01	  -5.3819823448353232e-02	   1.6079536723520524e-01	   5.6130630930730319e-01	   5.2246056363604543e-01	   4.6080132042634880e-01	   4.7906119320066243e-01	   4.4932669817449722e-01	   6.0155788839094959e-01	   5.0757626746020335e-01	   3.6775439378292052e-01	   4.9559677515506551e-01	   4.0775157123469880e-01	   3.8417346859703860e-01	   4.6784561552937620e-01	   3.8506260956312760e-01	   2.2591983149439804e-01	   1.5306244818717207e-01	   1.9551188445609585e-01	   1.0452396951881683e-01	   1.3274695539098530e-01	   4.3501473921776673e-01	   3.3000653273088737e-01	   2.3814319937760192e-01	   5.8550509457059294e-02	   5.5248518014468262e-01	   3.2036148949117671e-01	   2.4126617104221654e-01	   3.5060837637463937e-01	   1.9137762413492185e-01	   3.0841915700797179e-01	   1.2303951809813175e-02	  -2.1139651677342899e-02	  -5.4165413994385951e-02	   1.0611685876592122e-01	   8.9595849447871495e-02	   1.4811468896662677e-01	   3.2950240371740058e-01	   2.0306293209557613e-01	   2.1848747291399048e-01	  -1.8441476834994550e-01	   1.5261243980980721e-01	   8.7095943935693351e-02	   1.3106330345194589e-01	   1.5221339409765430e-01	   1.6647782797664018e-01	   2.8503494488981568e-01	   4.2822872042879129e-02	  -3.1966834200769401e-02	   2.5166115200166167e-01	   1.1468305498042461e-01	
   2.9575692785590252e-01	   2.3864761821293146e-01	   6.7168739418238954e-01	   5.7285729191516022e-01	   6.6666205710840132e-01	   6.4268998991638426e-01	   6.7590869396918429e-01	   6.5092103818213465e-01	   7.7967108574535327e-01	   0.0000000000000000e+00	   5.6561484691714936e-01	   4.6531813215933993e-01	   5.6011410985858157e-01	   4.7030738175941256e-01	   5.4620896330243618e-01	   6.3586003946571257e-01	   2.2518973130054393e-01	   2.6088943968412387e-01	   3.8740780830388466e-01	   2.7607743825094266e-01	   8.5756020519102083e-02	   1.4920901515758983e-01	   5.6307704897537070e-01	   5.0297244071923730e-01	   3.5561004865458085e-01	   4.6938421084759557e-01	   3.6456570136644639e-01	   2.4152358810384217e-01	   1.7999607335346387e-02	   1.8049907792701742e-01	   8.4350782250041376e-02	   1.1326789410627386e-01	   4.0521118014055840e-01	   3.6166578836010188e-01	   1.5832908916860050e-01	   1.8366632363845148e-01	   3.9679676265998487e-01	   1.7940032296474087e-01	   2.6346542494572983e-01	   1.3966789295000206e-01	   1.0789388418468406e-01	   3.4763727633967223e-01	   5.3944243526725810e-01	   4.8343805473538765e-01	   4.1013853422780422e-01	   4.1295626250425710e-01	   4.2437200396389557e-01	   5.4531856981768501e-01	   5.1133464302925502e-01	   3.2097448053446159e-01	   4.3593585075457886e-01	   2.6515307388948550e-01	   4.4753603426711219e-01	   4.6150772456148148e-01	   3.1861524683424897e-01	  -4.0547452130234848e-02	   1.9361067395884540e-01	   2.4537252891699896e-01	   4.9277662901243857e-02	   1.0737128715094021e-01	   5.4895936329835759e-01	   4.8691354223372191e-01	   2.5403422886949928e-01	   7.3893471058068899e-02	   6.1662803193851268e-01	   1.9478756463487712e-01	   1.1675095966851956e-01	   2.0236138711244644e-01	   1.7026268618974524e-01	   2.3731443482060782e-01	   1.7294442123981124e-01	  -3.2367365915793575e-02	   1.5723595725927095e-01	   2.3047279214815913e-01	   2.2188658863601179e-01	   3.1930110796062905e-01	   3.2736833229761320e-01	   1.5319221565974261e-01	   1.5128715754413408e-01	  -2.3385802383118680e-02	   4.1777933393864909e-02	   3.3078164747816954e-02	  -1.9627482368098310e-02	   6.8444908719088274e-02	   6.2364706770269174e-02	   1.4906618390494736e-01	  -1.4230082521850596e-01	  -1.3991997309467599e-01	   1.7354800511864837e-01	   6.6635698114495580e-03	
   7.0208350752450943e-01	   5.9503116673379908e-01	   5.6439170876910183e-01	   5.5945788466327662e-01	   5.3127816688999530e-01	   3.7340586532049297e-01	   5.8729390749561483e-01	   6.9647957026632246e-01	   5.2066432259393680e-01	   5.6561484691714936e-01	   0.0000000000000000e+00	   7.9104525425722905e-01	   8.5125856231927377e-01	   6.7959839382509279e-01	   7.0128156798905783e-01	   5.5559971437804789e-01	   6.0064939227595315e-01	   4.8172115076903044e-01	   6.0709892900208773e-01	   5.8021253779685034e-01	   4.5039347360687182e-01	   2.9399300289227043e-01	   5.2252940495407896e-01	   3.8128501129954151e-01	   4.0787276028153674e-01	   4.4268486449575906e-01	   4.4816354540920755e-01	   3.1099214063448144e-01	   3.7395904817727743e-01	   5.0174111410591626e-01	   2.2674682229187143e-01	   1.9955777913403608e-01	   4.5527840475292036e-01	   4.1908986729461800e-01	   4.8611026914595359e-02	  -6.7465132678190733e-03	   5.9866938719034157e-01	   5.0314991408490295e-01	   4.4488511565614342e-01	   3.6102824729627714e-01	   3.0362295327847715e-02	   4.2108482212804954e-01	   5.3192884176318356e-01	   5.0649651149801089e-01	   4.2224331927987963e-01	   4.9893371554724597e-01	   5.8677288101186509e-01	   6.1834449892635257e-01	   7.0288222480503282e-01	   5.7674811705297502e-01	   7.0953080237772892e-01	   6.5957473327627036e-01	   6.8915314044473919e-01	   6.8247189778629602e-01	   5.9416982882195446e-01	   3.3741385984905270e-01	   4.4987120516112999e-01	   6.0547609965974858e-01	   5.2457835835416744e-01	   5.3761670272448181e-01	   7.4844462199905959e-01	   5.7519335745081268e-01	   7.2690977546965407e-01	   6.3460627777251233e-01	   7.1611647233182663e-01	   4.3908316172688000e-01	   4.5902581073016735e-01	   4.4682633427927054e-01	   5.1867339977743243e-01	   5.5710719804291708e-01	   2.7502771389265257e-01	  -9.1433959747241028e-02	   3.5111042879766319e-01	   2.6773408593767895e-01	   3.3403630252943672e-01	   3.5565886801944002e-01	   5.0028184659704333e-01	   2.5195655274501838e-01	   3.3651810908929813e-01	  -1.2977801997881500e-01	   2.2520339817755458e-01	   2.7038234077986578e-01	   4.1001356556281232e-01	   2.6775590332342725e-01	   4.3937472404841604e-01	   4.0285285670013338e-01	   1.0824127389955848e-01	  -8.8946374421448815e-02	   5.1571629059344137e-01	   3.3710964622119399e-01	
   6.8894492977956567e-01	   6.3688431751599262e-01	   3.4335271015184343e-01	   4.4695469665677012e-01	   3.7879892799003401e-01	   2.6256850765212397e-01	   3.6336573334982047e-01	   6.1942709697937492e-01	   3.5467431695386703e-01	   4.6531813215933993e-01	   7.9104525425722905e-01	   0.0000000000000000e+00	   6.5971807819738448e-01	   7.2438667962277337e-01	   6.5942179948407575e-01	   5.9217257513649757e-01	   5.0748721539673514e-01	   4.6847112156654830e-01	   5.4600948534099891e-01	   6.4153202199830550e-01	   4.6775492175328331e-01	   3.3517429210926464e-01	   3.1443908993759589e-01	   2.1228326544282841e-01	   2.2937954059292220e-01	   2.7915555937103376e-01	   3.5376340363224057e-01	   2.0739887709494723e-01	   3.1915181103870666e-01	   4.8489638453990058e-01	   3.1407992668887086e-01	   2.4304206288323663e-01	   4.6899028502223561e-01	   5.0033649954648685e-01	  -6.9069684965720650e-03	  -4.6906885199398604e-02	   6.4686039124585570e-01	   4.8489167858166526e-01	   4.2489877432630130e-01	   3.9937266571516827e-01	   2.1840006942275964e-01	   5.0456993538537143e-01	   4.5150070681314342e-01	   4.2317600590011584e-01	   3.2546085996805435e-01	   4.1403315082650821e-01	   5.7004432567482399e-01	   5.1487556815850599e-01	   6.8203374748372336e-01	   5.4547962661534444e-01	   6.0436347413035596e-01	   6.5045786594217736e-01	   6.0335676922861481e-01	   5.9946303866201478e-01	   5.2074894986796039e-01	   3.5193843013049009e-01	   5.4159972397899070e-01	   6.7035464589181748e-01	   5.8157658810924362e-01	   6.4558653894888873e-01	   6.9066299718090263e-01	   5.9002872229275316e-01	   7.8724322131974545e-01	   6.9301391657718048e-01	   5.1854682525594642e-01	   3.3713810720980819e-01	   4.3051439422317711e-01	   4.1342792773830861e-01	   6.1967516215273888e-01	   6.1122672350451146e-01	   4.3468188503008903e-01	   8.0197495829084239e-02	   4.8715476002416247e-01	   3.2627522176260981e-01	   4.3611503084242143e-01	   3.7081440759519241e-01	   5.9266398740554926e-01	   4.5151346158576300e-01	   3.4572298003633706e-01	  -5.1744647501516784e-02	   3.1784032056351996e-01	   3.4668966692544267e-01	   3.3979700807305013e-01	   2.8188792064229384e-01	   4.4003948601859483e-01	   4.7866803467148195e-01	   1.3581610169237524e-01	   2.9084639148425007e-02	   4.1753034405414280e-01	   5.0555108218547407e-01	
   7.0355788719196832e-01	   5.1461681871235887e-01	   6.5591524923099154e-01	   5.9852453432080299e-01	   4.8618206895429594e-01	   3.1816625644922741e-01	   6.9278478944032351e-01	   6.7126720072699153e-01	   5.6422671444881700e-01	   5.6011410985858157e-01	   8.5125856231927377e-01	   6.5971807819738448e-01	   0.0000000000000000e+00	   5.6510046722813145e-01	   6.2887497216118393e-01	   4.3439272390780725e-01	   5.7140293387670460e-01	   3.7781118679417247e-01	   5.9996411081464684e-01	   5.1710037167928014e-01	   5.2034157399635794e-01	   3.4940661087286590e-01	   6.0338048100444408e-01	   4.5062344213561445e-01	   3.2475081525718419e-01	   3.5701860994714896e-01	   3.4690846828572669e-01	   2.5593709811900789e-01	   2.7205788851362583e-01	   2.9611249344414697e-01	   2.2228217105091164e-01	   2.4019526925564821e-01	   5.5376965907630971e-01	   4.9452172345275419e-01	   1.6273241383567383e-01	   8.7910846761984893e-02	   4.9812007827463112e-01	   4.3848125858184461e-01	   4.7812771095466089e-01	   4.2182841715923780e-01	   1.3294685086129543e-01	   3.6763747728148777e-01	   4.8466031171734436e-01	   4.6271700048762793e-01	   4.3279614348321849e-01	   5.3199256647414073e-01	   5.1325761899946254e-01	   5.7914065182060659e-01	   6.2243566794431915e-01	   5.0871707873474137e-01	   6.6004904316642488e-01	   5.9531344495859606e-01	   5.7048465821858718e-01	   5.8918890435345528e-01	   6.0185861453964662e-01	   4.3259595239178639e-01	   4.3726623151985911e-01	   5.6043762250157991e-01	   4.5734237047951409e-01	   4.4941586536420497e-01	   7.4505149309653129e-01	   5.9536008353352643e-01	   6.4094557532649865e-01	   4.6511828942858624e-01	   7.3613748459433681e-01	   5.0350132994272689e-01	   4.9290583091372309e-01	   5.0899681405093666e-01	   5.1184360360228820e-01	   5.7265303364496845e-01	   1.9762497563145001e-01	  -7.3809623765050208e-02	   3.2014730490323701e-01	   2.4351523497001687e-01	   3.1377152315124912e-01	   3.1660284037114861e-01	   5.0876656561963363e-01	   2.6363335742377147e-01	   3.2867012810246621e-01	  -5.6838791831327770e-02	   2.3027480988785209e-01	   2.5383653937893158e-01	   4.1480295961206481e-01	   2.1754403103591702e-01	   4.4485835650960270e-01	   4.2023560766998924e-01	   2.9503581224856440e-01	  -3.2352732443516341e-04	   5.4500585787951272e-01	   3.5950574588562784e-01	
   4.7941944715391027e-01	   5.9236964506536904e-01	   5.6339658733120479e-01	   7.1337373342989308e-01	   5.9235731008463377e-01	   3.1780166555249195e-01	   5.5026386372539293e-01	   8.2226060632077669e-01	   4.6011768220508209e-01	   4.7030738175941256e-01	   6.7959839382509279e-01	   7.2438667962277337e-01	   5.6510046722813145e-01	   0.0000000000000000e+00	   4.6932888378257243e-01	   5.8668616752626235e-01	   3.5471405520543614e-01	   5.2183191606010970e-01	   5.1003758717425507e-01	   6.6821906804445641e-01	   2.2943513120862680e-01	   2.8504702097693707e-01	   6.2121192015633730e-01	   6.0363313039240196e-01	   4.0560065689287328e-01	   3.0659342033081838e-01	   1.4545045443962146e-01	   4.6714358369523139e-02	   4.9783305059195884e-02	   4.7125938398020784e-01	   8.8886182858353049e-02	  -2.2418852420207074e-02	   3.0720127055903212e-01	   3.9903568035832659e-01	   8.0958535076046612e-02	   1.1441116754403932e-01	   5.1220773652513563e-01	   5.7250136390366302e-01	   3.2196032573088396e-01	   4.0275628681626585e-01	  -1.0802192460719326e-01	   3.5155414536709245e-01	   5.7836571035705253e-01	   6.1463940588172017e-01	   5.2883698910073629e-01	   5.6206488086233186e-01	   5.7284023118208993e-01	   6.3583169708316334e-01	   7.5591108066961432e-01	   6.7251608679212271e-01	   8.0226761758469034e-01	   7.5725259991204397e-01	   7.5448465850437652e-01	   6.9746127111910616e-01	   6.1534214626213612e-01	   3.4774756086888964e-01	   3.1601339247393279e-01	   5.9833192428762749e-01	   3.8692282980689785e-01	   4.3766251043001381e-01	   4.0799581563008325e-01	   2.3173686798734774e-01	   7.7723458581636629e-01	   5.7097211983136253e-01	   3.4634257886589043e-01	   2.8348910596932336e-01	   4.4393309048513174e-01	   4.5609209712831766e-01	   4.5865278161283118e-01	   5.0923466623342817e-01	   3.6383954370061561e-01	  -4.5634762841862381e-02	   1.0514261830135825e-01	   4.3329823422231184e-02	   3.1361420206124829e-01	   3.0313246552003681e-01	   5.3163041336442474e-01	   2.7278968813598309e-01	   2.5318100172226310e-01	  -7.4834570076096424e-02	   3.2253680882359781e-01	   3.2952605592371209e-01	   3.1799628099715666e-01	   4.0267761958540965e-01	   5.9610849455377612e-01	   5.4019975849760660e-01	   2.8496570802953897e-01	   3.6232439416810744e-02	   6.2772232409112627e-01	   3.9977885850018552e-01	
   5.9394710564540110e-01	   4.6606969591536712e-01	   3.6314452439309663e-01	   3.2334370906289223e-01	   4.6651508363019123e-01	   3.0568435960458107e-01	   4.1042719052824039e-01	   4.9482812591385750e-01	   4.5383287557507335e-01	   5.4620896330243618e-01	   7.0128156798905783e-01	   6.5942179948407575e-01	   6.2887497216118393e-01	   4.6932888378257243e-01	   0.0000000000000000e+00	   6.8794617836445182e-01	   5.2429046181434857e-01	   3.7462737794960221e-01	   4.7844312558498459e-01	   4.6704384534079296e-01	   3.4115292976560818e-01	   3.8190647788269672e-01	   2.6756613780078925e-01	   1.0731039712206657e-01	   2.2593608299338669e-01	   3.4998276792024363e-01	   4.7190665451191172e-01	   3.2574112048624915e-01	   3.8381076482869914e-01	   4.5711305911046562e-01	   4.5921566159971383e-01	   3.8925083407622973e-01	   4.4206899011409262e-01	   4.2886973367381309e-01	   4.7155742288229247e-02	  -5.3648934749389351e-02	   4.8143024722033056e-01	   3.6215444553231979e-01	   2.8222612772843725e-01	   3.4008689704200168e-01	   1.5182288149016523e-01	   5.7710991653940980e-01	   4.4752678717907435e-01	   3.9173236150506685e-01	   3.4298623553971408e-01	   4.0320446503384677e-01	   4.1854787446006742e-01	   4.5183468692940981e-01	   5.6263858005846168e-01	   3.0952756748302246e-01	   4.7445653956538825e-01	   4.1722798624152707e-01	   3.2673612446831063e-01	   3.8065424216799187e-01	   3.0293343714301024e-01	   1.2249552408603838e-01	   4.2572356086636898e-01	   4.9836664617934723e-01	   4.5426305513480281e-01	   4.6730936202441209e-01	   7.1151190849155133e-01	   5.6562388793306151e-01	   4.5499991243675869e-01	   4.0948415531600091e-01	   7.0126352363181577e-01	   3.5680861004371772e-01	   4.1412075174480623e-01	   4.3480556459873676e-01	   4.3828538015423318e-01	   5.3139100219075863e-01	   5.1353977086027136e-01	   2.9183861119587118e-01	   5.0827717888626034e-01	   5.9516492154576306e-01	   3.6699072109213626e-01	   4.3687600928344011e-01	   5.4508330710806607e-01	   3.8902641507121050e-01	   4.4881185214313446e-01	   6.0639081554958951e-02	   2.7348530747640470e-01	   4.0631773343776134e-01	   3.4335487353837923e-01	   2.2187475171972471e-01	   2.5748003641007988e-01	   3.9466631388398954e-01	  -1.1441290484411991e-01	   6.9186427476344486e-02	   2.1232520638939578e-01	   2.2501797589171280e-01	
   3.9829199527245368e-01	   4.5092909577474871e-01	   3.4860457226084562e-01	   4.5946016231306508e-01	   5.5714720036899268e-01	   3.4929707897934059e-01	   3.6563219511355582e-01	   5.3526148499199888e-01	   4.3677199114662490e-01	   6.3586003946571257e-01	   5.5559971437804789e-01	   5.9217257513649757e-01	   4.3439272390780725e-01	   5.8668616752626235e-01	   6.8794617836445182e-01	   0.0000000000000000e+00	   3.7806251278839731e-01	   2.9506841055738131e-01	   4.4998997551557657e-01	   5.0943874104007225e-01	   2.1387935422455717e-01	   2.6959048678694775e-01	   3.1150440884447594e-01	   2.5472215858537894e-01	   4.2549838385338068e-01	   5.5302191097725462e-01	   5.7195339481392549e-01	   4.7812055599689351e-01	   9.3368761746224091e-02	   3.8908726991154291e-01	   4.6004919389478371e-01	   3.7624001772924154e-01	   4.1805164973509101e-01	   4.6091460467560957e-01	   1.3743834741464753e-01	   3.3615633275189252e-02	   3.9296762363217441e-01	   2.1820287327890342e-01	   2.7150876320212436e-01	   2.1138700720672388e-01	   1.0329426237687858e-01	   6.0257001597764659e-01	   5.2699137979866573e-01	   4.7506981053412223e-01	   4.4379169002779661e-01	   4.0714164686023091e-01	   4.5376769139144174e-01	   4.4468609069470377e-01	   6.2347573437009240e-01	   3.4271549566781390e-01	   5.4672466625343630e-01	   3.5277269250763205e-01	   4.0417735166429275e-01	   4.2101134192423961e-01	   3.0195574926400442e-01	  -1.2369363416681350e-02	   3.5371833492491001e-01	   4.6671878966498531e-01	   3.4584998852865462e-01	   3.9484865780994693e-01	   4.5363281844060055e-01	   4.0068681515140758e-01	   4.2353471786754449e-01	   3.1119184853204901e-01	   5.0810619204117191e-01	   3.6808170275519558e-01	   3.4080337571311736e-01	   3.8696610024102029e-01	   3.7355623955895378e-01	   4.4165318049403990e-01	   5.4668768618707941e-01	   2.3656277846383295e-01	   3.5188869304670578e-01	   4.7150675055670133e-01	   4.8361560814980525e-01	   6.0668699577765250e-01	   4.8905673113488901e-01	   3.1896307625362430e-01	   2.0815277343536326e-01	  -2.3621116667101655e-01	   1.7266220496320747e-01	   1.9241942591518146e-01	   9.1187230351874926e-02	   1.3577195279945697e-01	   2.4565227153905023e-01	   2.9009364931627840e-01	  -1.7561239315374941e-01	  -2.0187206945035754e-01	   2.6714729777960000e-01	   8.7792240556625795e-02	
   6.8960813253969744e-01	   5.9519844662532417e-01	   3.7991227835319086e-01	   4.4373181819636875e-01	   2.6747147286258505e-01	   8.0742300569664027e-02	   3.7363688479960921e-01	   5.2715885611258262e-01	   2.2909664828163284e-01	   2.2518973130054393e-01	   6.0064939227595315e-01	   5.0748721539673514e-01	   5.7140293387670460e-01	   3.5471405520543614e-01	   5.2429046181434857e-01	   3.7806251278839731e-01	   0.0000000000000000e+00	   6.0659686078778974e-01	   5.7684252621466814e-01	   6.5055056178104798e-01	   4.0206710651402644e-01	   5.2881887014361184e-01	   3.2066100940711822e-01	   2.0058682813831602e-01	   1.6373006343602586e-01	   2.3338687256450785e-01	   4.1706222603380239e-01	   2.3849550206822992e-01	   6.6099190447119960e-01	   6.5501577569393321e-01	   3.5472268511109695e-01	   3.5495454493272738e-01	   3.3484782403109847e-01	   4.1251413601392040e-01	   2.2565300923783044e-01	   1.2726217820388286e-01	   4.5368270949592049e-01	   5.4630947779467032e-01	   2.0968845414151266e-01	   5.2381379012665119e-01	   1.8683734668687507e-01	   4.4957255932997570e-01	   4.8417092521545513e-01	   4.9705584564755134e-01	   4.1860054169062549e-01	   5.6971991403951261e-01	   5.1032976003424091e-01	   5.3889231512324098e-01	   5.5738826525168161e-01	   5.7754639495699456e-01	   5.3451960225768391e-01	   4.6511168717304241e-01	   3.6414317389826600e-01	   5.2399863557485682e-01	   4.7065514859683288e-01	   4.2522069040545535e-01	   6.5680340417828498e-01	   7.0227373795628178e-01	   5.8241007947453660e-01	   4.7689774896528814e-01	   5.7482372664392400e-01	   5.3785718138760352e-01	   5.9146026067936075e-01	   5.2731289274844650e-01	   5.4206676384327146e-01	   5.4818097781712183e-01	   5.6668918150251069e-01	   6.0003931370117480e-01	   6.5502046140191550e-01	   6.3850558855565887e-01	   3.8012150437958314e-01	   2.0768803859500684e-01	   4.3756886488192542e-01	   5.3170757254198397e-01	   3.4124041977801467e-01	   3.7293171975609152e-01	   3.1989897039844378e-01	   2.0764441827588964e-01	   7.9605038424279018e-01	   2.0020611937494354e-01	   6.6629646741212534e-01	   7.0597268643034750e-01	   6.9101289128322341e-01	   5.2780341212205850e-01	   5.4249338520298673e-01	   6.3764466872846404e-01	   2.7001835865709217e-01	   3.5955422675696935e-01	   4.3879154502055251e-01	   3.6194465343880566e-01	
