   0.0000000000000000e+00	   5.8735609884761630e-01	   5.5134232867278110e-01	   2.5592145336898098e-01	   1.4356229711437302e-01	   1.9284266257355728e-01	   4.3494671813790764e-01	   6.2334045819767522e-02	   2.7244270590595109e-02	   5.0975815182575136e-02	   5.2902201125378445e-01	   3.4807585780052502e-01	   2.6683127577514143e-01	   2.4978987810152734e-01	   3.9366603003515799e-01	   4.2791867948171158e-01	   4.0566671438892909e-01	   4.2820231010515919e-01	   7.2892459622275640e-01	   5.6989969582725264e-01	   2.1756967676088357e-01	   1.9999889301465973e-01	   3.7498865751609434e-01	   2.2262297305220169e-01	   3.3538765939739917e-01	   1.2722761532956275e-01	   3.6883267251385843e-01	   4.4432322739872687e-01	   3.2061800204126800e-01	   1.5526464248603911e-01	   2.8343554557273776e-01	   3.0144963290255583e-01	   3.8740090848635039e-01	   3.9110594783280650e-01	   4.5329595103526338e-01	   1.8070626924501923e-01	   1.9872155800807589e-01	   2.8263328578221275e-01	   3.6895259741627454e-02	   1.8005408661567933e-02	   3.2549632649206892e-02	  -4.1962849337396024e-02	   3.8240954926653525e-01	   4.0042020022294389e-01	   4.5201196039155656e-01	   2.8769163530951103e-01	   3.2261282007893105e-01	   3.0266809995234067e-01	   3.5387225996914362e-01	   2.7788024568620617e-01	   3.2335610040229951e-01	   3.3231682862040757e-01	   4.8411371003346043e-01	   3.2065828365394883e-01	   4.0799812326945317e-01	   3.1333113635382415e-01	   6.8498538784781482e-01	   6.9826146938399780e-01	   4.6561239876006949e-01	   5.3120045771028246e-01	   3.2638646614939515e-01	   3.5936898880471280e-01	   6.2960321909053918e-01	   2.0630347994966830e-01	   3.7211191297025115e-01	   6.5341618877423083e-02	   5.8569721194116953e-01	   3.5525746832809013e-01	   3.5484564314319100e-01	   4.5848472685735819e-01	   4.0731709145824968e-01	   3.4493155555079352e-01	   3.6582369180191626e-01	   4.6333079579923514e-01	   5.1033818881557935e-01	   4.4001382575762638e-01	   4.0279712269192891e-01	   4.4460264573994723e-01	   1.5239804416354757e-01	   3.1247503997598935e-01	   2.3618746371819460e-01	   3.4387884914048433e-01	   5.3952147567211195e-01	   1.5905600297062897e-01	   4.2145987452925643e-01	   2.1591787906919840e-01	   1.4306252509974712e-01	   2.4969747241366891e-01	   3.2626378582680121e-01	   5.0890338173358973e-01	
   5.8735609884761630e-01	   0.0000000000000000e+00	   4.1225045335705568e-01	   4.3915215708986977e-01	   2.3448110451340912e-01	   9.4772979418574155e-02	   4.9841922997594790e-01	   4.2833677085910288e-01	   2.0243947202866566e-01	   5.0840218248338995e-02	   1.6416410754969163e-01	   5.7238873282441605e-01	   4.2219095182519983e-01	   5.8745990952755389e-01	  -3.1412482107745499e-02	   1.7892485349234771e-01	  -2.8126819789775038e-02	   2.7747904749610341e-01	   5.1176944949328251e-01	   6.5712347427364848e-01	   3.1201932898936119e-01	   4.7718972792750336e-01	   3.8519974509194943e-01	   2.8542738106729881e-01	   1.5871569432098698e-01	  -9.7506069079655255e-02	   3.0195210996765964e-01	   2.9665957660998366e-01	  -1.6041460265218858e-02	  -4.6543199053802824e-02	   1.8730336273764292e-01	   1.6058468921542118e-01	   7.0183696778037641e-01	   6.8971971270984700e-01	   3.7105911718384677e-01	   4.0724976805147550e-01	   3.5866835893215498e-01	   5.0785381462508206e-01	   2.2282980106332922e-01	   2.5308808606593242e-01	   1.2928681976137202e-01	  -2.0695238953363695e-01	  -2.3024680069107809e-02	   1.2310678755776702e-01	   1.9790497145386932e-01	   2.2915989840799328e-01	   2.9896525337081070e-01	   1.8346516988725664e-01	   4.9331554730400778e-01	   2.5347031563657246e-01	   3.2631499611431752e-01	   3.7172886538884742e-01	   3.5422975712957278e-01	   1.2019190472166399e-01	   4.5497173018107490e-01	   4.9380925418857236e-01	   6.3895894479290127e-01	   7.7016246774723862e-01	   5.3817132032086845e-01	   6.6943078481314178e-01	   6.0416889166331644e-01	   6.0036936344557523e-01	   3.8187203052538321e-01	   5.0282628291115272e-01	   4.6702462263079690e-02	   1.8468912442959895e-01	   6.6313955372860489e-01	   6.2631553303761578e-01	   5.2938695171652797e-02	   5.5569663126307178e-01	   5.8203616289989968e-01	   4.3078981455557130e-01	   4.6984665378714752e-01	   3.8771574008042153e-01	   3.6675405474139666e-01	   4.2799350246183315e-01	   6.7943747917539155e-01	   6.7991380259028711e-01	  -1.8561533934468905e-01	  -1.0438509752127070e-01	  -5.7754605373993448e-02	   7.9655721521513859e-02	   9.9496260776135187e-02	  -1.2958079520165774e-01	   8.7462828057007225e-03	   1.9881097043484403e-01	  -6.3677194224881953e-02	   8.3154833074918236e-02	   3.7123341742912441e-01	   4.1201500257709034e-01	
   5.5134232867278110e-01	   4.1225045335705568e-01	   0.0000000000000000e+00	   5.8827859585930953e-01	   1.3607483621265289e-02	   2.5793734874318319e-01	   6.7178594310448225e-01	   1.4870380153553603e-01	  -2.9588124382287317e-02	   1.2357305956555038e-01	   2.8642742668350113e-01	   2.7082364382645402e-01	   2.1233254933097617e-01	  -1.0575965070200993e-01	   2.1122675376328476e-01	   2.8980250614787473e-01	   1.8789398336576332e-02	   1.4019798732750216e-01	   7.0402541588384782e-01	   4.3611633758750346e-01	   1.5284754464746270e-01	   1.9701911404316441e-01	   7.8689695282471739e-01	   6.5142294407371426e-01	   4.5201804301788462e-01	   3.0742772935727458e-01	   1.4398350641926516e-01	   2.9498304753381688e-01	  -2.3801335272219065e-01	  -1.0103890391256992e-01	   4.2994112719263616e-01	   3.4779777742827650e-01	   2.0283158423236386e-01	   2.4228913470077917e-01	   6.1137876419772041e-01	   4.3642696686792737e-01	  -5.9661674361203731e-02	  -8.8355383435118395e-02	  -1.6314483777016095e-02	  -8.1611375230616165e-02	  -1.9262094885648329e-01	  -3.5316367589576070e-01	  -1.7402570711627770e-02	  -8.7926475419420946e-02	   1.3889797684249769e-01	  -9.8352933396473274e-02	  -1.6543424458626832e-02	  -9.8437930847042575e-03	   1.1762482813249528e-01	  -6.4024085366679556e-02	  -5.0750022230239972e-02	   4.6599193281009615e-02	   7.8431907237908022e-02	  -2.2401960413756156e-02	   2.2620063606662760e-01	   1.6402309661183806e-01	   2.3484965400176352e-01	   3.1522858996886421e-01	   1.2022540158034417e-01	   6.4700511334248131e-02	   4.2420400124242424e-01	   2.7770779117644828e-01	   1.6981260568677045e-01	  -8.1254132578442689e-02	   6.9684485904459303e-01	   2.7934954873782031e-01	   3.8659325771770464e-01	   9.5563974077935779e-02	   1.2014116830137840e-02	   1.9122481013966594e-01	   4.0310744723758613e-01	   4.4705190512088766e-01	   2.1281704940561796e-01	   3.2044122513264806e-01	   1.5914818147519705e-01	   4.3592538389566687e-01	   4.3570286154375981e-01	   3.2329186234303087e-01	  -3.0714010354777710e-01	  -4.6374551111752985e-03	  -2.8280244574368829e-01	  -1.5996385948175398e-01	  -6.3628147043644516e-04	  -2.2796348262367971e-01	   7.0487774897356054e-02	  -3.1415073290614415e-01	  -1.1358220622029774e-01	   6.8585502622259251e-02	   4.0970779132080393e-01	   2.8073199812488214e-01	
   2.5592145336898098e-01	   4.3915215708986977e-01	   5.8827859585930953e-01	   0.0000000000000000e+00	   2.3706006104303227e-02	   1.8419412051220385e-01	   5.3006819852755604e-01	   6.2840110419103201e-01	   9.2485537331009393e-02	   2.0060570335863975e-01	   1.1842311303567991e-01	   2.7853344619214115e-01	   2.8808648985658568e-02	   1.6030233122256590e-01	   2.4254770499058968e-03	   1.5121985731539139e-01	  -9.9412162402672338e-02	  -6.7865659755675156e-02	   5.0433244444361547e-01	   4.1819486210108353e-01	   2.7687072339248125e-01	   2.6089663051926854e-01	   6.8731532433008646e-01	   7.1709731138291088e-01	   2.5877480273755366e-01	   2.0320027620262360e-01	   6.6740635152607447e-02	   1.1253835649314081e-01	  -1.1070282673924926e-01	  -1.0376531981739354e-01	   4.1550360302977679e-01	   4.8409278264734013e-01	   4.5503039400868861e-01	   4.9422492844068588e-01	   4.6649995380482501e-01	   6.4633472544196513e-01	   9.5129525173092006e-02	   2.0431241422343738e-01	   3.8668446390482442e-01	   3.1177953155682414e-01	   2.2221346220709665e-01	  -7.4038446118282683e-02	   4.5687180650124198e-02	   2.6945009783294324e-02	   1.2176143640618009e-01	   1.9878564525476788e-02	   3.0157892760533439e-01	   2.4999858721085666e-01	   2.6619269395597162e-01	   8.8829254107223116e-02	   7.8463108934512193e-02	   1.8580825379764171e-01	   1.8854449934712275e-01	   1.3156880793924031e-01	   4.0017329460748891e-01	   4.7652734974754540e-01	   3.3792548418435253e-01	   3.5235183365349265e-01	   1.9849976926572838e-02	   3.0603287342481932e-02	   2.7410452310401257e-01	   4.7214239957703019e-01	   7.3280531938961099e-02	   2.0536665578431124e-01	   3.3932215712472474e-01	   4.7356641603354033e-01	   4.6052113774591780e-01	   4.5525489921847984e-01	   1.8761100466755248e-01	   4.4870030938718797e-01	   4.9019306834450782e-01	   4.4579974674235995e-01	   2.8297022001196426e-01	   1.9182239194756917e-01	   2.7116548421848119e-01	   3.0922771173754271e-01	   5.8582195880259724e-01	   5.3494419775492652e-01	  -1.5641285368608843e-01	  -1.6724227606811359e-01	  -1.0703795544481953e-01	  -4.6418466463610586e-02	  -1.5652427780727212e-02	  -6.0236726138786195e-02	   1.0058930011113623e-01	   1.4599575398463149e-01	   6.3641945608023887e-02	   3.4922538891565791e-01	   5.2962854127009829e-01	   4.7840845325427883e-01	
   1.4356229711437302e-01	   2.3448110451340912e-01	   1.3607483621265289e-02	   2.3706006104303227e-02	   0.0000000000000000e+00	   4.1605291080454646e-02	   3.2539372830465052e-01	   4.7180283227357800e-01	   8.2230932611847229e-01	   1.8717997532343167e-01	  -9.2160707635896538e-02	   2.8204269415473371e-01	   1.9525987351149082e-01	   3.8448004430610760e-01	  -7.3116740044345513e-02	   2.5070830228548174e-01	   9.4954508898505569e-02	   1.1179566367097991e-01	   2.0249437301803352e-01	   4.2417710963218275e-01	  -4.1456330171689121e-02	  -1.8909444412156907e-02	   1.8665960255151004e-01	   4.2812564220290707e-02	  -1.9259323074924667e-01	  -7.6234192221845265e-01	   2.3336436956344719e-01	  -4.2903654797049773e-01	   8.2232044167890456e-02	   5.8904646565060878e-02	  -4.5792191393057918e-01	  -3.6770826716257082e-01	   3.9571420300407151e-01	   3.4218107388227770e-01	   2.1317075533137492e-01	   1.9449342809342107e-01	   1.7672342565802396e-01	   3.0739369432280750e-01	  -3.8295551661172503e-02	   6.5423430131961974e-02	   2.9021907388587442e-01	   5.2595183858166722e-02	  -4.2533857153252107e-02	   1.3137515906203231e-02	   8.7023600509283622e-02	   2.5236546019637934e-01	   8.7362183465567150e-02	   6.5922042547472545e-03	   2.3209053879669805e-01	   2.0988045874879271e-01	   1.2663753958717949e-01	   5.2692392811165667e-02	   6.0024530660719819e-02	   8.2781220183082843e-02	  -4.2248594408134978e-02	  -6.0217310100963836e-03	   4.6807712098420648e-02	   1.7966987207772173e-01	  -6.2870995200123944e-02	   9.8989205316393714e-02	   1.8087621788809144e-01	   2.5467923058367353e-01	   3.3549687556978340e-02	   3.2093379717599257e-01	   1.0570390757779800e-01	   3.1883186873536551e-01	   2.1941243215743997e-01	   2.8730349478965839e-01	   1.1412325487730740e-01	   2.0022467040069181e-01	  -4.2648685811098824e-01	  -3.5806259469082491e-01	  -1.6909007992629072e-01	  -2.9058608099505628e-01	  -3.0127477104088089e-02	  -1.2240975830877773e-01	   9.7993503893055639e-02	   1.6991840324767823e-01	   7.7129522666999226e-02	   4.1139840708124681e-02	   1.7280395966827033e-01	   1.9936721229309590e-01	   3.2755648825699385e-01	   1.9452626885380980e-01	   1.4515826985421992e-01	   3.1328063867197098e-01	  -1.3444974862862791e-01	   5.6393155702905595e-02	   2.9414147737722961e-03	   2.1269782501581597e-01	
   1.9284266257355728e-01	   9.4772979418574155e-02	   2.5793734874318319e-01	   1.8419412051220385e-01	   4.1605291080454646e-02	   0.0000000000000000e+00	   3.1274779299570676e-01	   1.1581473968648856e-01	  -8.6710932038737434e-02	   6.1837108315940159e-01	   1.2462881191143713e-01	  -1.3254979712264681e-02	   1.9669594161997117e-01	  -5.1770837297336655e-02	   4.1177088825006036e-01	   2.1549079224177464e-01	   1.4650470790333045e-01	   1.4280142204228774e-01	   1.6495026103416757e-01	   4.6312489937026170e-02	  -2.7457168985904135e-01	  -9.7564513039069024e-03	   2.9260521210995216e-01	   2.5564314852624337e-01	  -5.5972933251695320e-02	   3.5728364211354291e-01	   1.9091376006268729e-01	   3.4698394287927314e-01	  -1.2491993489936237e-02	   4.3784623692400465e-02	   3.6597888722353838e-01	   2.8843371512760207e-01	  -1.4383620101497140e-02	   5.0519909426015039e-03	   1.5920206976585508e-01	   3.0526184762974015e-02	   1.4449311804397230e-01	  -1.9391495029060923e-01	  -5.2795787212086748e-02	  -1.8270363676513379e-01	  -9.6191859790082041e-04	  -1.3875789640838238e-01	   1.0333452899459586e-01	   1.2152698744312451e-01	   2.0025777207573300e-01	   2.0966765263485215e-01	   1.0753182174319099e-01	   1.5756362757385667e-01	   1.8998193749375539e-01	   2.3184614750107993e-01	   2.0101366001834015e-01	   2.7470765124147917e-01	   1.4749029093358018e-01	   3.6453357090678690e-01	   8.1615109291934634e-02	   1.8536585070150541e-01	   9.2991955779697433e-02	   4.9219377387919191e-02	   7.7481690129676470e-02	   2.1395422962897589e-02	   8.1014984345455926e-02	   2.3678391105422240e-02	   2.5433476882648753e-01	  -6.3527367370762783e-02	   2.9734808287314873e-01	   1.1673218666163071e-01	   5.5327747745954919e-02	  -2.2808635494058857e-02	   8.0734522225051508e-02	   1.5406921256690470e-01	   1.5275907128432957e-02	  -7.6970689081062305e-02	   1.3250190286789970e-01	   1.8799528366606366e-01	   1.0530118597891942e-01	   4.5528207382098104e-02	   7.6863245520609247e-02	  -2.6399548860496443e-02	   1.9792061727388505e-01	   2.5144661915182709e-01	   9.1403269871370846e-02	   8.5747123508351453e-02	   2.8299942954307067e-01	   8.6772713358879899e-02	   7.6339842782577744e-02	  -6.8477092833626558e-03	  -2.0607990120175656e-03	   1.0446150232834497e-01	   9.7187517042149840e-02	   4.8083767023235816e-02	
   4.3494671813790764e-01	   4.9841922997594790e-01	   6.7178594310448225e-01	   5.3006819852755604e-01	   3.2539372830465052e-01	   3.1274779299570676e-01	   0.0000000000000000e+00	   6.4790677469364066e-01	   2.6739361505895554e-01	   1.6443982164794452e-01	   2.5668833883044395e-01	   4.6660266953724716e-01	   5.8392641872669526e-01	   3.2603670135456453e-01	   1.9649682962628201e-01	   3.7587155203430511e-01	   1.1785566167847028e-01	   2.8529844015838746e-01	   5.6133269930699936e-01	   6.0548686128172780e-01	   7.1792425277510313e-02	   1.2688142243491049e-01	   6.6346713757822251e-01	   4.2422810536413358e-01	   1.5162580809951920e-01	  -1.4881669811580150e-01	   4.3136339746025654e-02	  -5.3262492427510195e-02	   1.0545138519430142e-01	   1.6318092273253562e-01	   1.2740310698460963e-01	   1.0710062327870409e-01	   5.6339284563449432e-01	   6.9198650767161252e-01	   4.9285171433940184e-01	   5.6775664997583553e-01	   3.2258949796891084e-01	   1.3773974749348605e-01	   1.6343313386090957e-01	   5.7298782579329056e-02	   4.8183469614074138e-02	  -7.9609515610925094e-02	   5.1791000387488489e-02	   1.2087840084876947e-01	   2.8482286907859622e-01	   2.0398811596092625e-01	   2.1825679915313323e-01	   2.1582280930379966e-01	   3.7979152591115029e-01	   1.4379446107805277e-01	   4.3709560779273293e-02	   2.7445842801660835e-03	   8.6093918568325378e-02	   3.3169059162160515e-02	   4.2064632515480116e-01	   2.3015088901393016e-01	   2.3042068163290774e-01	   3.7447583447390997e-01	   4.1030873673342516e-02	   6.5095103406346264e-02	   6.0757987213017584e-01	   4.8879072308384358e-01	   2.9741451225584825e-01	   4.1699344920068460e-01	   4.7697371505270092e-01	   3.5533636891579995e-01	   4.0295273144774757e-01	   2.4401578291969833e-01	   5.0992457666909949e-02	   3.4891812477827244e-01	   2.5134356764958876e-01	   2.9431092441415818e-01	   2.4894331099880368e-01	   3.3289532971686575e-01	   2.6990555021786328e-01	   4.6345209118322167e-01	   5.0856221720384120e-01	   5.7309240057318200e-01	  -4.6126028466405233e-02	   9.4439122929925720e-02	   6.4684236283283750e-02	   1.1009775952579644e-01	   1.8487492311890730e-01	   3.2210555974996002e-02	   1.7054027455675991e-01	  -1.6260888644368077e-02	   2.0843942174345528e-03	   1.4381027282866712e-01	   4.7749563113483817e-01	   3.4374060796216827e-01	
   6.2334045819767522e-02	   4.2833677085910288e-01	   1.4870380153553603e-01	   6.2840110419103201e-01	   4.7180283227357800e-01	   1.1581473968648856e-01	   6.4790677469364066e-01	   0.0000000000000000e+00	   4.9737450599289679e-01	   2.4653210266635742e-01	  -9.8844106224483166e-03	   4.3693227403585810e-01	   3.5742285547336528e-01	   5.4526853040476264e-01	  -1.3153792637973621e-01	   1.7660233523885760e-01	  -3.3175316984877433e-02	   4.7431366046176572e-02	   3.1828424553187112e-01	   5.5727612276261806e-01	   1.6263410998741151e-01	   2.2369919581102921e-01	   3.8581542241592071e-01	   3.1922441022762271e-01	  -1.0882055761385212e-01	  -4.1348292438858997e-01	   3.2215068588404679e-02	  -2.7988268156661456e-01	   1.5601021066846490e-01	   1.4297160062917455e-01	  -4.6705521367865904e-02	   9.1169084655127325e-02	   7.2285338473417615e-01	   7.9517339259870379e-01	   2.4135451844075190e-01	   5.9651055163274214e-01	   3.1693860582420957e-01	   4.6707005425856635e-01	   3.9734671515436681e-01	   3.8962747341994913e-01	   3.9344580962234171e-01	   1.1430190418496566e-01	   1.6388496118694752e-03	   1.2548528945573240e-01	   1.8373966904687983e-01	   2.6454076587064324e-01	   3.5330198950225683e-01	   2.7027287936508593e-01	   3.7671236887414045e-01	   1.7826949787787777e-01	   3.9040185185105901e-02	  -1.8535578829214232e-02	   4.2735869540843602e-02	   2.8007741460259691e-02	   3.1806715858791640e-01	   3.2764693375894721e-01	   2.5660603713681218e-01	   3.6311994377023432e-01	  -1.0963049690940349e-01	   8.2457979163414012e-03	   4.0167035755220437e-01	   5.9855187140703747e-01	   4.1880393093944937e-02	   6.7747911183247433e-01	   6.0108987487050833e-02	   5.0206525278523340e-01	   3.7548911075262015e-01	   5.2189943792686089e-01	   1.8744006719544873e-01	   5.5939923647781842e-01	   1.5629453997578530e-01	   1.0944588818972338e-01	   2.1183702731075815e-01	   4.7364143120380751e-02	   1.7969825761706057e-01	   1.7421119831089069e-01	   4.9392585284753920e-01	   6.0276550645759519e-01	   5.1546661952907039e-02	  -1.4185350342771119e-01	   1.7765394816454760e-01	   1.8675343088154117e-01	   1.1206106138604074e-01	   1.6713747634566095e-01	   1.1694133737534299e-01	   3.4068053818738431e-01	   1.1745585027771460e-01	   3.0694411277786737e-01	   3.8457492727087772e-01	   3.4831115835002524e-01	
   2.7244270590595109e-02	   2.0243947202866566e-01	  -2.9588124382287317e-02	   9.2485537331009393e-02	   8.2230932611847229e-01	  -8.6710932038737434e-02	   2.6739361505895554e-01	   4.9737450599289679e-01	   0.0000000000000000e+00	   2.8065999564997285e-01	  -1.1182611037844101e-01	   1.9302005363602442e-01	   9.5951453527155769e-02	   3.6330798730405811e-01	   6.1721004627597921e-03	   3.2519262436704677e-01	  -5.3913909044386976e-02	  -1.1708183804390433e-02	   2.1602490727364648e-01	   4.2621087246768752e-01	   1.5190871809813813e-01	   1.7191403086456264e-01	   1.8005601550632327e-01	   1.1841476002038392e-01	  -8.7421850466541606e-02	  -6.6947281400760184e-01	   9.8641125289605225e-02	  -4.4578990430584409e-01	   1.0556246020334874e-01	  -2.4469003781135864e-02	  -4.0933617922490595e-01	  -2.6250548715281152e-01	   4.7945685324314219e-01	   3.8234928802864887e-01	   1.5947131585694491e-01	   1.9764588899079899e-01	   2.0366860439423631e-01	   4.4836357946081329e-01	   2.8395606040826880e-02	   1.0646373232833874e-01	   3.1962172521993337e-01	   3.4582422360481722e-02	  -4.8598703065801635e-02	   1.8893226030711863e-02	   2.2123318885824493e-02	   2.2236240088655540e-01	   1.8307141310172670e-01	   3.9792514713620268e-02	   1.5866985905284686e-01	   2.0574661242291650e-01	   1.4238812469826945e-01	   7.2147094984949950e-02	   7.3820194371719064e-02	   1.8186022589495091e-01	   1.4616534560296785e-02	   1.0509447156312318e-01	   9.5425714425102656e-02	   1.3227536922795577e-01	   2.3338060134949951e-02	   1.0364786218728403e-01	   2.1661591919047557e-01	   3.7384031556792657e-01	   2.9297900964504610e-02	   3.8925840786301302e-01	   5.8187912059813877e-02	   3.5216464537068493e-01	   1.9679749706614466e-01	   3.0800136952259960e-01	   1.4550396918668546e-01	   3.3428255562160281e-01	  -3.2178491345370436e-01	  -2.3544577767629307e-01	   6.2634799485599940e-02	  -2.1535039284021990e-01	   1.2704109252002499e-01	  -1.0523643531951564e-01	   2.0555309886640105e-01	   2.7719604581634133e-01	   6.5022187151452263e-02	  -1.0164021065629364e-01	   1.0781414535870018e-01	   1.6800928651066477e-01	   2.6346964838995929e-01	   1.2134201653281751e-01	   6.2035162650604173e-02	   3.5743715586105074e-01	  -2.3265004391515218e-02	   6.5518491155970485e-02	   5.3374432349524298e-02	   2.1049257447290898e-01	
   5.0975815182575136e-02	   5.0840218248338995e-02	   1.2357305956555038e-01	   2.0060570335863975e-01	   1.8717997532343167e-01	   6.1837108315940159e-01	   1.6443982164794452e-01	   2.4653210266635742e-01	   2.8065999564997285e-01	   0.0000000000000000e+00	   5.4451041717143182e-03	  -2.0878879948832831e-02	   4.7131280545776718e-03	   1.0536336652465322e-01	   2.7431850486215187e-01	   1.8894899472252341e-01	   4.1859886694718032e-02	  -2.7465128438240516e-01	   1.1271385814300180e-01	   1.2533397385124623e-01	  -3.2658846070353215e-01	   2.4660356458228333e-01	   2.5148473428351403e-01	   3.1690865511951594e-01	  -1.3662797606424604e-01	   2.1700955217590062e-01	   3.1986456664983898e-01	   1.6325073044240856e-01	  -3.8127398407128463e-02	   8.4178403106760738e-02	   3.5737514688718963e-01	   2.8033592646873440e-01	   8.0989288018063349e-02	   9.7336744754443118e-03	   1.1492516146919154e-01	   5.7358278897909959e-03	   4.7906689655769314e-03	  -5.8618323243036341e-02	   9.4597151998692831e-03	  -8.4320915561082593e-02	   1.6600871595543995e-01	  -2.1317524132103419e-01	   6.5312368456961381e-02	   7.8556283816292677e-02	   1.0832166400749928e-01	   2.8554166568181338e-01	   1.6192475652263000e-01	   1.3665477948011659e-01	   1.2950331301228576e-01	   2.5513960055091717e-01	   1.9313085830476925e-01	   2.5645277641452180e-01	   1.2780592537065764e-02	   3.3368072462669218e-01	  -1.1220488111964796e-01	   2.4399735346662293e-01	   1.1507034112538897e-01	   3.1457054691077777e-02	  -2.8221707526533087e-02	  -1.5652791200602232e-03	   5.1768306336715295e-02	   1.5441503352262242e-01	  -2.9786387298320754e-02	   1.0264461677126191e-01	   2.0388265396048902e-01	   2.4458511099143526e-01	  -1.0082477347038078e-02	   7.4927776507951183e-02	   5.2784071724912222e-02	   2.9487697087737097e-01	  -7.5843101428792192e-02	  -1.2955511761222407e-01	   2.0256556558509767e-01	  -1.8448155470687691e-02	   8.5828612256203973e-02	  -1.1242196121562859e-01	   1.3350060767170618e-01	   1.3476992609048333e-01	   1.9371153081833586e-01	   1.1939034185031599e-02	   4.9481937327709766e-02	   1.1202090538005212e-01	   1.7131156058510172e-01	   1.1361914670927584e-01	  -6.6064411625779501e-02	   6.9553141980195132e-02	   4.1899450196569599e-02	   9.9351142756443592e-02	   7.3726018962382442e-02	   4.6441888890593454e-02	
   5.2902201125378445e-01	   1.6416410754969163e-01	   2.8642742668350113e-01	   1.1842311303567991e-01	  -9.2160707635896538e-02	   1.2462881191143713e-01	   2.5668833883044395e-01	  -9.8844106224483166e-03	  -1.1182611037844101e-01	   5.4451041717143182e-03	   0.0000000000000000e+00	   3.1556768798490525e-01	   3.1941446085945502e-01	   2.5453751540029201e-01	   3.2782115495193781e-01	   3.0826274465769804e-01	   4.7659418272741516e-01	   3.0257932305300922e-01	   2.3078611315642217e-01	   1.1013647046298297e-01	   1.9958498661230860e-02	  -1.7393831314258538e-02	   1.8282145733520552e-01	   1.1273907311746925e-01	   2.7485807860556266e-01	   1.5120153528803934e-01	   2.1437373771468751e-01	   2.0290503285024580e-01	   5.2438923317766739e-01	   4.0688491159279061e-01	   2.2371034657516378e-01	   3.0661046685786952e-01	   4.4099083189230205e-02	   1.8645542435562792e-01	   2.5800710367438878e-01	  -4.7634333734839869e-03	   7.9713984036264826e-02	   4.3697204906735905e-02	  -1.7899007673038751e-02	  -4.8432586754352705e-02	  -8.1140114218848536e-02	   1.5648779237891411e-01	   4.4646168901396599e-01	   3.6164701285406886e-01	   3.9981597749235498e-01	   3.4788968308848212e-01	   2.1235207463555050e-01	   2.2890895138190143e-01	   1.7326617268615074e-01	   2.6680656357577220e-01	   2.2017834855866114e-01	   1.2455662868022531e-01	   2.8582455757362468e-01	   1.7494829710775084e-01	   3.4100155538033111e-01	   1.1230624207641851e-01	   4.5551681282903100e-01	   4.4877223142157047e-01	   1.7804921458900255e-01	   2.4088413118829965e-01	   1.9120777669245900e-01	   1.8836211126090263e-01	   5.3742803949737850e-01	   2.9025612848211302e-01	   3.6007241306668025e-01	   1.7420798090934622e-01	   2.8790886419089484e-01	   1.2659515735869392e-01	   1.6151705744063757e-01	   2.2327358770735281e-01	   2.2708060919573256e-01	   2.3327721791119088e-01	   2.6357721006973378e-01	   4.0067207381616299e-01	   4.1712989938266076e-01	   3.9151126421034099e-01	   2.3491213616058944e-02	   1.8360050941108241e-01	   2.8676043126153961e-01	   4.1706015846025751e-01	   3.8041986656065152e-01	   4.0293896353732428e-01	   3.7903690437492504e-01	   2.5178193051467096e-01	   4.3756143445500989e-01	   1.8907814439994966e-01	   4.0792679472942217e-01	   1.3469046567988008e-01	   2.4613845983435070e-01	   4.0083467704233755e-01	
   3.4807585780052502e-01	   5.7238873282441605e-01	   2.7082364382645402e-01	   2.7853344619214115e-01	   2.8204269415473371e-01	  -1.3254979712264681e-02	   4.6660266953724716e-01	   4.3693227403585810e-01	   1.9302005363602442e-01	  -2.0878879948832831e-02	   3.1556768798490525e-01	   0.0000000000000000e+00	   5.5816591130871873e-01	   7.3048876540919827e-01	  -8.9539427613594375e-02	   3.7947977777008585e-01	   2.6887383302298712e-01	   4.1013970702140196e-01	   1.8592943527966460e-01	   3.0578812163441982e-01	   1.3343212593258744e-01	   1.9776283354551466e-01	   2.1431198289498812e-01	   2.0341115769274726e-01	   7.1884727443077057e-02	  -3.0856656275608907e-01	   2.3952559607974339e-01	   7.9882218544546094e-02	   6.8361251973910561e-02	   3.0163409028375138e-01	  -4.4422244549755449e-03	   3.0281909929612924e-02	   4.0603951596534760e-01	   5.8118438521943094e-01	   3.1067553563236866e-01	   3.8836706595410864e-01	   3.0459457240701993e-01	   2.5947121365470271e-01	   1.8112475196189243e-01	   6.3544456728641924e-02	  -4.3410198474791731e-02	  -7.8145673372215257e-02	   1.0283658421677543e-01	   2.4232721744948105e-01	   2.9651979622466207e-01	   4.1287140235776121e-01	   2.0655601415876407e-01	   1.8876183572310976e-01	   5.3904344123036929e-01	   3.6915951628148580e-01	   3.2443565905237093e-01	   2.0319678064231181e-01	   3.5261683138167954e-01	  -2.1043960208820166e-02	   4.6778993359269216e-01	   2.4452727627468920e-01	   2.6688248245941021e-01	   4.4259390514325214e-01	   8.4082764850721317e-02	   3.5899600988782443e-01	   4.7959108193867594e-01	   5.9805454430389837e-01	   4.3257058381728825e-01	   4.5123875545571729e-01	   2.7243598631629357e-01	   4.1962672017797747e-01	   4.9004128774112737e-01	   4.9957103394934899e-01	  -2.4387193945130791e-02	   2.5431762661444079e-01	   3.3561281223161882e-01	   3.3403578501854436e-01	   7.7441300032201427e-02	   6.1734129516991663e-02	   7.4484073343888388e-02	   2.7864124418909736e-01	   3.5827801156134642e-01	   4.2390926964956699e-01	  -2.5892755129290394e-02	   2.1980227755371273e-01	   1.0961206772671873e-01	   2.9149321930377681e-01	  -7.5997358781743629e-03	   5.4538329556871233e-02	   2.0136629395444983e-01	   2.3389690630811175e-01	  -7.9990567252653053e-03	   1.6955052326214283e-02	   2.5419648815011725e-01	   5.4635504544487101e-01	
   2.6683127577514143e-01	   4.2219095182519983e-01	   2.1233254933097617e-01	   2.8808648985658568e-02	   1.9525987351149082e-01	   1.9669594161997117e-01	   5.8392641872669526e-01	   3.5742285547336528e-01	   9.5951453527155769e-02	   4.7131280545776718e-03	   3.1941446085945502e-01	   5.5816591130871873e-01	   0.0000000000000000e+00	   5.6055756620066199e-01	   2.7961667899699261e-01	   3.9170015741876751e-01	   3.1708942160487807e-01	   4.6641238432596555e-01	   1.7190722267187292e-01	   3.0308866065262513e-01	  -2.9983353773468092e-02	  -9.4914538604644244e-02	   2.8791633096760968e-02	  -1.3155208486093406e-01	  -2.0908506773890662e-01	  -2.3340770231213487e-01	  -1.3111209874998719e-01	  -1.2198415468205213e-01	   2.3237506036894676e-01	   3.6989108980834845e-01	  -1.6185561018253472e-01	  -2.2793448065823341e-01	   2.9062740721600261e-01	   4.9831640115624715e-01	  -1.9830542972951861e-02	   1.4381360185024383e-01	   2.9216402145656639e-01	   6.9213403461212089e-02	   2.1037071851109569e-02	  -3.4199448425125775e-02	  -1.0292951699231614e-01	   1.9895233595553646e-02	   3.1551058229627879e-02	   1.6354876770105059e-01	   2.3006641958730289e-01	   2.0663451122359389e-01	   1.0368336565077191e-01	   1.5350216532770486e-01	   4.2293015242296478e-01	   2.5609209652914910e-01	   2.2235369136758726e-01	   1.2766515511976345e-01	   1.5973377358440383e-01	  -3.7168456624632001e-02	   3.8635414777987015e-01	   1.1885156446687023e-01	   1.8892606767031153e-01	   3.0287873895375961e-01	   2.7122577791351310e-01	   2.7188533997153652e-01	   5.6399979031878389e-01	   3.0480874336050423e-01	   3.5682217363326474e-01	   4.4740412580401689e-01	  -1.3794916347599249e-02	   3.4834198488432684e-03	   1.5767269909892589e-01	   1.1546069643633786e-01	  -1.1935881101623354e-01	   1.3388252610027870e-01	   1.9744084978880622e-01	   2.0133781920408622e-01	   1.5360365083515562e-01	   3.4592435049540865e-01	   1.0701096344471517e-01	   3.3964603405276295e-01	   1.4928744739954941e-01	   2.9127117618484577e-01	   5.9424868317102031e-02	   2.3285390823936764e-01	   2.1893262543089340e-01	   2.1844392332171209e-01	   1.1706211685210220e-01	   1.0425348627257931e-01	   1.4043288619526140e-01	  -3.9934199847297446e-03	   6.1588192878875726e-03	  -6.3084477088709859e-02	   1.5425668148560434e-01	   1.3442784262853547e-01	
   2.4978987810152734e-01	   5.8745990952755389e-01	  -1.0575965070200993e-01	   1.6030233122256590e-01	   3.8448004430610760e-01	  -5.1770837297336655e-02	   3.2603670135456453e-01	   5.4526853040476264e-01	   3.6330798730405811e-01	   1.0536336652465322e-01	   2.5453751540029201e-01	   7.3048876540919827e-01	   5.6055756620066199e-01	   0.0000000000000000e+00	  -3.4167653329521971e-02	   2.3657181443789591e-01	   2.5059560408564507e-01	   2.8946987539097702e-01	   6.8810804582737597e-02	   4.0454863687285697e-01	  -8.9448640397368166e-03	   2.1420737809395313e-01	  -2.2910508583670715e-02	  -1.3592404403769426e-01	  -1.7710759957374536e-01	  -4.6755938166671906e-01	   1.8475754235946484e-01	  -1.0997601386478462e-01	   3.4455515913135060e-01	   3.3798029727651674e-01	  -2.2665414476956219e-01	  -2.1142030440713938e-01	   5.4687381436725824e-01	   6.2981891063362061e-01	  -9.0461649090756886e-03	   1.9017309094436260e-01	   4.1364615833303503e-01	   4.0907110400844721e-01	   2.8135119537653375e-01	   2.6192516808708022e-01	   2.9173942699232353e-01	   1.0434517157429057e-01	   1.6203267194935081e-01	   3.7865505466684152e-01	   2.6933719129484979e-01	   5.2571367450936335e-01	   4.7037456971390801e-01	   3.6031124135867221e-01	   6.0110014614536245e-01	   5.2096681730615912e-01	   4.8476811882596793e-01	   3.6471259901675968e-01	   3.6319147313758171e-01	   1.4926309104002852e-01	   4.5677194448941461e-01	   4.6165437143787263e-01	   4.0190030838243929e-01	   4.9243410797913201e-01	   2.3373036225021415e-01	   4.6294994980590520e-01	   4.1748042624697312e-01	   4.9408396388618980e-01	   4.0311618199962002e-01	   7.4549440616633111e-01	  -2.0130906485681743e-01	   1.3183122098569910e-01	   3.4446247857829454e-01	   4.9092097983078054e-01	   9.0275860116371537e-02	   3.8634352045895204e-01	   2.1304791855484845e-01	   1.0625830566343747e-01	   2.3523723682811101e-01	   1.3159155215173574e-01	   2.4657610921516512e-01	   1.6162445550743459e-01	   3.3237343973876809e-01	   4.9884028599556096e-01	   2.3225491946770305e-01	   1.2781364583843224e-01	   3.3157701081241542e-01	   4.0054335240071853e-01	   1.9303507118988150e-01	   2.6163622168826250e-01	   1.6529343983658201e-01	   4.4433281224014409e-01	   1.4455038964960906e-01	   1.0798541616925852e-01	   2.5608191488804366e-01	   3.8117525371668415e-01	
   3.9366603003515799e-01	  -3.1412482107745499e-02	   2.1122675376328476e-01	   2.4254770499058968e-03	  -7.3116740044345513e-02	   4.1177088825006036e-01	   1.9649682962628201e-01	  -1.3153792637973621e-01	   6.1721004627597921e-03	   2.7431850486215187e-01	   3.2782115495193781e-01	  -8.9539427613594375e-02	   2.7961667899699261e-01	  -3.4167653329521971e-02	   0.0000000000000000e+00	   6.7912073492203051e-01	   4.0440751114907192e-01	   4.0842898085843277e-01	   3.2605951410542278e-01	   1.0598272865666443e-01	  -1.9003865179945713e-02	  -3.3824346594165300e-01	   9.5105173761988654e-02	   1.6143613294256304e-02	   6.0682896057515583e-02	   3.2777760837934722e-01	  -5.4657831400596477e-02	   1.1672514179231705e-01	   4.0291331062247870e-01	   2.5698379761070822e-01	   1.7882246881184605e-01	   1.0273200409332293e-01	  -1.2415744762660989e-01	  -4.6457833577449092e-02	   8.6056495839998956e-02	  -1.1031215189682440e-01	   1.5075292022687622e-01	  -4.3528720051770775e-02	   3.6988384748358513e-02	  -4.9834918805611264e-02	   9.8788084314618801e-02	   2.3561250868785033e-01	   4.7729028226717551e-01	   4.5890376984208903e-01	   4.1265237165155327e-01	   2.3494529412084175e-01	   3.3439229504305790e-01	   4.3515522537443824e-01	   1.8703986058359795e-01	   3.5790581873987903e-01	   3.4552963557994448e-01	   3.3887787441632522e-01	   3.4368565354089020e-01	   4.8849339004599823e-01	   2.5683350094457713e-01	   1.6256090516894092e-01	   1.9467657622157397e-01	   6.4156704049831703e-02	   2.8812508517306845e-01	   6.2871157418886867e-02	  -5.5374980651355342e-02	  -3.6569655100591417e-02	   4.1674108497300710e-01	  -1.1555151811852521e-01	   1.6303006552305582e-01	  -1.5660868531920052e-01	   1.0582705143352061e-01	  -9.8285514035989924e-02	   3.9307295105140916e-01	   1.7678993631956547e-01	   1.4204805787798720e-02	   1.1515820440931418e-01	   2.6505690374371194e-01	   4.1063506716746645e-01	   3.9179719984471617e-01	   8.6850110051108459e-02	  -5.9206953269479709e-02	  -3.4662762020219442e-03	   4.7077979517629320e-01	   4.9986935610584537e-01	   4.0027409859930768e-01	   3.0261707532261856e-01	   6.4856425801967021e-01	   3.9868675170649265e-01	   3.7845933626300321e-01	   1.2489030581146462e-01	   2.3849381342139245e-01	   3.0100246945985387e-01	   1.5507770608465815e-01	   1.9589696976880899e-01	
   4.2791867948171158e-01	   1.7892485349234771e-01	   2.8980250614787473e-01	   1.5121985731539139e-01	   2.5070830228548174e-01	   2.1549079224177464e-01	   3.7587155203430511e-01	   1.7660233523885760e-01	   3.2519262436704677e-01	   1.8894899472252341e-01	   3.0826274465769804e-01	   3.7947977777008585e-01	   3.9170015741876751e-01	   2.3657181443789591e-01	   6.7912073492203051e-01	   0.0000000000000000e+00	   5.0176360281375487e-01	   4.8060818801801108e-01	   4.2578270378037264e-01	   3.1271487798090380e-01	   6.1991684331216455e-02	  -2.3455113325976112e-01	   1.6978750851836713e-01	   1.4766812175515448e-01	   5.1995905703703466e-02	  -9.6027758104262548e-03	   7.0549645116641871e-02	   2.0655436558142664e-04	   4.1120649217701505e-01	   4.9096706815014346e-01	   8.0372554003335178e-02	   6.3197563426619863e-02	   9.6791078403941952e-02	   3.1168624732084588e-01	   2.3345557773927206e-01	   1.5746037749305697e-01	   2.9082440620697719e-01	   1.6473527122357884e-01	   8.7898128389898050e-02	  -1.2800366795929011e-02	   1.1943713294586211e-01	   2.7549288584103315e-01	   4.7612275687409811e-01	   5.1950732562771929e-01	   5.1936149372467832e-01	   4.2633338546818428e-01	   3.9016724564376803e-01	   4.7497685933419498e-01	   4.1649033182106093e-01	   4.7790936922547844e-01	   4.6661234538447227e-01	   3.3040075981321337e-01	   4.9974902308608182e-01	   4.2911197346670588e-01	   4.5581786047978012e-01	   2.0474828149680790e-01	   1.8692575794756952e-01	   2.1445797088750979e-01	   1.7429463572723072e-01	   1.3716608130361943e-01	   4.1510287407384022e-02	   2.4748534451468479e-01	   4.6065134116097084e-01	   1.3982572867974552e-01	   3.5835682786458950e-01	   1.9798645910736451e-01	   3.8426597209080227e-01	   2.4764179399833458e-01	   3.9944687882634938e-01	   2.9719879687884249e-01	  -1.0507605337760867e-03	   1.0636849133961337e-01	   9.9836410685260779e-02	   3.1764199290760886e-01	   1.7875002758155101e-01	   2.2759052237900271e-01	   3.8245167209366063e-02	   1.4881137558332413e-01	   4.1425867335523359e-01	   5.5567595724639718e-01	   4.7059525286451764e-01	   5.1322098374365699e-01	   5.2695777290911838e-01	   4.5572086631903519e-01	   5.3977863878640164e-01	   3.5973120108873508e-01	   2.7650775664274613e-01	   3.3827305125064622e-01	   2.5044424268179355e-01	   5.5442402855337802e-01	
   4.0566671438892909e-01	  -2.8126819789775038e-02	   1.8789398336576332e-02	  -9.9412162402672338e-02	   9.4954508898505569e-02	   1.4650470790333045e-01	   1.1785566167847028e-01	  -3.3175316984877433e-02	  -5.3913909044386976e-02	   4.1859886694718032e-02	   4.7659418272741516e-01	   2.6887383302298712e-01	   3.1708942160487807e-01	   2.5059560408564507e-01	   4.0440751114907192e-01	   5.0176360281375487e-01	   0.0000000000000000e+00	   4.4832217688874043e-01	   1.5517279479187523e-01	   7.4561251861672229e-02	  -3.1605851829770720e-01	  -3.9388581600648920e-01	  -2.0819441042316411e-01	  -2.8551778698563246e-01	  -1.6075105376657436e-01	   4.8079986124175314e-02	   1.7747600656383261e-01	   3.4592768256008995e-02	   6.1362780449765530e-01	   7.3982799791679410e-01	   4.3820261348364462e-02	  -7.4264029432246803e-02	  -2.0173169001398969e-01	   3.6930431715425038e-02	  -1.3628053204137724e-01	  -1.3918953225067365e-01	   5.7005911092994389e-02	  -1.5095099686277255e-01	   2.9464805104517558e-02	  -7.9947976979304392e-02	   4.5206776677916366e-02	   4.1344618670697658e-01	   7.2753444710278270e-01	   7.0806870528201538e-01	   6.4528870575631669e-01	   5.8033730013933227e-01	   3.8801490820312334e-01	   5.3421609241340950e-01	   4.4478625560517482e-01	   5.7888970368073056e-01	   4.9891510432800235e-01	   3.5711773641613342e-01	   5.1466091846291562e-01	   3.9385035692862025e-01	   2.8909001476969798e-01	   1.6648917230917726e-01	   2.0538401802270084e-01	   2.2432557087301247e-01	   1.0279319183484360e-01	   1.9733274637802958e-01	  -2.3596320648214680e-01	  -6.8379280945874227e-02	   5.1201830154144257e-01	   1.5660645372216647e-01	   1.9571781119711590e-01	  -6.8598549406185844e-02	   2.2320450067592135e-01	   1.4543048844751755e-01	   4.9137861681601191e-01	   1.3054539082442648e-01	  -1.6286250040959649e-01	  -1.8025783136386778e-01	  -1.5952586061633689e-01	   2.0481995931451580e-01	   7.1884344794219575e-03	   1.0967645764082674e-01	  -3.3058063492796952e-01	  -1.5039853107494711e-01	   7.2850470022395497e-01	   8.4763545960914688e-01	   7.5377194712661699e-01	   8.1382111286493397e-01	   5.3822166287901285e-01	   7.4817781951064888e-01	   7.3885059701097744e-01	   4.2075297977212728e-01	   4.3771654915304864e-01	   3.8550885002168689e-01	   1.1544965401359800e-01	   4.0440680874082929e-01	
