   0.0000000000000000e+00	   5.2918738096142104e-01	   7.5536209678951038e-01	   5.9457509853540114e-01	   5.7957637802912887e-01	   6.2593973946459536e-01	   8.0071062176464824e-01	   5.7594609757283421e-01	   6.9790119584994548e-01	   3.6868005264088038e-01	   7.4834330714805719e-01	   5.9667586094597391e-01	   7.2999514648329444e-01	   5.3587442701380272e-01	   5.8361033665418072e-01	   6.4434696224390331e-01	   8.2015897374348457e-01	   5.5712416266701692e-01	   6.6945245660254027e-01	   7.0483592973074782e-01	   3.8422362887671935e-01	   3.7734984674935917e-01	   6.6237441462721103e-01	   6.3275185915045584e-01	   6.3334896377017980e-01	   6.8064977364169932e-01	   5.1257111860714732e-01	   4.6800837221647684e-01	   7.9164713456798896e-01	   3.5252030272875351e-01	   5.7475997181953209e-01	   5.0326520059550817e-01	   7.2481355438778627e-01	   6.3941704238777752e-01	   3.9301087899686871e-01	   5.5231103590680086e-01	   6.2135064070892776e-01	   3.1554567118864768e-01	   5.7092269114233618e-01	   5.7416466464383697e-02	   5.4324726912153343e-01	   1.4634542507927889e-01	   7.6908403460696251e-01	   7.0673401098357569e-01	   7.6402886030422024e-01	   7.3220251739751752e-01	   7.7238664206176377e-01	   7.1758704519477701e-01	   7.5642415411277120e-01	   7.5976506744749717e-01	   7.0408692310639931e-01	   7.8647371986714198e-01	   6.0223600761236540e-01	   6.9896257655676441e-01	   3.6769377614619297e-01	   6.5711274160135480e-01	   4.3006622748415047e-01	   4.4065139646487017e-01	   5.9768499132278907e-01	   3.7319348800662155e-01	   7.9915574411233092e-01	   5.8724179017136913e-01	   7.0674204158294929e-01	   6.1404834950005371e-01	   6.6316364946511530e-01	   7.6534660740645299e-01	   6.1712622470754097e-01	   5.7629366747921229e-01	   4.5313634664314068e-01	   7.5376421510073555e-01	   9.2216003773098409e-02	   2.8452090856390688e-01	   2.2993754311226147e-01	   2.3647748402339319e-01	   4.8821488276105657e-01	   2.9629235582696684e-01	   6.4393169071260714e-01	   7.5743205679801806e-01	   8.1028706494254876e-01	   3.7717735773931016e-01	   7.5105339426986961e-01	   8.1256467887721362e-01	   6.7130289528504972e-01	   6.7520173440851883e-01	   6.0317286273797266e-01	   8.1823726917960249e-01	   4.1727913658983995e-01	   4.7330206016984744e-01	   2.4810469601548713e-01	   7.8031005093326855e-01	
   5.2918738096142104e-01	   0.0000000000000000e+00	   4.7158964301771678e-01	   8.4295235358577458e-01	   4.7833070859384419e-01	   5.5101547535060769e-01	   3.5304295151326393e-01	   8.5415583324597899e-01	   5.3534706619320371e-01	   6.6325640191393509e-01	   5.2062933616174567e-01	   8.2202159306903633e-01	   3.0314848519050580e-01	   7.1039175843623226e-01	   6.5913628125851942e-01	   4.3678116171044029e-01	   6.7486526690781401e-01	   7.0668558917226476e-01	   8.1430780811948233e-01	   9.0803375378439988e-01	   1.3170154237217191e-01	   6.3686475171299106e-01	   5.5089592023195688e-01	   6.6631558465559526e-01	   3.8719754760529879e-01	   5.8492394468738473e-01	   5.7409992649142816e-01	   1.9104332233327601e-01	   4.5435074381422480e-01	   8.4394189979174994e-01	   5.6542508863515184e-01	   6.6742978058185909e-01	   7.8770998138332760e-01	   8.3678835910156324e-01	   7.1925561397968574e-01	   7.0092707585119740e-01	  -1.6209152760457224e-01	   7.5133946113798111e-01	   6.2319903259754827e-01	   1.4331429008472535e-01	  -8.9439748542735453e-02	   5.3823945915598248e-01	   7.4640144356634175e-01	   7.2893884482916349e-01	   7.5474409647187501e-01	   7.7462895104370311e-01	   7.4488094818942996e-01	   7.3002814977287511e-01	   7.1193664218766795e-01	   6.6948851993659031e-01	   7.3394479168951854e-01	   5.3313306073747335e-01	   8.1583683510655747e-01	   6.4663002000193093e-01	   8.5836488944939116e-01	   1.9419174649354332e-01	  -2.5281312915249343e-01	   9.1981222986306299e-01	   5.5894777661014139e-01	   8.1136852476649013e-01	   7.1374946349154622e-01	   8.9410398478219100e-01	   6.0150315978941971e-01	   7.2382713378068386e-01	   7.2765500444606612e-01	   6.8266375077270602e-01	   8.8068751739152784e-01	   7.6496409327658366e-01	   8.9137682129646478e-01	   8.2772335597553615e-01	   5.1873132463439442e-01	   2.0623928971268274e-01	   6.3470373338484820e-01	   7.0843645520898613e-01	   6.2242444391807850e-01	   6.2355584010395360e-01	   8.1430923815475609e-01	   7.3007875860569893e-01	   6.1844267924349228e-01	   7.8605267760476150e-01	   8.2340669689551860e-01	   3.6626052034113626e-01	   5.7703847220415661e-01	   2.3030949059160782e-01	   9.2112445731846382e-01	   4.9629742356866235e-01	   8.2930109164098498e-01	   5.8624043839088397e-02	   8.7919966296954577e-01	   2.4319983854995733e-01	
   7.5536209678951038e-01	   4.7158964301771678e-01	   0.0000000000000000e+00	   7.7636612596523769e-01	   5.2919345740271984e-01	   6.8550718566418212e-01	   9.5406573187912924e-01	   7.3614239092742950e-01	   7.4218726426158721e-01	   4.0597839564943650e-01	   8.9182969647993426e-01	   6.8205479608667885e-01	   8.2143247824506904e-01	   7.6602648458015044e-01	   7.8478043624776084e-01	   7.0428456152793184e-01	   6.9928998834816103e-01	   3.3077332152745809e-01	   6.9478671939757453e-01	   6.6572147513430013e-01	   3.8979411501681543e-01	   4.3551694559193932e-01	   9.5236594588552959e-01	   8.9437155194203266e-01	   8.6189232286284967e-01	   7.3913838259985321e-01	   5.0473830844249734e-01	   2.1667706879025178e-01	   7.6433884333153723e-01	   5.2720260098023575e-01	   3.0573974060588915e-01	   3.8955229606505948e-01	   6.9613787127848004e-01	   6.2892389339277310e-01	   4.4564021332209408e-01	   4.4253185627574215e-01	   4.6804398748181764e-01	   3.9370213299690071e-01	   5.2326602863826555e-01	   2.3446134619147424e-01	   5.5937835293704719e-01	   2.9493045624883674e-01	   8.6189603366203671e-01	   8.1203987755640705e-01	   7.4411442376718484e-01	   7.4474949310941185e-01	   8.2458465009717674e-01	   8.5153235479988787e-01	   7.5935824866040424e-01	   9.1166582161298981e-01	   8.5700583830261778e-01	   9.0805518123081164e-01	   7.0171202565354762e-01	   8.1554657344745762e-01	   3.8565270948890484e-01	   5.5722664410201828e-01	   2.8794845667855798e-02	   2.5110757931757755e-01	   1.0616036921665031e-01	   1.4530580988640340e-01	   6.1678295114760651e-01	   4.9140562137607113e-01	   6.1528340561406725e-01	   5.0747582658646195e-01	   7.4250219935323503e-01	   7.9815322633768038e-01	   5.0750853761035808e-01	   3.8930053332988790e-01	   3.0280840285875843e-01	   6.5577815766979419e-01	   2.1221021690642244e-02	   4.6311085309031225e-01	   5.9197133797818019e-02	   1.5505312559296963e-01	   4.1991649231379058e-01	   4.1676047074492617e-01	   6.5990021524758247e-01	   7.8703961720755344e-01	   8.1009027694508851e-01	   5.7966817447166252e-01	   6.8157846263110955e-01	   6.7858500380596354e-01	   8.9349128126004596e-01	   5.1253645758359356e-01	   6.4245159723640022e-01	   7.6068398388721237e-01	   4.4356266250213566e-01	   6.1319540205976519e-02	   3.1546550196783985e-01	   7.6970385093465399e-01	
   5.9457509853540114e-01	   8.4295235358577458e-01	   7.7636612596523769e-01	   0.0000000000000000e+00	   5.4375158070844831e-01	   7.2655231039309409e-01	   6.7162645723618863e-01	   9.5001363096160163e-01	   6.6088240103736950e-01	   6.3753363285476716e-01	   7.2122291253645288e-01	   8.7289050659229228e-01	   5.6228973424900786e-01	   8.7244141684821352e-01	   8.4119420372490317e-01	   6.5219211840150748e-01	   6.9658407705900249e-01	   5.7698823042193803e-01	   7.7153695576867121e-01	   8.8074200475374032e-01	   2.7234858561405301e-01	   6.2203944486620544e-01	   8.5369454898647312e-01	   9.0824100095368754e-01	   7.1778379271582704e-01	   7.5687026617221842e-01	   6.4741441217989792e-01	   2.1132710281291534e-01	   6.2181632921861396e-01	   8.2877534149947762e-01	   4.1823560805303001e-01	   6.5494590070535630e-01	   8.3119909487005672e-01	   8.4979350888341632e-01	   6.7285736905452487e-01	   6.8842617882870505e-01	   5.6065531216717479e-02	   7.1307688768534028e-01	   6.2624695487953663e-01	   2.7560903397383690e-01	   1.9266560295481078e-01	   5.7308972351168641e-01	   8.9772760045648448e-01	   8.4194780269841141e-01	   8.3834378233624585e-01	   8.4008661372180871e-01	   8.8665170887814404e-01	   9.1643838563203006e-01	   8.1629811207736047e-01	   8.6440489775436702e-01	   9.1569042415173096e-01	   7.7646290999133538e-01	   9.1417483568739955e-01	   8.4688053551605802e-01	   7.7890430394549748e-01	   3.4409298387428777e-01	  -3.4898775289852324e-01	   6.5154152275959976e-01	   2.6881797151434084e-01	   5.5436407785422981e-01	   6.5855298988566235e-01	   7.7716609032499628e-01	   5.8047297200516113e-01	   6.9198064891806421e-01	   8.2099870281654663e-01	   8.2866410979158078e-01	   7.8683398458326592e-01	   6.6775603976328535e-01	   6.8356334494210791e-01	   8.2033134234891070e-01	   3.2777520268533172e-01	   3.7565193495302301e-01	   4.2814039120618269e-01	   5.8532247124441661e-01	   6.2866379538246109e-01	   6.1888990532487176e-01	   8.3827866550640884e-01	   8.3179697164875477e-01	   7.7391633969195772e-01	   8.5709142876430400e-01	   8.3299538486898705e-01	   5.0612437985181602e-01	   7.8904109364101904e-01	   3.1736518589777263e-01	   8.9300744937741183e-01	   6.2461134327448387e-01	   7.6608484546040478e-01	  -4.3545137206593483e-02	   7.6151153991477782e-01	   4.4690020292095078e-01	
   5.7957637802912887e-01	   4.7833070859384419e-01	   5.2919345740271984e-01	   5.4375158070844831e-01	   0.0000000000000000e+00	   6.7060914509259084e-01	   5.1907989285601142e-01	   5.1612068437854375e-01	   7.6491178643839741e-01	   3.9308248432932485e-01	   4.9931214440370775e-01	   6.4460500127690334e-01	   5.0358888450627526e-01	   6.0537167412641246e-01	   5.9055404705726078e-01	   3.8943416659379504e-01	   5.4273300038980221e-01	   2.5911023101947195e-01	   6.4544311395729181e-01	   6.6161804903126842e-01	   3.8326471736800832e-01	   3.7244309751420135e-01	   5.3815045521638227e-01	   5.8660521337334015e-01	   6.4085324525957188e-01	   7.6276879791068342e-01	   5.4223997779187638e-01	   2.5391145250829800e-01	   4.3249832956713896e-01	   3.3422493147218485e-01	   6.7613904778363720e-01	   4.7863675946935569e-01	   4.8812049913499900e-01	   5.4066561823470694e-01	   2.8397519815837530e-01	   4.8170297326586531e-01	   3.6215593040560146e-01	   2.6391127430843692e-01	   5.3663114092771935e-01	   2.0238881075540507e-01	   4.6991914627874004e-01	   5.4392115598467117e-01	   6.2594535250005512e-01	   6.1280636453366200e-01	   6.6683493864563592e-01	   6.2946140469750722e-01	   5.9294938721481372e-01	   6.0818269853150697e-01	   5.9896943980838457e-01	   6.3438617956523302e-01	   6.1030924664353403e-01	   6.4486210381637743e-01	   5.5230589676103725e-01	   5.6014385019482493e-01	   4.3851497086971752e-01	   2.7712017241540271e-01	  -7.0275954242684235e-02	   4.0770701706242352e-01	   3.2811212534058287e-01	   3.6302892801897851e-01	   4.9398238148716567e-01	   5.4678349404001525e-01	   3.5262648166945543e-01	   4.0723835985176832e-01	   4.4714867333515074e-01	   6.3469748570659434e-01	   4.7965010017624343e-01	   4.3925695780318741e-01	   4.5325286674604071e-01	   6.0442240154012328e-01	   3.0805122173416655e-01	   4.9806822556151131e-01	   4.5993254764772085e-01	   5.1628531806276268e-01	   2.5172322750664433e-01	   5.1591945632232883e-01	   6.4530084092068263e-01	   6.3041762627032472e-01	   5.7252305592790709e-01	   2.4827198355779945e-01	   6.5824485539603528e-01	   5.9179005366748993e-01	   6.2769412269913194e-01	   2.6948641966600700e-01	   5.2030034367345979e-01	   5.9178560172765882e-01	   3.4070007477976894e-01	   3.1572079338520222e-02	   3.0749055442956830e-01	   4.4256577427034516e-01	
   6.2593973946459536e-01	   5.5101547535060769e-01	   6.8550718566418212e-01	   7.2655231039309409e-01	   6.7060914509259084e-01	   0.0000000000000000e+00	   6.7740807596490082e-01	   6.8350269423872589e-01	   7.6904266760325957e-01	   6.2156649258142926e-01	   7.5234612411935420e-01	   6.5461658096041120e-01	   6.1802054019116648e-01	   7.4409898318395629e-01	   7.5502717644823791e-01	   7.6511525332712604e-01	   6.3826239924613981e-01	   4.0035622656966319e-01	   5.7714073963396417e-01	   6.7777365221501473e-01	   5.3526368221244203e-01	   4.4094643296918534e-01	   6.9019439933997473e-01	   6.8496066865592176e-01	   7.8929500581661538e-01	   7.7891540417414551e-01	   4.5160400076243856e-01	   2.9975665219534586e-01	   6.9045794524700588e-01	   4.8089266637322625e-01	   3.6433988413196194e-01	   4.6921735121869668e-01	   5.9976209174477979e-01	   5.9260789492540944e-01	   4.1897840033116418e-01	   4.8413579546464403e-01	   2.8673246395986085e-01	   4.5656743666865518e-01	   4.0527917818378961e-01	   1.8352717855174572e-01	   4.1011515588955022e-01	   3.8241050923651332e-01	   7.4559194299889064e-01	   7.2482657605650846e-01	   6.4308015877689662e-01	   7.0552818959894115e-01	   7.1392388973869947e-01	   7.7093810610393920e-01	   6.4636367981121490e-01	   7.3650177554046414e-01	   7.1394032394781526e-01	   7.4659692041218539e-01	   6.5751009680226313e-01	   7.1187819339018699e-01	   4.7232611462084390e-01	   3.8431125167514057e-01	  -5.7597448637156240e-02	   3.8087436757662829e-01	   1.8867196361883670e-01	   2.4849737135557823e-01	   5.0551047477552280e-01	   4.9210422335881993e-01	   4.1969917650703009e-01	   5.2460080733747194e-01	   6.7826543657226734e-01	   6.4797622846275915e-01	   4.7524029891215702e-01	   3.5805303951346029e-01	   4.1315121142312572e-01	   6.3475670379187110e-01	   3.6838983418593618e-01	   5.4505391905755873e-01	   3.7955366915557182e-01	   3.9516516868507345e-01	   4.9870319647202832e-01	   4.7690526001187372e-01	   6.3361523404370557e-01	   6.3244600142841489e-01	   6.7555815431121924e-01	   5.3174539066785187e-01	   6.3645545239672985e-01	   5.4916853790663689e-01	   6.6020253902398984e-01	   3.7127057801909225e-01	   5.9839002229050231e-01	   5.5621553479871222e-01	   3.4967234071924280e-01	   1.0866396689841696e-02	   3.9399430326988305e-01	   5.1892142104213934e-01	
   8.0071062176464824e-01	   3.5304295151326393e-01	   9.5406573187912924e-01	   6.7162645723618863e-01	   5.1907989285601142e-01	   6.7740807596490082e-01	   0.0000000000000000e+00	   6.3828072939556380e-01	   7.5146549416680841e-01	   3.4027752707159664e-01	   8.7036802581676331e-01	   5.9203290358215632e-01	   9.0310095364187737e-01	   6.7848210045023150e-01	   6.7428465707483676e-01	   6.8885290630635265e-01	   7.1592790397972883e-01	   3.3185416422902514e-01	   5.8839723736065763e-01	   5.7280128867361990e-01	   5.0295434356119617e-01	   3.0545243297735003e-01	   8.6726377157857804e-01	   7.8385932566979077e-01	   8.4615263151321773e-01	   6.9667432731428147e-01	   4.0758077897002520e-01	   1.8551770882539331e-01	   8.0641062716452927e-01	   4.0515529516021748e-01	   2.5212961809252887e-01	   3.0528901934605424e-01	   6.6401198961957109e-01	   5.5406337352690027e-01	   3.0998315279279975e-01	   3.3549772779098835e-01	   5.9654675643957267e-01	   2.8380450176099536e-01	   5.3740997190571349e-01	   1.6812055831343281e-01	   6.7528966746385288e-01	   2.2092159295552261e-01	   8.0281173000954098e-01	   7.5055997386393603e-01	   6.7389341701723171e-01	   6.7845174173009881e-01	   7.6647614481726567e-01	   7.8807438333269553e-01	   7.5378443291986152e-01	   8.7160770998651127e-01	   7.6248852468716954e-01	   9.2900725303190790e-01	   6.1158116598173540e-01	   7.6797084028490836e-01	   2.5579419177689461e-01	   6.5045411433612788e-01	   1.9262457891332696e-01	   1.2966341636614373e-01	   1.4484279326404270e-01	   4.6957805026992552e-02	   6.6101905157000274e-01	   4.2698749541478437e-01	   6.2335619949783272e-01	   4.7399124270462589e-01	   6.2660095142917316e-01	   7.4913851765082418e-01	   4.0893737973841698e-01	   3.2194456197634264e-01	   2.0702003564752108e-01	   6.0284491075779267e-01	  -5.9752189682728218e-02	   3.9089548425084869e-01	  -3.0914529684709407e-02	   6.9565013745922638e-02	   3.4583867524362960e-01	   3.0669921518771787e-01	   5.8010712984426982e-01	   7.3832302145234552e-01	   8.0039984819369780e-01	   4.5147503328040456e-01	   6.0921366769281482e-01	   7.4769729625009795e-01	   8.3131762751424576e-01	   5.9047338825212980e-01	   5.1284176930601588e-01	   7.9318832460014899e-01	   3.1600234310582764e-01	   1.7230743746618463e-01	   1.4512123218318973e-01	   8.1830521804729628e-01	
   5.7594609757283421e-01	   8.5415583324597899e-01	   7.3614239092742950e-01	   9.5001363096160163e-01	   5.1612068437854375e-01	   6.8350269423872589e-01	   6.3828072939556380e-01	   0.0000000000000000e+00	   6.0929167623038138e-01	   7.0492970154615131e-01	   7.0717868172804810e-01	   8.9703013103729601e-01	   6.0694211043283330e-01	   9.0143207371687861e-01	   8.2656351942404926e-01	   5.8155214533536814e-01	   7.5432428887269176e-01	   5.5411924786333833e-01	   8.2663843571375240e-01	   8.7485454669781215e-01	   2.9364150436940673e-01	   6.5738342850609000e-01	   8.1611975234907408e-01	   8.7338467141648546e-01	   6.7054419197017923e-01	   7.4436670969109275e-01	   5.5011548770010843e-01	   8.0014495688386755e-02	   6.1294301309980459e-01	   8.7873066586542781e-01	   4.4393161807821535e-01	   6.2848711954572778e-01	   8.6475673282232757e-01	   8.8768104164404349e-01	   6.8168252332707358e-01	   7.0082157971031656e-01	   1.0754580209939350e-02	   7.7643738155383413e-01	   6.2474969496698129e-01	   2.5711594831454121e-01	   1.9278451798284429e-01	   6.3419020710455432e-01	   8.8249113701514847e-01	   8.4245244022230714e-01	   8.3077384164764023e-01	   8.4969877215598255e-01	   8.8156454123556016e-01	   9.0973991268143539e-01	   8.5362517168499297e-01	   8.8006068399516635e-01	   9.0635854415501083e-01	   7.8303286662030991e-01	   9.1659643792728296e-01	   8.2564005571678578e-01	   8.1530882554521933e-01	   3.3358784945857350e-01	  -3.5436281619422383e-01	   6.6889772153460036e-01	   3.0167110440280609e-01	   5.6292573969670856e-01	   7.2191924991330048e-01	   8.0831776102813879e-01	   6.5620352686240713e-01	   7.0257684386959418e-01	   7.5919474411561083e-01	   7.9408753911174979e-01	   7.7875805703699108e-01	   6.4782766519155777e-01	   7.1192344351677406e-01	   8.0718535582183559e-01	   3.2762387106697288e-01	   3.1573250875520698e-01	   4.9772990794594762e-01	   5.5741198270840842e-01	   6.0795837695499810e-01	   5.9313277127511377e-01	   8.8058822862467689e-01	   8.5627641571622148e-01	   7.6449404684052935e-01	   8.5131569585631173e-01	   8.4740019931146349e-01	   4.5145572702409470e-01	   8.0191137372578569e-01	   3.2028387644101253e-01	   8.9986922089358368e-01	   5.9380818832164795e-01	   7.6257102713727831e-01	  -9.7513187937030940e-02	   8.0077644289237493e-01	   4.2220002020684366e-01	
   6.9790119584994548e-01	   5.3534706619320371e-01	   7.4218726426158721e-01	   6.6088240103736950e-01	   7.6491178643839741e-01	   7.6904266760325957e-01	   7.5146549416680841e-01	   6.0929167623038138e-01	   0.0000000000000000e+00	   4.8264201378528837e-01	   7.7726765248512297e-01	   6.3759562353474997e-01	   6.4811807838415070e-01	   6.7478099259911706e-01	   6.5649071989328545e-01	   6.2014432122171403e-01	   6.2556387761428489e-01	   3.0537744556975432e-01	   6.5020124764692100e-01	   6.8378381291330737e-01	   4.5267090176197933e-01	   3.8808636190156226e-01	   6.8104050614167533e-01	   6.9269799090354467e-01	   6.9547724164959279e-01	   6.5802383573524759e-01	   3.9782750957032792e-01	   2.0646244912779196e-01	   6.4803015152031818e-01	   4.0441578105255171e-01	   4.1291061666518386e-01	   3.9061248793576975e-01	   5.9163649665971962e-01	   5.4046353328559205e-01	   3.6171144239644176e-01	   3.5087506216530073e-01	   3.5632194201284845e-01	   3.1870785272759217e-01	   5.3640535871345740e-01	   1.4850331684348150e-01	   4.0989829171942316e-01	   2.7689375592591725e-01	   7.6035055979184363e-01	   7.5633843306165072e-01	   6.6317278705945171e-01	   7.0156740390445571e-01	   6.9512102001385967e-01	   7.3189798999716249e-01	   6.6971583374653476e-01	   7.4505655888771571e-01	   6.7654757237294094e-01	   7.8008150167660151e-01	   5.7575241058197646e-01	   6.3177747730625300e-01	   3.6991689011291623e-01	   4.2615535605462529e-01	   4.3912466958925533e-02	   3.6422981881505467e-01	   2.4549959595224324e-01	   2.7593288566360141e-01	   5.8792992571694147e-01	   5.4797930526958361e-01	   4.6217590481728077e-01	   3.9646564902597259e-01	   5.4017456180809198e-01	   6.5662655308411400e-01	   4.9221519690060972e-01	   3.7717204766624030e-01	   4.3284242649242599e-01	   6.7802688923841026e-01	   2.6574942589138251e-01	   4.1925175969200323e-01	   1.7473867610950780e-01	   2.9238819919141945e-01	   1.9322584328484943e-01	   4.1888081524160586e-01	   6.2577098991419611e-01	   6.9479799932382535e-01	   6.4282487307968905e-01	   3.9994582036959958e-01	   6.1889048443801664e-01	   5.7641994701944133e-01	   7.4907129168261177e-01	   4.0588080330796505e-01	   5.7244544295144673e-01	   6.5164496878677425e-01	   3.9398664116014448e-01	   8.8719478622748926e-02	   3.0358966192288928e-01	   5.4365385282343126e-01	
   3.6868005264088038e-01	   6.6325640191393509e-01	   4.0597839564943650e-01	   6.3753363285476716e-01	   3.9308248432932485e-01	   6.2156649258142926e-01	   3.4027752707159664e-01	   7.0492970154615131e-01	   4.8264201378528837e-01	   0.0000000000000000e+00	   5.7355559930964817e-01	   5.5042123641851570e-01	   3.7322807878785969e-01	   5.5489451450914351e-01	   5.3940637720205109e-01	   4.4255665023642810e-01	   5.6432618225208775e-01	   3.9084167801732583e-01	   5.4554584285300667e-01	   5.9685874184718046e-01	   1.9752514012405770e-01	   5.4704541909009874e-01	   4.9773723620446569e-01	   5.4085613854130643e-01	   4.2377048943019807e-01	   4.9545022358731605e-01	   3.4075090643158834e-01	   3.1932745793130130e-02	   3.6246278011793576e-01	   5.8393182905960483e-01	   3.8283514781047145e-01	   4.9864063828510469e-01	   5.9968755650811301e-01	   6.1513519317163157e-01	   5.6625999483513023e-01	   4.7129411264756105e-01	  -1.2319735928350392e-01	   5.8404442478173524e-01	   4.4380682536883181e-01	  -1.0146070340328474e-02	  -5.8009358084573109e-02	   3.7271624154179628e-01	   6.1678818734279028e-01	   6.1426845587386203e-01	   5.6733615853569574e-01	   5.8236363336264807e-01	   5.7164780360970679e-01	   5.7182380433307189e-01	   5.4415023206986235e-01	   5.6516628519781209e-01	   5.5953646484487529e-01	   4.8629178728078559e-01	   6.1225136718364037e-01	   5.4035377674935270e-01	   6.2672296671764027e-01	   2.2357445370649323e-01	  -2.1827360655271283e-01	   5.0480395444896653e-01	   2.3730108641856568e-01	   4.3133187902177583e-01	   4.6169135261479000e-01	   5.3856112808010947e-01	   3.5961753041078892e-01	   3.8121401909578945e-01	   4.7949432166048112e-01	   4.7877871824544038e-01	   5.7093243336788879e-01	   4.1691597876120001e-01	   5.2084120842701409e-01	   5.4802824314670007e-01	   4.9686785027439290e-01	   5.9953075377400654e-02	   4.3552756587112357e-01	   3.6498136986446261e-01	   5.5955528612587924e-01	   3.0948580772497519e-01	   5.6703065993828961e-01	   5.3764829066535713e-01	   4.1811777480935952e-01	   5.5463049581727042e-01	   5.8837442726292211e-01	   2.0166484584759864e-01	   4.2921592179220325e-01	   1.0816649875929624e-01	   6.3647793564032829e-01	   3.0495377235978771e-01	   4.5263176261879834e-01	  -1.1766042469716292e-01	   5.8073131664948274e-01	   1.2773821364987234e-01	
   7.4834330714805719e-01	   5.2062933616174567e-01	   8.9182969647993426e-01	   7.2122291253645288e-01	   4.9931214440370775e-01	   7.5234612411935420e-01	   8.7036802581676331e-01	   7.0717868172804810e-01	   7.7726765248512297e-01	   5.7355559930964817e-01	   0.0000000000000000e+00	   6.6990776863957935e-01	   7.9039978976624869e-01	   7.6395461119919894e-01	   7.5779499647643045e-01	   7.5645438088146855e-01	   7.4757677249596144e-01	   4.1223554263817525e-01	   6.6508789286155046e-01	   6.6666774236304671e-01	   5.1270398683635265e-01	   4.7586495483755969e-01	   8.2396286038721833e-01	   7.9836134437284401e-01	   7.4235962707705383e-01	   6.6463050270884905e-01	   4.3100472578613724e-01	   1.1442292195046663e-01	   7.7568726953230327e-01	   5.3989866115226415e-01	   3.0403512504327346e-01	   4.0079574824904141e-01	   7.2016067574127873e-01	   6.2200173485700583e-01	   4.1282400219505649e-01	   3.9659018370492144e-01	   4.2233000034771484e-01	   4.2494964896754650e-01	   5.5407013107389169e-01	   1.5025570959519846e-01	   4.5723058199936439e-01	   2.0228246669559574e-01	   8.4929779328427946e-01	   8.2610873484799408e-01	   7.1043682594569646e-01	   7.7339139432468595e-01	   7.9204884653442109e-01	   7.9471108051000550e-01	   7.1667545633086260e-01	   8.6494527263326981e-01	   7.7862027347732021e-01	   8.5923576184650186e-01	   6.6551385230700311e-01	   7.6106242436863947e-01	   3.9618481043121401e-01	   5.0775997913195470e-01	   7.0854608352032833e-02	   3.1215131255453532e-01	   1.7185737351794150e-01	   2.0577494841518640e-01	   6.1670274737830866e-01	   4.9799814428258382e-01	   6.1727165648218862e-01	   4.8373254382419012e-01	   6.4682676387291171e-01	   6.7200984187370660e-01	   5.3117614345493669e-01	   3.8001829529241032e-01	   3.4502381091808071e-01	   6.4578697354784964e-01	   1.7007329071785909e-01	   4.1601244431894069e-01	   1.0021491994584662e-01	   1.7562376454003464e-01	   4.0802658818375748e-01	   3.5630742038206570e-01	   6.6153290785323415e-01	   7.4487106889790455e-01	   7.8928093966599855e-01	   5.9931997401928316e-01	   6.8366051721727650e-01	   6.3993820403897839e-01	   8.5013263989727472e-01	   5.6207409468866787e-01	   6.4203829250546074e-01	   7.1836646498974166e-01	   4.2858915816525039e-01	   1.2084356420855866e-01	   3.1041112725492070e-01	   6.7798752388391603e-01	
   5.9667586094597391e-01	   8.2202159306903633e-01	   6.8205479608667885e-01	   8.7289050659229228e-01	   6.4460500127690334e-01	   6.5461658096041120e-01	   5.9203290358215632e-01	   8.9703013103729601e-01	   6.3759562353474997e-01	   5.5042123641851570e-01	   6.6990776863957935e-01	   0.0000000000000000e+00	   6.0180028337961755e-01	   9.1981109497200864e-01	   8.5896472423705905e-01	   5.6908240176769520e-01	   7.5611435226657886e-01	   5.6994013383409758e-01	   8.6593715011688588e-01	   9.3831342344452073e-01	   3.6231114186539659e-01	   6.9899944304079931e-01	   7.3482480899493963e-01	   8.4574734427875353e-01	   5.7960541904322471e-01	   7.8660623448098810e-01	   5.7906107036816645e-01	   9.1485514498943668e-02	   6.3588174790582785e-01	   8.5938300840910697e-01	   6.0144686716585505e-01	   7.1906416979983967e-01	   8.9028269542133764e-01	   9.2469703998852859e-01	   5.7231691413424846e-01	   7.3115860722911263e-01	   1.0061195337087452e-01	   7.4453416632352953e-01	   7.0277703994301699e-01	   2.9690826610932908e-01	   2.9491252396131340e-01	   7.0584493731901909e-01	   8.5986717111904420e-01	   8.2970833801342658e-01	   8.6647207922195035e-01	   8.9896801931987147e-01	   8.4316487904796766e-01	   8.7579572388384630e-01	   8.7177138083594941e-01	   8.7178433032365255e-01	   8.7220764223778957e-01	   7.7012719061204760e-01	   9.0134442418907368e-01	   8.3115439359904530e-01	   8.0343186344476591e-01	   3.2733436594356990e-01	  -2.8019805170238510e-01	   7.4583755100582017e-01	   4.5909584681076804e-01	   6.8205730609385629e-01	   7.4849659159707327e-01	   8.5549793397647900e-01	   7.2019171872240051e-01	   7.8536058331781322e-01	   7.0609819109357308e-01	   8.1136469276796541e-01	   8.0281003996716249e-01	   7.4175971276753738e-01	   7.8792154499092193e-01	   8.6188827517412581e-01	   3.9474077787706774e-01	   4.4030374774301562e-01	   5.9809806170862556e-01	   7.1730414069217274e-01	   4.9384047844685897e-01	   7.4661845533385884e-01	   9.4813067605300860e-01	   8.6652100746519078e-01	   7.8589915307405800e-01	   7.8284196236053416e-01	   9.0692703532661390e-01	   5.8048589527042960e-01	   8.0517165512966793e-01	   4.1565923689401169e-01	   8.6608042050285949e-01	   6.8178298402481174e-01	   7.8564825625399470e-01	   4.6381762267510451e-02	   7.6122620758116799e-01	   5.2595583039579763e-01	
   7.2999514648329444e-01	   3.0314848519050580e-01	   8.2143247824506904e-01	   5.6228973424900786e-01	   5.0358888450627526e-01	   6.1802054019116648e-01	   9.0310095364187737e-01	   6.0694211043283330e-01	   6.4811807838415070e-01	   3.7322807878785969e-01	   7.9039978976624869e-01	   6.0180028337961755e-01	   0.0000000000000000e+00	   6.6170155331480274e-01	   6.5501413434314282e-01	   5.6333738846787962e-01	   7.6635732955123825e-01	   2.6846555096635250e-01	   5.8641136050531539e-01	   5.3495053266186832e-01	   5.4472080310818727e-01	   3.5691828115677804e-01	   7.4227328289013728e-01	   6.8282241713256409e-01	   7.6338458289551281e-01	   6.5992764322515862e-01	   2.4209709051498526e-01	  -2.7750346969847704e-02	   8.2726715614374469e-01	   4.3516156930354566e-01	   2.7636884471753997e-01	   2.8253574549415528e-01	   7.0587571690312845e-01	   5.9439579339609394e-01	   2.3386029781587919e-01	   3.0516759112701441e-01	   5.7133874485913827e-01	   3.5197718856783372e-01	   5.7081244026989808e-01	   1.3352246149970487e-01	   7.2521537727094842e-01	   3.5760887569933641e-01	   7.4142647380537730e-01	   7.2536418860435559e-01	   6.5184547229671308e-01	   6.5977879564844533e-01	   7.0949212515308469e-01	   7.2560647134073197e-01	   8.1889272533480684e-01	   8.3708202850471403e-01	   6.6188365809788141e-01	   8.7429627119924203e-01	   5.8522180196708384e-01	   6.8958971317730233e-01	   2.7987027519237073e-01	   6.2558200145742204e-01	   2.0607868905704399e-01	   1.1177957286570317e-01	   2.5647656384110767e-01	   1.0145117180269228e-01	   7.3685570702362768e-01	   4.4059108110108580e-01	   6.2997233607101466e-01	   4.6346909804803615e-01	   4.9541091468927689e-01	   6.9751641188196611e-01	   3.7015811820784911e-01	   3.2064725389400628e-01	   2.3942117860254139e-01	   5.7110694383472593e-01	  -2.8597959845537372e-02	   2.7243815010990069e-01	   3.8811599361997268e-02	   8.9518382921620621e-02	   2.5750989000710067e-01	   2.8306574586758415e-01	   6.0855047617790881e-01	   6.9521027660312040e-01	   7.4770475331066533e-01	   3.7366837420963184e-01	   5.7674154397265176e-01	   6.4540739381670609e-01	   7.7318313871274191e-01	   4.7582933156214491e-01	   4.3628261112674566e-01	   6.8343864143162847e-01	   2.2411012016562765e-01	   6.9855902571085399e-02	   1.4870926131577278e-01	   7.7893643735403428e-01	
   5.3587442701380272e-01	   7.1039175843623226e-01	   7.6602648458015044e-01	   8.7244141684821352e-01	   6.0537167412641246e-01	   7.4409898318395629e-01	   6.7848210045023150e-01	   9.0143207371687861e-01	   6.7478099259911706e-01	   5.5489451450914351e-01	   7.6395461119919894e-01	   9.1981109497200864e-01	   6.6170155331480274e-01	   0.0000000000000000e+00	   8.5334882410261614e-01	   6.6944715448914560e-01	   7.0088005429795075e-01	   4.3795083355465847e-01	   7.6729324725421988e-01	   8.2595081827027217e-01	   3.9205071325032426e-01	   6.1793020886995553e-01	   8.2098347819345996e-01	   8.8895935839467077e-01	   7.1819589036883558e-01	   7.7683489452810073e-01	   4.8132182017332609e-01	   3.6024057955707555e-03	   6.4456872226072603e-01	   8.0693486377588153e-01	   4.1616616943767298e-01	   5.7932940366645913e-01	   7.8439181242489153e-01	   8.0891392049225130e-01	   5.2255731108026104e-01	   6.1942108296121123e-01	   1.5648967771570077e-01	   6.7268207349354181e-01	   5.5442859850604631e-01	   3.7500576102638739e-01	   4.0343391767121728e-01	   6.4079024689917885e-01	   8.4112523288276253e-01	   8.1344957961027098e-01	   7.7640290227014463e-01	   8.3318171148795384e-01	   8.1142261255088366e-01	   8.6909978311381797e-01	   8.1232602407748411e-01	   8.7896275883963015e-01	   8.8093294655347576e-01	   8.1289624738252886e-01	   8.3106464242059097e-01	   7.9489039330908973e-01	   6.7070895808180930e-01	   2.9378849807683416e-01	  -3.4037262699790571e-01	   5.4166948557986494e-01	   1.9120395934039186e-01	   4.3782319155404004e-01	   6.2337246711468719e-01	   6.9406817077518457e-01	   6.4594625252210314e-01	   6.7356649777276356e-01	   6.7932472015743428e-01	   7.5136115676384752e-01	   6.3483994106978026e-01	   5.1881680457646140e-01	   5.6836410515775948e-01	   7.1649494083298637e-01	   2.9900450427975445e-01	   5.2673346338045846e-01	   4.2762412383202231e-01	   5.2879442917161701e-01	   4.6011843717254425e-01	   6.2942745302925751e-01	   8.4816261140191185e-01	   8.1578009033450360e-01	   7.8217012266432384e-01	   7.9769043661641081e-01	   7.8910134402653831e-01	   5.2584880470815709e-01	   8.4912637822010928e-01	   4.0279412927326941e-01	   7.8568965640431421e-01	   6.4108822240177998e-01	   6.5303458170039963e-01	  -1.2633886444390885e-01	   6.5276168358106568e-01	   4.9851955122885472e-01	
   5.8361033665418072e-01	   6.5913628125851942e-01	   7.8478043624776084e-01	   8.4119420372490317e-01	   5.9055404705726078e-01	   7.5502717644823791e-01	   6.7428465707483676e-01	   8.2656351942404926e-01	   6.5649071989328545e-01	   5.3940637720205109e-01	   7.5779499647643045e-01	   8.5896472423705905e-01	   6.5501413434314282e-01	   8.5334882410261614e-01	   0.0000000000000000e+00	   7.3322778406030908e-01	   6.6025641048064876e-01	   3.4521280703217838e-01	   7.8497798777989791e-01	   8.1312672057801483e-01	   3.8016715813503987e-01	   6.8317043490499063e-01	   8.2427403553636225e-01	   8.7704412167484280e-01	   6.9947454411624166e-01	   8.2912704969453266e-01	   4.8885486051552735e-01	   1.5248861528942886e-01	   6.7709639670204191e-01	   7.1730126885962142e-01	   4.9286215426478630e-01	   6.5140979920629927e-01	   7.8284275043250873e-01	   8.2365964820332094e-01	   5.4105146961266182e-01	   6.2161735314286959e-01	   2.2487776779362037e-01	   6.9757062975535877e-01	   5.3283125099294837e-01	   3.4876585003625621e-01	   3.5176943730128157e-01	   5.7678374925179399e-01	   8.5864400014557507e-01	   8.2089931798515547e-01	   8.0980021473947850e-01	   8.0362229461957391e-01	   8.2571250962047538e-01	   8.8020189332488585e-01	   7.7070598124161283e-01	   8.6145669788435442e-01	   8.6412806893651295e-01	   7.5235184773913755e-01	   8.2967320682714241e-01	   7.7968091421657959e-01	   6.7000323557835306e-01	   2.6384605978882908e-01	  -2.2915980115126378e-01	   5.3291859996366808e-01	   2.4221469222123609e-01	   4.4820627795525803e-01	   6.0521528812345271e-01	   6.7906054374386149e-01	   5.8029882243942366e-01	   6.6701870291249366e-01	   7.8480860936589414e-01	   7.7578932395066891e-01	   6.5996201764915519e-01	   5.5848022657448781e-01	   5.8623745473580091e-01	   7.2555807464983701e-01	   3.5681857817946361e-01	   5.6819683194701120e-01	   4.2701587353866910e-01	   4.9498929008581882e-01	   4.5883212163548814e-01	   6.0236552741327143e-01	   8.3910127363391118e-01	   7.7814752349913630e-01	   7.5335264414102476e-01	   7.0575127114249081e-01	   7.7638406416028594e-01	   4.6448771518405851e-01	   8.4957292442276755e-01	   3.3652165118975108e-01	   7.7304973351138484e-01	   5.8227836655737941e-01	   6.0789411227265566e-01	  -9.2437025153023794e-02	   6.1954730664912427e-01	   5.3649997668499927e-01	
   6.4434696224390331e-01	   4.3678116171044029e-01	   7.0428456152793184e-01	   6.5219211840150748e-01	   3.8943416659379504e-01	   7.6511525332712604e-01	   6.8885290630635265e-01	   5.8155214533536814e-01	   6.2014432122171403e-01	   4.4255665023642810e-01	   7.5645438088146855e-01	   5.6908240176769520e-01	   5.6333738846787962e-01	   6.6944715448914560e-01	   7.3322778406030908e-01	   0.0000000000000000e+00	   5.0691523916067283e-01	   3.0254489782803723e-01	   4.5868354599483196e-01	   5.7414218777148252e-01	   4.0093568252595363e-01	   4.0880135406429352e-01	   6.9391198553679367e-01	   6.8931728597015884e-01	   6.2910753543028430e-01	   6.7880538768300158e-01	   3.1931215980573002e-01	   3.2539790796588458e-01	   6.3939789738631669e-01	   3.8044778089405629e-01	   3.4263058204187780e-01	   6.0108583934249471e-01	   6.0852398335896718e-01	   5.6218037766328754e-01	   4.3568144568135608e-01	   4.8328024784944018e-01	   4.4990058793412990e-01	   4.1942206481915656e-01	   3.3525858775326195e-01	   1.8632198312370563e-01	   4.3421137037058477e-01	   1.0365304239179908e-01	   6.9871078265803854e-01	   6.1435277442857283e-01	   5.9159365079516668e-01	   6.0111086022267390e-01	   6.5371106926298028e-01	   6.9353938128824866e-01	   5.5347206611437161e-01	   6.5316845665310297e-01	   7.0141095873222836e-01	   6.8827455535333892e-01	   5.3188747589889585e-01	   6.3169603047521283e-01	   3.4504394105977659e-01	   4.0197979213649471e-01	   1.2163769340734873e-01	   3.0736994732515377e-01	   1.5015593679325531e-01	   1.8299021315516015e-01	   4.3997284413474091e-01	   3.7401482098327110e-01	   4.8587698979168359e-01	   5.1156060510699064e-01	   6.6200972553320536e-01	   6.1295523290077103e-01	   4.3723734660254232e-01	   3.3684737317340374e-01	   2.7143203170202501e-01	   5.1992883200335949e-01	   2.9384900697033289e-01	   5.5415552321165729e-01	   1.1358389670975294e-01	   1.3493373544883625e-01	   4.8044691124380445e-01	   1.8407824431599482e-01	   5.2130407514469024e-01	   5.6802062963989453e-01	   6.0792455321804217e-01	   5.3883494582886737e-01	   5.4927275931431230e-01	   5.2259700944550191e-01	   6.4577973707885883e-01	   6.0795090171349375e-01	   5.3443648236716634e-01	   6.0374608296035626e-01	   3.6645895878039703e-01	   1.9231752762859627e-01	   2.8688078397838745e-01	   5.3555915722615555e-01	
   8.2015897374348457e-01	   6.7486526690781401e-01	   6.9928998834816103e-01	   6.9658407705900249e-01	   5.4273300038980221e-01	   6.3826239924613981e-01	   7.1592790397972883e-01	   7.5432428887269176e-01	   6.2556387761428489e-01	   5.6432618225208775e-01	   7.4757677249596144e-01	   7.5611435226657886e-01	   7.6635732955123825e-01	   7.0088005429795075e-01	   6.6025641048064876e-01	   5.0691523916067283e-01	   0.0000000000000000e+00	   7.1686370333115423e-01	   7.6189449320308078e-01	   7.9482662036718033e-01	   5.0225181839548538e-01	   5.3814371567603159e-01	   6.5542519906955921e-01	   6.7337425064019774e-01	   6.1280754664616510e-01	   7.0292883352685576e-01	   4.5773044355336345e-01	   1.4120990339590353e-01	   8.1211301245017120e-01	   6.4406634538260443e-01	   5.2264791049022774e-01	   4.6271731913582348e-01	   8.2735133602550115e-01	   7.7837368738082846e-01	   4.2648672151768746e-01	   5.2213288983412476e-01	   3.9702918998156222e-01	   5.9966759363316746e-01	   6.8424130379782699e-01	   1.9217743217127128e-01	   4.2907971202957917e-01	   4.4215276648628121e-01	   8.1281963874218788e-01	   8.0386640310482327e-01	   7.5723773834708563e-01	   8.1170486730664337e-01	   8.0258493626657013e-01	   7.7568824206519704e-01	   8.3859577789105022e-01	   8.4635308011378818e-01	   7.2486755589458662e-01	   8.1186444114687717e-01	   7.7892198702400650e-01	   8.0509982616881803e-01	   5.6436519361604198e-01	   5.6454715967087588e-01	   1.8754017756001357e-01	   5.6961478327324533e-01	   6.2234502022239924e-01	   5.0871793639443452e-01	   8.7762553465463633e-01	   7.3217282220944391e-01	   8.1770232962071487e-01	   7.7666406326105031e-01	   6.1228734619773362e-01	   7.4224553347809874e-01	   6.6754909232895077e-01	   6.0834328126252024e-01	   6.1966490501031202e-01	   8.2325296812060533e-01	   2.2180890522291305e-01	   1.9621573412394136e-01	   3.6541399945283681e-01	   4.5803017846506067e-01	   5.3238119496464531e-01	   4.6448546137141911e-01	   7.9221669692865704e-01	   8.2326520588630636e-01	   8.8778698569880743e-01	   6.1933683625916025e-01	   8.4599332787907167e-01	   7.1125076637926266e-01	   6.8983567492012576e-01	   5.4596132761552663e-01	   6.9822326199866014e-01	   7.0846840300030101e-01	   5.4192627278563144e-01	   2.4606528899709279e-01	   4.7003136966040959e-01	   6.4620107728471765e-01	
