   0.0000000000000000e+00	   7.2654259722757786e-01	   6.9711527022644737e-01	   6.1682227993125660e-01	   4.0118501330064138e-01	   2.9217599726873178e-01	   7.9631383782722054e-01	   5.5730614175949100e-01	   7.2218910221706079e-01	   5.2458233326696901e-01	   7.1142139689284001e-01	   6.6353289311355046e-01	   6.9656267432404562e-01	   6.7739957991748034e-01	   6.2503915101150875e-01	   6.7558334318018387e-01	   7.2492733312418700e-01	   4.9794508421349309e-01	   8.8779593045578165e-01	   7.8910174788336951e-01	   4.7240556538513467e-01	   3.5552810673193069e-01	   3.9362032446499973e-01	   4.2646822580004923e-01	   1.7535562868834359e-01	   2.0601896788102772e-01	   1.5255095450353884e-01	   2.3463210642849230e-01	   5.8259713227486354e-01	   2.8812708298098999e-01	   2.2270736881056374e-01	   3.7836455134918628e-01	   6.7853717559954585e-01	   7.2337490015623707e-01	  -1.3374274086889432e-02	   1.2796327599982971e-01	   4.6895383998871332e-01	   2.7257102032748437e-01	   2.4706439006439277e-03	   2.9634215021265936e-01	   5.5294457179578071e-01	   3.3897514821607244e-01	   5.7056921822917439e-01	   5.6523061336823099e-01	   4.0609624579191839e-01	   6.5971656372483534e-01	   5.1967862288668520e-01	   6.3229356656372182e-01	   5.9502632616214235e-01	   4.6110949538770502e-01	   4.6791724794003631e-01	   3.5711399051656800e-01	   4.8042857522295596e-01	   5.9092988592333806e-01	   1.4746537469235452e-01	   4.8326812336758002e-01	   9.4098308149160637e-01	   6.2214831129352810e-01	   7.4761876009970418e-01	   3.6020405576139164e-01	   8.0916054239845847e-01	   5.9761943689662278e-01	   6.1819770332280544e-01	   6.2329607219462357e-01	   2.3130420380561445e-01	   3.4433549173345168e-01	   4.3048478841746535e-01	   3.2549366484350228e-01	   6.9271539140296623e-01	   6.0768844454265047e-01	   3.0534092113471056e-01	   4.2723070045692924e-01	   7.0262360031087145e-01	   5.5994510987275881e-01	   5.8662844424224592e-01	   5.4822894813031331e-01	   6.1716780463212206e-01	   7.5923633640940358e-01	   2.7405597174882279e-01	   3.7681544854434751e-01	   6.0436906242844457e-01	   6.5150539489964077e-01	   3.4029320174990413e-01	   4.7023493069391009e-01	   4.1991796588177466e-01	   6.6586396096629619e-01	   2.9992310400363209e-01	   4.0734108592032214e-01	   1.5203187997818884e-01	   7.4051584097339318e-01	
   7.2654259722757786e-01	   0.0000000000000000e+00	   5.5420314354147426e-01	   7.2264532303732532e-01	   3.4621684050884582e-01	   2.2343794683896923e-01	   5.5589374291786364e-01	   6.2358004586506510e-01	   4.4763411190049368e-01	   3.5625100207505783e-01	   4.8527458319794492e-01	   5.4483784627487086e-01	   4.8339921738564412e-01	   6.3119189998668279e-01	   5.7396685255418589e-01	   5.3027930319112548e-01	   4.2931169347654979e-01	   6.0322039877953049e-01	   8.6087051993416508e-01	   8.1783967843599026e-01	   4.9862706884304964e-01	   5.0614446306010430e-01	   3.3231307339567318e-01	   4.3178818132782792e-01	   3.2427004847072260e-01	   1.8130340644904591e-01	   2.8953708969073172e-01	   3.1715260780788485e-01	   2.8781423427933928e-01	   4.3884958998155466e-01	   2.7585674644862812e-01	   3.4506899900460364e-01	   6.6790219798650807e-01	   7.6760395786757118e-01	   7.3732365990097012e-02	   2.5032677427681382e-01	   4.5941997608110130e-01	   5.5418566909020661e-01	   7.3522899853833534e-02	   4.9773896993020550e-01	   5.0598346923711934e-01	   5.1335173371420906e-01	   6.1045771180077635e-01	   6.6204720947216078e-01	   4.3241509675634143e-01	   6.4968208211762346e-01	   6.6145663872712057e-01	   7.0340378729358055e-01	   6.6404415550791418e-01	   5.4221053776782435e-01	   6.5590566637986769e-01	   5.0327138961349760e-01	   6.6968688704859936e-01	   6.7175861494888067e-01	   4.7044885676882719e-01	   4.9687801186052294e-01	   6.4032985390730812e-01	   9.1659012709159127e-01	   6.7145058891086795e-01	   5.5661727829008045e-01	   6.2849822039640624e-01	   5.3883706221929895e-01	   4.1100376547038214e-01	   5.6296470377882590e-01	   2.4760019481499207e-01	   3.1724118823675718e-01	   5.1023935307532942e-01	   4.2804752579180200e-01	   8.2422049242285356e-01	   7.5751258050014292e-01	   6.0192647719475101e-01	   4.1617351278865328e-01	   6.9818943797595912e-01	   6.4098980384416471e-01	   6.4062305245239348e-01	   6.8228845716491004e-01	   7.6170189606393246e-01	   7.2139773156919396e-01	   8.7583678509966165e-02	   4.5247025957437481e-01	   4.8249877333465335e-01	   5.9568666905665280e-01	   3.6545948488274582e-01	   3.3446006311425014e-01	   6.0273792482580557e-01	   5.2274393167662747e-01	   3.1380760599675761e-01	   1.9793890968197589e-01	   4.7606450660919297e-01	   5.3741932087177580e-01	
   6.9711527022644737e-01	   5.5420314354147426e-01	   0.0000000000000000e+00	   7.5298413815299436e-01	   4.9243526413070399e-01	   2.2746049731931528e-01	   9.1054930738426476e-01	   6.8298460801317651e-01	   6.9176025022548981e-01	   5.1384636383822058e-01	   5.1443305537233108e-01	   4.9574833905610083e-01	   7.1910236473157818e-01	   6.6618581515345898e-01	   5.9129857663987784e-01	   4.6311429891454159e-01	   4.0496244467777281e-01	   1.3142760567466519e-01	   6.7209156024111905e-01	   5.3009270843708456e-01	   6.2587148303751783e-01	   5.2030233696984518e-01	   8.2228575280850091e-01	   8.1025275407382225e-01	   5.2306728400438618e-01	   4.8779978245821065e-01	   4.3482905113155432e-02	   3.3949627048296398e-02	   3.9703243274870426e-01	   8.1801342397781682e-02	   2.4075393904422898e-01	   3.8790291907162344e-01	   7.6608085952999361e-01	   6.9400165616290144e-01	   2.7293169834335906e-01	   3.6775503947019533e-01	   4.9808789508822338e-01	   1.3757474839436318e-01	   1.5722533741829264e-01	   2.9161370976940326e-01	   3.7675007555829965e-01	   2.1398619059719515e-01	   6.1914841270251841e-01	   5.0102200803600083e-01	   4.5823791484255372e-01	   6.4664518697537621e-01	   6.5841351179117691e-01	   7.5771947246463978e-01	   6.6314967650046153e-01	   7.0366439762991817e-01	   5.8428195518727821e-01	   5.5771508352213439e-01	   6.0390416512093914e-01	   6.9188031572577868e-01	   2.7169604731217722e-01	   5.7935041069138182e-01	   7.0014995783757183e-01	   5.3040079320014955e-01	   5.8414091930283341e-01	   1.8537159777466394e-01	   6.8845827067600807e-01	   4.6354849860762548e-01	   4.4331651928028265e-01	   4.7023771246927837e-01	   5.0555291513183509e-01	   4.3621053069828197e-01	   5.5648512043265419e-01	   4.6227359763376580e-01	   5.4864258152039291e-01	   6.2583086010880740e-01	   1.8664442571463721e-01	   2.2988701997893585e-01	   5.2759422184570592e-01	   4.1671370522254486e-01	   4.5325422703228602e-01	   5.1258160779686779e-01	   6.5231755437975003e-01	   7.1105127559930303e-01	   2.0226632676650508e-01	   2.1389550897089571e-01	   4.1810188020632505e-01	   4.5293590761970443e-01	   3.0225935769325513e-01	   3.1167107656037019e-01	   5.9186670371516903e-01	   7.0179325074036658e-01	   6.6591473159071241e-02	   7.0188343171080012e-02	   4.3372590627396157e-01	   8.7467475157744612e-01	
   6.1682227993125660e-01	   7.2264532303732532e-01	   7.5298413815299436e-01	   0.0000000000000000e+00	   2.4771464132701995e-01	   1.5003805337272552e-01	   7.3490396797003021e-01	   8.8587734896422865e-01	   5.9064826933704251e-01	   6.1431457582648685e-01	   4.7832525492650951e-01	   6.7067197098795517e-01	   6.4158788502919950e-01	   7.8345971439786111e-01	   7.0698365555446885e-01	   6.4679923674436868e-01	   2.8839210397138693e-01	   3.2617405655832016e-01	   7.5117817593005687e-01	   6.9991825154014520e-01	   5.0373468786375053e-01	   5.5246203176117614e-01	   6.0703036521498932e-01	   7.9070586919265373e-01	   5.7455344157930055e-01	   4.2843837602419954e-01	   3.0841528948507574e-01	   2.8469269220498661e-01	   2.2135705472270850e-01	   2.6488598853761747e-01	   2.8219410971022452e-01	   4.3509177338719918e-01	   7.8388892031175217e-01	   8.2883070550808280e-01	   1.8912979999727933e-01	   3.5776148626795035e-01	   4.7929761044651492e-01	   4.6566632092011018e-01	   1.6570814609914022e-01	   5.4976753838645220e-01	   4.0980575564559096e-01	   5.7046327952870990e-01	   5.5247971686649489e-01	   4.7296816973054701e-01	   4.8799244593945079e-01	   5.8528544477188849e-01	   5.9784870167155546e-01	   6.4900942607156042e-01	   6.1732548006729848e-01	   6.2482805584758383e-01	   5.6495561121513171e-01	   4.9934856734799671e-01	   6.3514579397875659e-01	   6.7394489561758797e-01	   3.4751294248854769e-01	   4.8843288416725572e-01	   5.7701343839519414e-01	   6.6691729401261401e-01	   6.4680487569502387e-01	   5.6352010852776668e-01	   7.2683169093314204e-01	   7.2580673219820269e-01	   3.8949500096381462e-01	   6.0353840055568841e-01	   4.8240752950085514e-01	   6.5659730664844185e-01	   5.2299590897989179e-01	   4.8806459264976060e-01	   5.8725558607753769e-01	   5.6325069839602149e-01	   5.4686489496431323e-01	   3.1585462410638820e-01	   6.3463304602025938e-01	   6.4961167446241985e-01	   5.8312285303114753e-01	   7.5294567659455591e-01	   7.9556260093981512e-01	   7.9445773141576459e-01	  -2.4310151212876743e-02	   1.9325112109587311e-01	   3.0388741806624353e-01	   4.2983685681883854e-01	   5.0749332492847765e-01	   4.1582871152154022e-01	   5.7065527274404215e-01	   6.3999011099303715e-01	   3.2333075126378841e-01	   1.6857560572035063e-01	   5.4639206749788505e-01	   7.0914078728462226e-01	
   4.0118501330064138e-01	   3.4621684050884582e-01	   4.9243526413070399e-01	   2.4771464132701995e-01	   0.0000000000000000e+00	   7.5600898405120165e-01	   4.6279926587811016e-01	   3.1608811875074705e-01	   6.4221493941558172e-01	   4.1259206425744210e-01	   1.7807573747859551e-01	   2.6144811407008622e-01	   2.6343581910209113e-01	   4.3012711622953625e-01	   9.2674891188236463e-02	   3.2295714657048891e-01	   2.2104501659387488e-01	   1.1136769138993760e-01	   3.6340035089427575e-01	   2.9268756148210751e-01	   6.5160506125204676e-01	   3.5800174188125761e-01	   3.5221289305930237e-01	   3.3602299899734545e-01	   3.0346551920687959e-01	   4.3291553984611464e-01	   2.0003912045324049e-01	   3.8116687235356594e-01	   1.8453469037971187e-01	   3.2042092007879164e-02	   2.3912437367837777e-01	   2.6154138748113792e-01	   4.4899524459852713e-01	   3.7466051041521597e-01	   1.9751955929682782e-01	   2.9853603167002507e-01	   4.2089044038251144e-01	   1.8921132883639236e-01	   1.8476773090033183e-01	   2.9607893545506103e-01	   4.7812962706282547e-01	   8.4185138179546773e-02	   4.3074598946426124e-01	   4.7233566811746447e-01	   3.7349661569463655e-01	   5.7751684093476774e-01	   5.5118599276429969e-01	   5.8574043022780509e-01	   5.8805188482488457e-01	   4.0724975150393228e-01	   5.2173535306368468e-01	   3.3460956795686103e-01	   2.9811232664647569e-01	   4.2854348879827808e-01	   3.6482789947860034e-01	   4.3251778476705094e-01	   4.8030269407191023e-01	   3.5884765524037687e-01	   4.1575327016270491e-01	   2.1253973851792390e-01	   3.0757376992764857e-01	   2.2885236912706733e-01	   1.3423942318437088e-01	   1.8525025692437530e-01	   2.4423648111928678e-01	   2.3357526617690055e-01	   4.2923729336347338e-01	   3.9816081580794971e-01	   4.3425758387840363e-01	   3.6307982747537287e-01	   2.4557947500689264e-01	   1.8355932617339055e-01	   4.3902396720639209e-01	   2.9725313854781138e-01	   3.0461521599335500e-01	   1.3520022287847736e-01	   2.6427999012370085e-01	   3.5531532461561144e-01	   1.6294781455774732e-01	   2.6112978393144703e-01	   2.6971770472986611e-01	   2.6949720689801476e-01	   5.3064929040615785e-02	   2.4981285252808616e-01	   3.6910948868339521e-01	   5.0642991827561268e-01	   1.9211222840632070e-01	   1.9883076249532611e-01	   1.8046418423777080e-01	   5.1443353214751453e-01	
   2.9217599726873178e-01	   2.2343794683896923e-01	   2.2746049731931528e-01	   1.5003805337272552e-01	   7.5600898405120165e-01	   0.0000000000000000e+00	   2.5605807168845252e-01	   2.0838933276068972e-01	   4.8805102308577097e-01	   4.5186543946671398e-01	  -1.0540644372687749e-01	   1.5653791484097856e-01	  -3.6185656920105030e-02	   2.2653895526529591e-01	  -1.2380693535525591e-02	   3.5820195189210491e-01	   3.5796933426013283e-02	  -4.6019219569200598e-03	   2.6891195866152462e-01	   2.4907073640054755e-01	   6.0372793669842784e-01	   4.4763144806762512e-01	   1.4595000023560276e-01	   2.0099405445225044e-01	   3.6372570054021436e-01	   5.8079363220444769e-01	   5.0203168153404942e-01	   6.8208920255389627e-01	   1.2182436099416993e-01	   2.7407971867882158e-02	   3.2768246211127727e-01	   3.1841889212562291e-01	   3.8608657208984409e-01	   3.2069488148979308e-01	   2.7284932548564833e-01	   3.3358075952857041e-01	   4.0211136774534234e-01	   2.4809500239565407e-01	   2.7388011087111630e-01	   3.3300184535074240e-01	   4.8267452547508349e-01	   8.2682880049593996e-02	   3.6640037196593278e-01	   4.2083749460075698e-01	   4.0555108129162715e-01	   4.9809298964895143e-01	   4.1096597793322004e-01	   4.1533614940068020e-01	   4.8162833829373031e-01	   2.2331293497303278e-01	   3.5563524548824588e-01	   1.5761388882973529e-01	   4.6450775369729885e-02	   3.0879779814289621e-01	   2.6159721401758151e-01	   3.0699985065719176e-01	   4.0577201487642428e-01	   2.2880997556123647e-01	   4.4802722910568371e-01	   3.1539233636584968e-01	   1.7224401923545457e-01	   1.9702880856188421e-01	  -3.3035075887210191e-02	   5.6666387772643004e-02	   2.4265530908549021e-01	   3.4747630368192517e-01	   4.5800449608812949e-01	   5.0515798135986956e-01	   3.8009435399221264e-01	   2.9035745242090932e-01	   3.1783306793885813e-01	   2.3758039160192101e-01	   3.0723103805009394e-01	   2.3162739012401751e-01	   1.9001780202434077e-01	   4.4507330997466031e-02	   1.3452938352879978e-01	   2.7449340405823308e-01	   9.3194807456420448e-02	   1.9954581112608888e-01	   1.6516656983408762e-01	   1.9962796458599091e-01	   9.0986264879288167e-02	   3.2080252411498078e-01	   2.1012491332003580e-01	   4.8859466198057100e-01	   2.4088125711259906e-01	   4.3470571207250835e-01	  -4.9545327922356511e-02	   3.6269260141874182e-01	
   7.9631383782722054e-01	   5.5589374291786364e-01	   9.1054930738426476e-01	   7.3490396797003021e-01	   4.6279926587811016e-01	   2.5605807168845252e-01	   0.0000000000000000e+00	   7.7701258474510437e-01	   7.7904154521849978e-01	   6.2024984186189369e-01	   6.4277909734193239e-01	   6.5144128127312118e-01	   8.0613764800267940e-01	   7.5485600592815549e-01	   5.8554142279724641e-01	   5.8144128491886116e-01	   5.2939871464863186e-01	   2.5717258506311264e-01	   7.2089796715066612e-01	   5.9363829064729301e-01	   5.6780616396860817e-01	   4.0048504436514876e-01	   6.4936238979071814e-01	   6.4763504944534545e-01	   4.3165956508512526e-01	   4.2956531181873664e-01	   4.0305383426956123e-02	   9.4746077420537672e-02	   5.0583470731624480e-01	   1.6740013790843236e-01	   2.5110863683978663e-01	   4.5581995545591247e-01	   8.1550686775903958e-01	   7.8590084382742875e-01	   1.8151573242179009e-01	   2.9402723457645358e-01	   4.6309679430032941e-01	   1.6351197825006630e-01	   9.8715156301955972e-02	   2.8098131235137086e-01	   4.3188221784271857e-01	   2.3375747139484832e-01	   5.8655102011685467e-01	   5.0293044448064006e-01	   4.8240320644274631e-01	   6.8228611818995943e-01	   5.7235641347101396e-01	   6.6722788698797220e-01	   6.5514166655892014e-01	   5.4737858458397382e-01	   5.2311239080582128e-01	   4.1058488043940089e-01	   5.2309390942050982e-01	   6.0539983652987406e-01	   1.6748959582767908e-01	   4.8199591016433496e-01	   7.9551591894072105e-01	   5.1820581003189337e-01	   6.7821419123194771e-01	   2.8275706149324076e-01	   8.1335653683588460e-01	   6.2161135819790014e-01	   5.4313923842777057e-01	   5.9828543273745627e-01	   4.4710074574239334e-01	   5.3489303308210212e-01	   5.5910105429613266e-01	   4.7285670592069862e-01	   5.6477459218845694e-01	   5.7239988228754635e-01	   2.6179774792861021e-01	   3.6753854593560231e-01	   5.7948425625464550e-01	   4.3877329062332859e-01	   4.7617207226002362e-01	   5.2412483358903816e-01	   6.4321330867220283e-01	   7.6718225490033687e-01	   2.1897168618553470e-01	   2.1145575566807379e-01	   4.4950718405833384e-01	   4.9548540364278754e-01	   3.0380222947589430e-01	   3.9672976668829829e-01	   5.0346902702504059e-01	   6.9542727431403195e-01	   1.8068408761715368e-01	   2.3532879533826251e-01	   3.4070736836569177e-01	   8.4325862873169255e-01	
   5.5730614175949100e-01	   6.2358004586506510e-01	   6.8298460801317651e-01	   8.8587734896422865e-01	   3.1608811875074705e-01	   2.0838933276068972e-01	   7.7701258474510437e-01	   0.0000000000000000e+00	   6.3529477720366756e-01	   7.3627987941950290e-01	   5.0099939029932627e-01	   7.8710685796678281e-01	   6.5543249778843127e-01	   8.5573281621022823e-01	   5.7047780046724994e-01	   6.7406159248206921e-01	   2.7823324744872269e-01	   3.5823813133381427e-01	   6.6177952058186917e-01	   6.0603613603780437e-01	   4.7000523335065370e-01	   4.0743578248061874e-01	   4.5511108047307663e-01	   6.4266291881867355e-01	   4.8007668901114398e-01	   3.9666593190667948e-01	   1.8609575879921930e-01	   2.4963170746176228e-01	   1.8165844212049492e-01	   3.0723953527893472e-01	   2.4190090423303159e-01	   4.3164585849691500e-01	   7.7558401752909600e-01	   8.4336932040918278e-01	   1.0741772228019078e-01	   2.7541804486369498e-01	   3.5919776918763502e-01	   4.7930941426718299e-01	   8.0671727410740524e-02	   5.1477178900191045e-01	   4.1710828128069855e-01	   5.4255637790072475e-01	   4.7390595348030329e-01	   4.4835920991769190e-01	   5.1751018618357958e-01	   5.9932820351246052e-01	   5.3818306711602504e-01	   5.7606329530347133e-01	   6.4360798123328644e-01	   4.6226549299750969e-01	   5.2001482061160753e-01	   3.5405256535148244e-01	   6.0715835194214485e-01	   5.7481216542998781e-01	   2.8451328075529581e-01	   3.3878024800883549e-01	   5.2546645293175398e-01	   6.1145155709346510e-01	   6.6438319532672385e-01	   6.3980872311909365e-01	   7.8031062366392290e-01	   8.4713772762147954e-01	   4.4331488650738105e-01	   7.1632693364749533e-01	   4.2204759387697754e-01	   7.3820609419690475e-01	   5.1248881194613638e-01	   5.1739663610377984e-01	   5.0980987404748412e-01	   4.4643372913076973e-01	   5.2708266009792548e-01	   2.5132235204445219e-01	   6.0115630313338664e-01	   5.8503836010429033e-01	   5.1804080211562953e-01	   6.3926443931528498e-01	   7.4606483014986125e-01	   7.5223416938950938e-01	  -1.1573514209075614e-01	   1.1827959198593357e-01	   2.8618922423845605e-01	   4.2490993944945982e-01	   4.4495266131240374e-01	   4.8369667660829807e-01	   5.7883337343656160e-01	   6.2203205773397152e-01	   3.8926496509178338e-01	   2.5370533289514702e-01	   5.4611104434041802e-01	   6.7053400620452808e-01	
   7.2218910221706079e-01	   4.4763411190049368e-01	   6.9176025022548981e-01	   5.9064826933704251e-01	   6.4221493941558172e-01	   4.8805102308577097e-01	   7.7904154521849978e-01	   6.3529477720366756e-01	   0.0000000000000000e+00	   7.5962788241649504e-01	   5.2513457282191189e-01	   6.9507267428431452e-01	   6.4007908640865852e-01	   7.8428012986288898e-01	   4.0471820860210483e-01	   6.5745233228340794e-01	   5.6841139927172080e-01	   2.9313841841993216e-01	   6.2030491566518875e-01	   5.8707170137743936e-01	   6.0894056291998244e-01	   3.5556134192002092e-01	   3.9567022536516172e-01	   5.1655554386362890e-01	   1.8674326579454667e-01	   3.4955091038754216e-01	   8.3593086577647847e-03	   1.7591133211922061e-01	   4.5544428680057780e-01	   1.0868350440096783e-01	   9.5193762953064309e-02	   2.3500995809544917e-01	   5.8231796171113337e-01	   6.3381431210711392e-01	  -7.3000419002547112e-02	   1.2280172275940271e-01	   3.7032790434815566e-01	   1.1246009724578869e-01	  -1.0199652384767868e-01	   2.2167514601999133e-01	   5.0643608691640907e-01	   2.3153005042698416e-01	   4.6810435965873465e-01	   4.4898258559109244e-01	   3.9828020846705459e-01	   6.6852390053858834e-01	   4.9065705955241040e-01	   5.7423140660017957e-01	   6.2013172810062223e-01	   5.2143932821702121e-01	   4.0250407259701637e-01	   4.0342328873546474e-01	   3.4508325868761081e-01	   5.6005340049980323e-01	   8.9332047210049184e-02	   5.0946738994144924e-01	   7.4050115724921683e-01	   3.4630140489554462e-01	   5.4839439668653167e-01	   2.8761150128684154e-01	   6.8405589122685284e-01	   6.2974365503292051e-01	   5.3695699336843683e-01	   5.8255166012097725e-01	   1.7305869248112843e-01	   4.6524668321830370e-01	   2.5943329836634099e-01	   2.9867557229573499e-01	   3.9735518189133906e-01	   3.9189799719850055e-01	   1.5632509069906719e-01	   1.6715810291518890e-01	   6.2511366864442319e-01	   4.9380511752596823e-01	   3.7272847686943444e-01	   3.6429156826495662e-01	   3.7679429005444520e-01	   6.5462098696615079e-01	   2.0747269335004867e-01	   2.2898313811453913e-01	   4.5760704211320191e-01	   5.1560593915179587e-01	   2.2695553555592216e-01	   5.0251802207141438e-01	   2.7209242147384721e-01	   7.3859091754068928e-01	   2.0273841363506340e-01	   3.5151567403438316e-01	   1.2094325409969565e-02	   8.0730184964298557e-01	
   5.2458233326696901e-01	   3.5625100207505783e-01	   5.1384636383822058e-01	   6.1431457582648685e-01	   4.1259206425744210e-01	   4.5186543946671398e-01	   6.2024984186189369e-01	   7.3627987941950290e-01	   7.5962788241649504e-01	   0.0000000000000000e+00	   3.5652478153683953e-01	   7.7426683748104386e-01	   4.7915582098452353e-01	   6.8756971683692325e-01	   4.3001138929824351e-01	   7.9120395539540678e-01	   4.1490202617938388e-01	   3.4905968582154701e-01	   5.6155059544357022e-01	   5.4921090214718804e-01	   4.0414676491819079e-01	   3.1776893951428542e-01	   1.9722484709457927e-01	   4.5832035595305209e-01	   2.3418379276378420e-01	   3.2516292349006304e-01	   1.6846457304929641e-01	   2.9744009378429820e-01	   3.6457800800183704e-01	   3.6034371532533349e-01	   1.9077446722386554e-01	   3.1454149672702014e-01	   5.4448638099085922e-01	   6.3609491557855713e-01	  -2.1595531265963819e-01	  -2.5205234773022694e-02	   1.5557686440476864e-01	   2.2429227946702696e-01	  -1.3587979891907015e-01	   2.5382805595878699e-01	   4.2395868785493152e-01	   3.8601454056987416e-01	   2.5544377616528741e-01	   2.9108690767014395e-01	   3.4795948383838371e-01	   5.0342795459993395e-01	   2.8813438467889030e-01	   3.6192535332526660e-01	   5.3045628116453303e-01	   2.9901410441406728e-01	   1.8684942034452867e-01	   1.1519268365269145e-01	   2.6246672534292931e-01	   3.9989416102779418e-01	  -7.3761342233354149e-02	   2.0299174903246547e-01	   5.1200625552527113e-01	   2.8727848616465845e-01	   6.0501482620520908e-01	   5.3184340502386007e-01	   7.0657521797294898e-01	   8.1440134158570232e-01	   5.5644481351831665e-01	   6.9945675350708858e-01	   1.3251462283903662e-01	   5.6579111732556364e-01	   2.3785614050345019e-01	   2.6226227542179215e-01	   3.1849558514048332e-01	   2.5013049138408910e-01	   2.8929640680086804e-01	   8.2042638124230488e-02	   5.0172324684851388e-01	   5.0862579760353999e-01	   3.1561947267128843e-01	   4.0257472298381364e-01	   3.8095068662551190e-01	   5.2045823304989935e-01	  -7.3761796600090912e-02	   9.0207664079717462e-02	   4.3034886769036634e-01	   5.3668420879394829e-01	   4.5450709354606283e-01	   6.8522733022009930e-01	   2.8846180378080877e-01	   6.6275666056007354e-01	   3.2319716572029750e-01	   3.9768199640990654e-01	   7.9002217558350088e-02	   6.1585741890334622e-01	
   7.1142139689284001e-01	   4.8527458319794492e-01	   5.1443305537233108e-01	   4.7832525492650951e-01	   1.7807573747859551e-01	  -1.0540644372687749e-01	   6.4277909734193239e-01	   5.0099939029932627e-01	   5.2513457282191189e-01	   3.5652478153683953e-01	   0.0000000000000000e+00	   6.4135645546607645e-01	   8.9731877808664540e-01	   6.4513002892919991e-01	   7.2943283705575590e-01	   5.4592764725097065e-01	   6.3206016449246327e-01	   4.9689631696587966e-01	   6.1730907996075868e-01	   5.1091691340226952e-01	   1.6752661448541112e-01	   1.0035350403761786e-01	   3.5802253304827836e-01	   3.0346314475711245e-01	   6.0276105640335975e-02	  -1.6002062028427699e-02	  -1.1905013208816691e-01	  -3.4333977318430811e-02	   4.6829046136988028e-01	   2.9999059585428040e-01	   2.2098886706388601e-01	   3.7931358886188671e-01	   5.3906787637590259e-01	   5.6337366855134863e-01	  -1.0281901868652014e-01	  -4.4210484541818959e-02	   3.3607986168156079e-01	   2.4491045494964708e-01	  -6.5592386345062793e-03	   1.5354207402260900e-01	   2.3312024924823965e-01	   3.2211687413285073e-01	   3.4710892690243961e-01	   2.6313704522820869e-01	   2.5232176520740429e-01	   3.5306002958908500e-01	   2.3999254757358079e-01	   3.2197112012172258e-01	   3.5165016798767368e-01	   1.6226697511219634e-01	   2.7180293248291382e-01	   1.2465351743328412e-01	   4.6064036125242852e-01	   2.6511770479281416e-01	   1.7605599062267833e-02	   1.2058549523097380e-01	   6.0568053114485876e-01	   4.1275369450397098e-01	   5.0729546113649004e-01	   2.6895496987139278e-01	   7.6236361922755813e-01	   5.3581299159669338e-01	   6.3415881313963485e-01	   6.0593613080995523e-01	   2.2212741142532630e-01	   2.6984535707911939e-01	   2.4757777080221721e-01	   5.8692678680629384e-02	   3.4730610005894819e-01	   2.4450554035759389e-01	   2.5482987365021459e-01	   3.3333430058242297e-01	   5.9638984888972990e-01	   5.1132984637433787e-01	   5.5658923683199069e-01	   5.6276823717251934e-01	   5.5979628243480528e-01	   5.9289235948850005e-01	   2.3402663878901686e-01	   2.3923401065016453e-01	   4.4885588752080796e-01	   4.3456846982208663e-01	   3.4929550304231483e-01	   2.6463273256638586e-01	   3.8614814125232083e-01	   3.8558495893270828e-01	   3.5565610090933059e-01	   1.3450224132321581e-01	   3.0038071487078416e-01	   4.4490632695768917e-01	
   6.6353289311355046e-01	   5.4483784627487086e-01	   4.9574833905610083e-01	   6.7067197098795517e-01	   2.6144811407008622e-01	   1.5653791484097856e-01	   6.5144128127312118e-01	   7.8710685796678281e-01	   6.9507267428431452e-01	   7.7426683748104386e-01	   6.4135645546607645e-01	   0.0000000000000000e+00	   6.5727358936961788e-01	   8.6790442554795355e-01	   5.7201100694366325e-01	   8.6265673952728994e-01	   5.8123977687111661e-01	   5.8792978319614875e-01	   6.7713961733905226e-01	   7.0655924770107470e-01	   3.0841837611429435e-01	   1.9947313747440037e-01	   1.4951202194088922e-01	   4.1732315072408871e-01	   5.1416283195481721e-02	   7.6694415537715763e-02	  -3.8680421326741217e-02	   1.1715780783031354e-01	   4.3141087305865977e-01	   4.5868118595699436e-01	   1.8038932973927690e-01	   3.1189332393845154e-01	   5.8553510464070579e-01	   7.5596301315511205e-01	  -3.0072145311547449e-01	  -9.2396202477614278e-02	   2.4626253504875639e-01	   3.9613732535489998e-01	  -2.0800202826619824e-01	   3.2495333536813020e-01	   4.7016461150430744e-01	   5.5305486057543174e-01	   3.4150468987710503e-01	   3.9578252964059429e-01	   4.1228439216310114e-01	   5.5786763152717422e-01	   3.7886727401224124e-01	   4.2952034455570653e-01	   5.6906414807136974e-01	   3.1680312806713795e-01	   3.0680987874919219e-01	   1.7652378484032424e-01	   4.4366347495553488e-01	   4.1580779778245408e-01	   4.4864660025680188e-02	   2.6525418273063428e-01	   5.9468469632719012e-01	   4.4540517469179092e-01	   6.2226665773711676e-01	   5.8897257406098413e-01	   8.1040378315620265e-01	   8.4909887669613160e-01	   7.0193324126144629e-01	   8.7576557206790828e-01	   3.9922105612172069e-02	   4.9338729152045213e-01	   2.0721729508303605e-01	   2.2656510841802058e-01	   3.8203450686785545e-01	   3.0157634160288332e-01	   3.5040506244804348e-01	   1.2704228413826663e-01	   6.6045102070292017e-01	   6.2452759835295391e-01	   4.9553628660302851e-01	   5.8371033916580040e-01	   5.3333645312098010e-01	   6.5215323530810965e-01	  -2.0606681917230422e-02	   1.8119671798899900e-01	   4.8787676319110845e-01	   6.4299907203514550e-01	   3.9207360796047391e-01	   6.5594335083977795e-01	   3.5874830620194453e-01	   6.8530774063772160e-01	   4.2058867336691974e-01	   4.1923532559627474e-01	   1.8482133319427832e-01	   6.2161348358104729e-01	
   6.9656267432404562e-01	   4.8339921738564412e-01	   7.1910236473157818e-01	   6.4158788502919950e-01	   2.6343581910209113e-01	  -3.6185656920105030e-02	   8.0613764800267940e-01	   6.5543249778843127e-01	   6.4007908640865852e-01	   4.7915582098452353e-01	   8.9731877808664540e-01	   6.5727358936961788e-01	   0.0000000000000000e+00	   7.7504446065281762e-01	   7.6878834429963416e-01	   5.7357087432162845e-01	   5.7492612559465317e-01	   3.8843380698975094e-01	   6.3308725486099826e-01	   5.2512702136381417e-01	   3.8046418363752832e-01	   2.6010322620960302e-01	   5.7440716748268250e-01	   5.3448756832260136e-01	   2.9787992381446154e-01	   2.0081634878980731e-01	  -4.9538641285109000e-02	   8.4425572843749228e-03	   4.8369800380237138e-01	   2.6457212659662721e-01	   2.6619949556623224e-01	   4.4061338584561405e-01	   6.8671545736128869e-01	   6.8279539431307601e-01	   3.0724332384320846e-02	   1.2407486288106101e-01	   4.3592885384117641e-01	   2.5070627171669480e-01	   8.6378071154586705e-02	   2.8203507955362750e-01	   3.0528248307411721e-01	   3.8161732403841220e-01	   4.0079716436531054e-01	   3.1079103939187058e-01	   3.2377026238219153e-01	   4.4347700913176735e-01	   3.6457589874716662e-01	   4.6007064343542398e-01	   4.7407151418877108e-01	   3.6257823326702182e-01	   3.9758878096803235e-01	   2.8426804761712865e-01	   5.4944936012365342e-01	   4.2043446706771370e-01	   1.0784730288723629e-01	   2.7546146184099496e-01	   6.4655970253294759e-01	   4.3035412246335925e-01	   5.6857330151222396e-01	   2.6648070770167848e-01	   8.1055494560752961e-01	   5.8884034446986178e-01	   6.1031668394529892e-01	   6.0700803301501283e-01	   3.3933648405718964e-01	   3.8879920818665525e-01	   3.4918096578640351e-01	   1.7485897937252559e-01	   3.8360173916246415e-01	   3.2106700147408124e-01	   2.8373043402184517e-01	   3.7503426051043298e-01	   5.9823505640880525e-01	   5.2769881168590704e-01	   5.6702444847549027e-01	   6.0960508353083731e-01	   6.4099133621687798e-01	   6.7226943915380288e-01	   1.9456432730560819e-01	   2.4144677358099970e-01	   4.4547048475464818e-01	   4.5655910299177610e-01	   4.0131407067374830e-01	   3.4792435995906940e-01	   4.6940394423818843e-01	   4.9533299322651547e-01	   2.7947908940278360e-01	   1.1952249702083037e-01	   4.0962599874823552e-01	   6.1793651661320070e-01	
   6.7739957991748034e-01	   6.3119189998668279e-01	   6.6618581515345898e-01	   7.8345971439786111e-01	   4.3012711622953625e-01	   2.2653895526529591e-01	   7.5485600592815549e-01	   8.5573281621022823e-01	   7.8428012986288898e-01	   6.8756971683692325e-01	   6.4513002892919991e-01	   8.6790442554795355e-01	   7.7504446065281762e-01	   0.0000000000000000e+00	   6.1268679832456696e-01	   7.4148247012153834e-01	   4.6489681484594025e-01	   4.4259822919722341e-01	   6.8760925750052015e-01	   6.6444258341736540e-01	   5.3882324097135936e-01	   3.7762425699627078e-01	   4.1708976832012545e-01	   5.8757541158614124e-01	   3.0786404683071983e-01	   2.7961461648288011e-01	   5.9669378108682461e-02	   1.8379696093579811e-01	   2.9781117116774863e-01	   2.8257617516063149e-01	   1.6390049338344662e-01	   3.2683210720803146e-01	   6.9739873015452969e-01	   8.0034329215569389e-01	  -2.6054479061752032e-02	   2.1575522476667450e-01	   4.2518549162280861e-01	   4.6086794029787692e-01	  -4.7173459333639247e-03	   5.0117081146314058e-01	   5.4155913119684052e-01	   5.8520850526693824e-01	   5.1276929209636235e-01	   5.1354402312400937e-01	   5.2031585271455894e-01	   6.8167268833324535e-01	   6.0700287358076455e-01	   6.4127644136153295e-01	   7.0379343733576916e-01	   5.4510609186555758e-01	   5.8742433061213051e-01	   4.5503199848584197e-01	   6.0410369368067229e-01	   6.1064940256350142e-01	   3.2950369657949263e-01	   4.9180347230620347e-01	   6.4246967707963176e-01	   5.3556926646151548e-01	   6.1500441892166058e-01	   5.2987080198990699e-01	   7.7149028246073970e-01	   7.8532445318967170e-01	   5.3379624638136913e-01	   7.2197119172805158e-01	   2.1698708601886488e-01	   5.7327941784514103e-01	   3.5057885063058436e-01	   3.9149350162376456e-01	   4.6535085308480711e-01	   3.8478524062089731e-01	   4.0385914781676213e-01	   2.2965800778737747e-01	   7.0226576269669549e-01	   6.2636159660206203e-01	   5.4422844216355393e-01	   6.0445075230928380e-01	   6.5085544772069537e-01	   7.3713503347194009e-01	  -8.8609188528731616e-03	   2.3446038524011603e-01	   3.9302744959980535e-01	   5.2758211168535918e-01	   3.8429196185872777e-01	   5.3915583277071810e-01	   4.9096843434742343e-01	   6.9554909647975505e-01	   3.6867241734013761e-01	   3.0383626960607085e-01	   3.9464532520183637e-01	   7.4273508295098856e-01	
   6.2503915101150875e-01	   5.7396685255418589e-01	   5.9129857663987784e-01	   7.0698365555446885e-01	   9.2674891188236463e-02	  -1.2380693535525591e-02	   5.8554142279724641e-01	   5.7047780046724994e-01	   4.0471820860210483e-01	   4.3001138929824351e-01	   7.2943283705575590e-01	   5.7201100694366325e-01	   7.6878834429963416e-01	   6.1268679832456696e-01	   0.0000000000000000e+00	   6.3600584898476009e-01	   3.8053834931922870e-01	   3.5944773424454357e-01	   6.4331707186305653e-01	   5.6067289909882456e-01	   3.3378157491998350e-01	   4.7856941954846821e-01	   5.6389347749544660e-01	   6.1069608244379103e-01	   4.8059075845090560e-01	   2.7060612766185593e-01	   3.2395751456508332e-01	   2.5352647765813396e-01	   4.6368494705895441e-01	   4.0122944535776095e-01	   3.5761121465050061e-01	   4.6695833134809861e-01	   6.2663189068822989e-01	   6.0840872393554490e-01	   1.2962705419586473e-01	   2.1456382216098643e-01	   4.7646529747697941e-01	   4.1112334258342342e-01	   2.8245776581304394e-01	   4.1432657128271044e-01	   2.5371922832906429e-01	   5.3314216235624456e-01	   3.7033354277461483e-01	   2.6838727144327268e-01	   2.2143566544744728e-01	   3.4642807324092417e-01	   3.5268638060086782e-01	   4.1883645045476531e-01	   4.1294598100399948e-01	   3.6175292794641273e-01	   4.2579264184831539e-01	   3.2128513661019797e-01	   5.7197078100829879e-01	   4.8677842385911496e-01	   2.1209939057326949e-01	   2.5839588780084821e-01	   5.4407982267085486e-01	   5.1655215103002194e-01	   6.6537100592876963e-01	   4.7302595303815881e-01	   7.1064030139972212e-01	   5.6302580097348953e-01	   4.0141358710222308e-01	   5.1249123804314445e-01	   4.1575462212116460e-01	   4.3858280497043534e-01	   4.6091724869495221e-01	   3.0786740631046983e-01	   5.0500760205056805e-01	   4.0718592909044171e-01	   4.3936151484389685e-01	   3.7617358082624380e-01	   6.1890444118857391e-01	   6.4584006787595738e-01	   6.2357580141222324e-01	   7.8680052821841062e-01	   7.1273765518039944e-01	   5.9681600682871894e-01	   1.7794962197735897e-01	   3.0538034141082104e-01	   4.1301844328788867e-01	   4.6255753995287563e-01	   6.4139700414290590e-01	   3.9299988085670812e-01	   4.7209115131935830e-01	   4.9027880885882857e-01	   4.2173529169369806e-01	   1.3708104988423164e-01	   4.6198311602762937e-01	   5.3221980919704293e-01	
   6.7558334318018387e-01	   5.3027930319112548e-01	   4.6311429891454159e-01	   6.4679923674436868e-01	   3.2295714657048891e-01	   3.5820195189210491e-01	   5.8144128491886116e-01	   6.7406159248206921e-01	   6.5745233228340794e-01	   7.9120395539540678e-01	   5.4592764725097065e-01	   8.6265673952728994e-01	   5.7357087432162845e-01	   7.4148247012153834e-01	   6.3600584898476009e-01	   0.0000000000000000e+00	   5.4093268750221957e-01	   5.0919753292614200e-01	   7.0587643524916388e-01	   7.4081140259576361e-01	   4.4422697471861305e-01	   3.1177340474970427e-01	   2.0431398712758636e-01	   4.9215591424537464e-01	   2.4044169114255678e-01	   2.9834575477641778e-01	   2.4770279293300021e-01	   4.1846384103559303e-01	   4.8993870637258219e-01	   4.5003894261300498e-01	   4.1787392601059836e-01	   4.9326281850826925e-01	   6.1979589403705304e-01	   7.1492765433244732e-01	  -1.9220223299964961e-01	  -1.1946340022085151e-02	   4.3261133499013033e-01	   4.6106982343625202e-01	  -1.3115622217907841e-02	   5.1904136458286654e-01	   6.0054083004472547e-01	   6.0381826849533093e-01	   3.0721675744354676e-01	   3.9912489740836798e-01	   3.7165453838470069e-01	   4.9876629595713695e-01	   3.6824463762967857e-01	   4.5213483026534718e-01	   5.5700576661685297e-01	   2.5762533795082726e-01	   2.7565866847569187e-01	   9.5067548890744785e-02	   3.2534385944972583e-01	   4.2621636297344512e-01	   8.0111448277866600e-03	   2.4764918842984976e-01	   6.1548187813753474e-01	   3.8916356872509095e-01	   7.0621138153968643e-01	   5.9803466734893396e-01	   7.3823362122223479e-01	   8.1040768595632784e-01	   5.8989319591873857e-01	   7.4493077262537866e-01	   1.5649201940495125e-01	   5.4351223380533653e-01	   2.8381467572873048e-01	   2.4536641808526671e-01	   4.2658206632271745e-01	   2.6475730081474474e-01	   4.6729899948154929e-01	   2.4630640206357385e-01	   7.1440555146772589e-01	   6.4836122645730820e-01	   5.0433728426910740e-01	   5.9486314957484854e-01	   4.9973040131770446e-01	   6.0729456248091174e-01	   7.8940407460707018e-02	   2.6969840691787228e-01	   4.9990392571221531e-01	   6.0526351791987887e-01	   4.8685481411707476e-01	   7.2840824121961723e-01	   2.9998339323699402e-01	   7.0625821499510488e-01	   5.2457361465029551e-01	   5.2735811012379674e-01	   1.0917325808783035e-01	   6.1028146923796067e-01	
   7.2492733312418700e-01	   4.2931169347654979e-01	   4.0496244467777281e-01	   2.8839210397138693e-01	   2.2104501659387488e-01	   3.5796933426013283e-02	   5.2939871464863186e-01	   2.7823324744872269e-01	   5.6841139927172080e-01	   4.1490202617938388e-01	   6.3206016449246327e-01	   5.8123977687111661e-01	   5.7492612559465317e-01	   4.6489681484594025e-01	   3.8053834931922870e-01	   5.4093268750221957e-01	   0.0000000000000000e+00	   6.6368511000131780e-01	   6.4272164790821140e-01	   6.6278618458343652e-01	   1.5679933032591598e-01	  -2.8000147008520632e-02	  -4.7635380346355231e-03	   7.0323021287010526e-02	  -1.8618359494062381e-01	  -8.9001633353996745e-02	  -1.7072129822796514e-01	  -8.4423157538084145e-02	   7.6297907776535334e-01	   4.8463264940680995e-01	   1.3092407745568929e-01	   1.6217461160087573e-01	   3.3478611010845222e-01	   4.7541021803346323e-01	  -4.8220918296096954e-01	  -3.2720809654620830e-01	   8.5073773362846633e-02	   6.8225705114293225e-03	  -3.9872612825612253e-01	  -1.6202229681852511e-02	   3.6162908168892999e-01	   1.7173955732847110e-01	   2.2377259070015831e-01	   3.7174735711378387e-01	   1.9548812456382608e-01	   4.1261131546963925e-01	   2.2337834582785621e-01	   3.2838599211367014e-01	   3.8345119767322455e-01	   2.6231271552685342e-01	   1.2593725797277752e-01	   1.1806070233901630e-01	   2.6100405005150290e-01	   2.7102805426006299e-01	  -1.3365779055204352e-01	   2.7627594815282258e-01	   6.4944358008099068e-01	   3.0393630703037156e-01	   4.0678176503519092e-01	   9.6927957400410103e-02	   5.9209130298813206e-01	   3.7311338280309214e-01	   8.1795700083139655e-01	   6.5040328471417563e-01	  -2.4411088842116899e-01	  -9.3859589480119243e-02	  -1.6094353007916125e-02	  -1.6313657537733336e-01	   3.4940642896235447e-01	   3.2221661838761406e-01	  -8.2498978911238419e-02	   9.9620096920892312e-02	   4.3515306788478431e-01	   3.6544704726540467e-01	   3.2698839837039723e-01	   3.2759428560836856e-01	   2.2106689343105002e-01	   4.0916108505508275e-01	   4.2561095585785269e-01	   4.7815688285003510e-01	   7.9807581361138957e-01	   7.4281311633737501e-01	   2.7719925889766572e-01	   5.3032294193725671e-01	   1.7574706033501586e-01	   4.6904693712232259e-01	   1.2310515021574336e-01	   2.5230202235525795e-01	  -1.0100862090733352e-01	   4.6447650398954099e-01	
