   0.0000000000000000e+00	   4.0577973989591731e-01	   3.6062298675977650e-01	   2.9736612093462661e-01	   4.4264833677748172e-01	   4.0090489049878791e-01	   5.7896951224138204e-01	   1.9062641750837334e-01	   2.6709112107463795e-01	   3.8494364645590884e-01	   6.0856861658871575e-01	   5.6919708801764179e-01	   5.5195587298760196e-01	   3.7025988937520715e-01	   6.3212002643355136e-01	   6.5372382662411610e-01	   6.6618398393739842e-01	   4.5652126546714378e-01	   5.5044740176526785e-01	   5.4216698042493583e-01	   7.0051403260267664e-01	   5.5057121202676840e-01	   1.1155981313189661e-01	   1.2813026615837692e-01	   3.3704845760912677e-01	   5.1339822629920173e-01	   5.2738642303086403e-01	   4.2724983237717351e-01	   5.5734403713499092e-01	   3.0605947547353340e-01	   6.6776314413716120e-01	   6.9055680340150238e-01	   6.7053246770192798e-01	   5.4540676732155802e-01	   7.7969552958838034e-02	  -1.3006001544624366e-02	   6.0336372825244555e-01	   4.8540881616955772e-02	   3.7918696116095496e-01	   2.4710416726203172e-01	   5.4337635488930847e-01	   3.2252410198235804e-01	   3.7845662917733469e-01	   2.9410298034898630e-01	   4.5622569450095063e-01	   5.6848491120998257e-01	   3.6485859290552802e-01	   2.5362461330562536e-01	   3.8258095372900558e-01	   4.9945653391322431e-01	   2.4955430555943178e-01	   5.3520027535389547e-01	  -4.7496649393820395e-02	   5.0433624234556396e-01	   1.6815835391641248e-01	   7.3646359088418456e-01	   7.2542065305090997e-01	   4.0992998720829932e-01	   7.7002715755740758e-01	   5.7559286146999089e-01	   8.1022670693698251e-01	   4.9817203969385832e-01	   7.5415712414915048e-01	   4.8497139111191512e-01	   5.6907432905163602e-01	   5.8963208635853437e-01	   6.2776429136685019e-01	   6.3626761312192215e-01	   7.0130230243451197e-01	   6.2625145215825306e-01	   2.6918737310288587e-01	   5.1897572636927325e-01	   6.8987388574012509e-01	   7.6871018134970659e-01	   4.9458531362453428e-01	   8.2199777434645616e-01	   4.1644574592252986e-01	   6.3163124617911315e-01	   1.0100826130842006e-01	   1.7344160102902137e-01	   4.9537826270053564e-01	   7.6126675448416992e-01	   5.0514333463443339e-01	   6.9172646736291488e-01	   1.0895208562869109e-01	   7.3437208443467961e-01	   4.7930015087130085e-01	   6.1344154536304318e-01	  -1.9619495119307556e-01	   7.7055331470161170e-01	
   4.0577973989591731e-01	   0.0000000000000000e+00	   5.1107469441348186e-01	   6.3004808128237677e-01	   3.6141317263369505e-01	   5.9366622067824101e-02	   4.5329574157172858e-01	   7.2626881083557993e-01	   3.2933867337521261e-01	   3.9994149529376677e-01	   5.8758062011589585e-01	   5.1216174087542687e-01	   6.9756252737100932e-01	   6.7149660111647758e-01	   6.5899543970177787e-01	   3.7037171343026637e-01	   3.0054386249091358e-01	   3.4548044746398554e-01	   6.4114314303114750e-01	   7.2624876466108801e-01	   7.7353211091261698e-02	   5.6461673043145111e-01	   5.0044290098443889e-01	   4.6973634184032476e-01	   3.8567077838414909e-01	   2.0049719274267103e-01	   1.8177427517160399e-01	   1.7250461083455619e-02	   3.7237945491650298e-01	   7.1377550074781682e-01	   3.2564715377604914e-01	   2.4635298925904484e-01	   7.3320603014764152e-01	   7.7857725003804912e-01	   3.0987876516924112e-01	   3.9314252597763288e-01	   6.9778037729421399e-02	   5.9774583032839934e-01	   2.0517516930835966e-01	   6.6990360273264415e-01	   3.0789443387400395e-01	   7.2378994209374814e-01	   5.3189360529759100e-01	   4.9433954842898986e-01	   4.9681686978878686e-01	   5.5364703054156950e-01	   5.5237170512857714e-01	   6.0996654047129639e-01	   6.4660299215057748e-01	   5.4533134726851251e-01	   7.1121812531001005e-01	   5.8249037914312185e-01	   6.6507111025269738e-01	   6.0565630925092862e-01	   7.3970382271446811e-01	   9.5857166798782242e-02	  -9.1490965723592221e-02	   7.2741789800190593e-01	   3.7697436321345473e-01	   6.5183165640528018e-01	   2.5786551601201713e-01	   6.4342220375455783e-01	   1.5186348579321537e-01	   6.5531741436853075e-01	   4.8876274683787091e-01	   5.3531343766652761e-01	   6.6433991758766686e-01	   6.7682865483023313e-01	   7.4124805331447052e-01	   6.8262962844531638e-01	   4.5770898828982409e-01	  -2.2957356556560918e-01	   5.8283332507893837e-01	   5.4753385328078108e-01	   7.4425674506877026e-01	   4.2296619719460726e-01	   7.4761366646670435e-01	   6.3109209747398909e-01	   2.0638077222173761e-03	   2.2514394507585389e-01	   7.7631299231817441e-01	   5.5591921568154823e-01	   7.9028969504208113e-01	   4.9726499414090997e-01	   7.2844202797725521e-01	   4.9962365020249971e-01	   6.8455588930233890e-01	  -1.5262917796157162e-02	   6.7886908764254672e-01	   2.1695827106224827e-01	
   3.6062298675977650e-01	   5.1107469441348186e-01	   0.0000000000000000e+00	   8.8786630598404426e-01	   3.8290155586837621e-01	   1.1634094902290770e-01	   9.3234841508255073e-01	   8.4000453540615505e-01	   3.0359354772931191e-01	   4.2408631564492894e-01	   6.4173772973096332e-01	   5.9074728596526693e-01	   8.0476380245705337e-01	   6.3475761790839225e-01	   6.4704027275521114e-01	   4.9984672847208611e-01	   1.6322461457612519e-01	  -2.0856372779819422e-02	   7.4752581003242458e-01	   8.0245308547428362e-01	   1.5656489199869289e-01	   4.5579658275268087e-01	   9.2973056978617930e-01	   9.2178100303001109e-01	   7.7209318873159849e-01	   6.3840762327860801e-01	   4.0151312977460685e-01	   2.3662126714185580e-01	   2.9159656488698249e-01	   4.7021190431074378e-01	   5.6634988258818464e-01	   5.6708221904840306e-01	   7.8703655590228183e-01	   7.9482594599959921e-01	   7.8870296792968164e-01	   8.3548519374273389e-01	   1.2635995295633778e-01	   3.3914971863297977e-01	   2.3440595632614034e-01	   6.8532823111563856e-01	   3.4009310651160940e-01	   7.2336084779793253e-01	   4.7294845828679133e-01	   2.3428623073311439e-01	   1.9619711414685928e-01	   1.4906812533282018e-01	   4.2699864838923596e-01	   5.5766219629943126e-01	   4.2587343608611239e-01	   3.6694190175676500e-01	   6.9888395550365501e-01	   5.7538551004436556e-01	   6.3902097337451291e-01	   6.6701687005781141e-01	   5.4699055406113550e-01	   5.8806061430312827e-02	  -2.6636901929798890e-01	  -4.8643113112476273e-02	   1.9127952340850635e-01	   3.4680616806788472e-01	   2.1070796890000437e-01	   5.6659049135855988e-01	   1.8347113006856056e-02	   4.1454814622677127e-01	   7.1263114920143167e-01	   7.6846540723437773e-01	   6.6691725535241275e-01	   6.4089162486156459e-01	   5.5815421456728442e-01	   5.9981771266895978e-01	   1.8562583155797180e-01	  -2.5612050220137061e-01	   5.9023585895253605e-01	   5.5725718961351989e-01	   7.6852943198546031e-01	   5.7424985685713570e-01	   7.6187558112887321e-01	   6.4015707222803953e-01	  -2.1998423292983008e-01	  -1.0278589079705015e-02	   5.3401636101397087e-01	   3.6656416225471988e-01	   6.7197368426766935e-01	   3.8736607595157191e-01	   7.1338057768725349e-01	   6.7896486690980973e-01	   3.5646781197059030e-01	  -1.8417791137844369e-01	   5.7268129464247419e-01	   5.4979397773637828e-01	
   2.9736612093462661e-01	   6.3004808128237677e-01	   8.8786630598404426e-01	   0.0000000000000000e+00	   3.3082397424973903e-01	   1.5570747396824208e-01	   7.8501524602722850e-01	   9.4483913372609840e-01	   2.0899256495526894e-01	   6.0513455004915206e-01	   6.7825787662967352e-01	   7.1740331759543130e-01	   8.1962233601321799e-01	   7.9658132556006300e-01	   7.0551607596951527e-01	   5.7140321997266219e-01	   1.5931310014380834e-01	   3.3920400574717860e-02	   7.8446368632376262e-01	   8.5748663353299648e-01	   6.8980638496574764e-02	   5.5559183486603758e-01	   8.7537572375826977e-01	   9.1346372337870163e-01	   7.1295609325829545e-01	   5.8523353110790333e-01	   4.2001202337388699e-01	   2.3727607903410516e-01	   2.7585308542461756e-01	   6.2808425506580823e-01	   5.8140001235877203e-01	   5.4805202796307695e-01	   8.1372286186324294e-01	   8.7413188234529260e-01	   7.9053971608275653e-01	   8.4665117778548415e-01	   1.2446802962443332e-01	   5.8589619742972687e-01	   2.0061430633781741e-01	   8.1378342722936559e-01	   2.9100781071425497e-01	   8.1068959485343151e-01	   5.9816344383571729e-01	   4.3608282897164646e-01	   3.8059431850674441e-01	   3.2389182118229276e-01	   5.5387097811969821e-01	   6.7929306130129152e-01	   6.0283992438714851e-01	   5.7399010081926294e-01	   8.4788616598141786e-01	   7.3880144177912166e-01	   7.6244458837305762e-01	   7.4794904009409469e-01	   7.4574018337372894e-01	   7.4737927428925433e-02	  -3.4577630841141405e-01	   1.6383109321886208e-01	   3.1363040095490369e-01	   5.9330792959872014e-01	   2.8502620842257359e-01	   7.8157925078864343e-01	   2.9838526428630462e-02	   6.1673318428225699e-01	   7.2948724644621032e-01	   8.4151419563411856e-01	   7.6179321642742392e-01	   7.7038548302526744e-01	   6.3537778141975221e-01	   6.8536259068999006e-01	   3.2836967311038018e-01	  -3.6059187832651174e-01	   5.8742971753414286e-01	   5.5439794875073156e-01	   8.1787186663731459e-01	   4.9510865899520212e-01	   8.4677884975228812e-01	   7.1548922904687928e-01	  -2.8264102114937401e-01	   8.2170164468365559e-02	   6.3747509202503161e-01	   3.4972989886251798e-01	   7.2914676121146105e-01	   4.1362497259620479e-01	   8.3009986747398756e-01	   6.7634583058123976e-01	   4.9781992385525053e-01	  -1.5875106246653073e-01	   7.2504143453956715e-01	   4.9963687281307501e-01	
   4.4264833677748172e-01	   3.6141317263369505e-01	   3.8290155586837621e-01	   3.3082397424973903e-01	   0.0000000000000000e+00	   5.1273790913523232e-01	   4.8200282570009967e-01	   3.2557502085308337e-01	   8.1223242059253842e-01	   6.4186231502406887e-01	   3.2707197144072570e-01	   3.7072093361731645e-01	   4.1267704171840464e-01	   3.9233268238949093e-01	   4.5067182716525583e-01	   3.6420857916558264e-01	   3.6493454550292675e-01	   3.5381896597010826e-01	   2.1480492170912541e-01	   2.9785466933630600e-01	   3.0333954446346068e-01	   3.0570543370319725e-01	   2.2933857060549551e-01	   2.5934354214145344e-01	   6.2215387653707388e-01	   5.1854338869511474e-01	   4.8821127803502212e-01	   4.4164291899607094e-01	   1.8981777295276742e-01	   1.5479961088672659e-01	   3.8320793000132747e-01	   3.6746922645773472e-01	   4.5452361138811714e-01	   4.4512059621521460e-01	   6.6311753535591600e-02	   1.4839088025903635e-01	   2.7511413307970883e-01	   1.1438641394659707e-01	   1.8503092447492120e-01	   3.4471765497717199e-01	   4.6317740379031858e-01	   3.5669966171739059e-01	   2.1681913452084833e-01	   2.1874429028188269e-01	   3.6337697426746524e-01	   4.5351578684951155e-01	   3.3497452396576977e-01	   3.6250074348043010e-01	   3.9611075003385504e-01	   5.0863957972419971e-01	   3.6442641418850164e-01	   5.0622841897383575e-01	   2.1373424804084565e-01	   4.8284624122575170e-01	   2.9621545799414650e-01	   4.5659949791491050e-01	   3.3266899529566263e-01	   3.6023210525010435e-01	   3.8781848170354494e-01	   3.9539291191651282e-01	   4.0042040706157805e-01	   4.4749740799942683e-01	   5.0449229724918487e-01	   4.7257765717536260e-01	   2.2960720989090144e-01	   3.7206242885724794e-01	   3.4510255541425955e-01	   4.3477045356070865e-01	   3.7879929936005757e-01	   4.5639718956029462e-01	   3.3608937222960300e-01	   2.2643281292370682e-01	   3.8110054762823115e-01	   3.8973722037756281e-01	   3.1106121730278025e-01	   3.8016764259102920e-01	   2.8316625086963038e-01	   2.8329782224190192e-01	  -2.8856903551590686e-02	   2.5299963727618158e-01	   5.8405885301724680e-01	   5.9951762968403222e-01	   3.9828046748763535e-01	   3.3756456944079372e-01	   1.8453466648841751e-01	   5.4080678988822606e-01	   2.6458465339473380e-01	   2.3783467763455457e-01	   7.7383456477518001e-02	   5.1476417760551052e-01	
   4.0090489049878791e-01	   5.9366622067824101e-02	   1.1634094902290770e-01	   1.5570747396824208e-01	   5.1273790913523232e-01	   0.0000000000000000e+00	   2.5058591960877447e-01	   6.8463053289546646e-02	   2.2262889301477762e-01	   5.9878764803745099e-01	   1.1754405020072412e-01	   2.1696990595145740e-01	   1.4075785392652099e-01	   1.6351952281460597e-01	   2.6567408580817536e-01	   3.8734515854172402e-01	   2.2702019876484736e-01	   3.1059415468347878e-01	   1.9866192222895254e-01	   1.9317992096878994e-01	   4.6064401084808165e-01	   2.8750675081171584e-01	  -4.4530069076046001e-02	   1.9894706284343717e-02	   3.6565703064875110e-01	   3.6289915653483146e-01	   5.0506821261024704e-01	   4.7996744891247289e-01	   2.5368768312973737e-02	   8.4849826700159656e-02	   3.7616315393415117e-01	   3.6723774621314820e-01	   2.5887847473893161e-01	   2.4882524029605074e-01	  -8.0923359163944164e-02	  -9.0283336162295419e-02	   2.9291335617930903e-01	  -8.5334282866371070e-02	   9.6731543864342281e-02	   1.5307890800863433e-01	   2.9381301379409563e-01	   1.4910111311587992e-01	   1.2039532756805726e-01	   1.6478628262835346e-01	   2.6837558894758234e-01	   3.3398745231916094e-01	   1.9607429164032036e-01	   1.4637708099941443e-01	   3.1421624548751670e-01	   4.2529241604034418e-01	   1.3777586888927684e-01	   3.2927085464825123e-01	  -1.0150226883475809e-01	   2.4711925106139257e-01	   9.5502708860723914e-02	   4.6597569503612002e-01	   4.3775662611670374e-01	   2.6389434765504588e-01	   4.7742051440172095e-01	   4.4034147077245878e-01	   5.0532218358014624e-01	   3.5376529985230132e-01	   5.0309079320027994e-01	   3.2162591242676242e-01	   1.9857033000816898e-01	   2.5337913816273372e-01	   3.1588691309867245e-01	   3.9459945518200790e-01	   3.4112637312775351e-01	   3.9640326674666143e-01	   2.3047094380237776e-01	   3.4990630132419809e-01	   2.9418012476067562e-01	   3.3158602103658508e-01	   1.7089225922915025e-01	   3.3250321549857398e-01	   1.0772134781452652e-01	   2.4468003732562799e-01	  -1.1233740606867740e-01	   9.8888386316430377e-02	   2.9849529410614112e-01	   4.0578428061998040e-01	   1.4472094127111021e-01	   2.0765674074530327e-01	   2.6731014560211611e-02	   4.0342569441531084e-01	   2.1629873164339442e-01	   4.1478657672735875e-01	  -1.3193696960039192e-01	   5.1278189075851510e-01	
   5.7896951224138204e-01	   4.5329574157172858e-01	   9.3234841508255073e-01	   7.8501524602722850e-01	   4.8200282570009967e-01	   2.5058591960877447e-01	   0.0000000000000000e+00	   7.1710112915046242e-01	   3.8452732375210485e-01	   4.8052880616568816e-01	   7.0009357128883043e-01	   6.5633692150403000e-01	   8.2641055531571916e-01	   6.2318099167884844e-01	   6.6845647626229376e-01	   6.0003522027465328e-01	   3.1625736118200826e-01	   1.5376139257368465e-01	   7.0842476417223166e-01	   7.6070501882484354e-01	   3.3386821184619753e-01	   4.5417634822517794e-01	   7.6224596543435652e-01	   7.7006166468932202e-01	   7.2853630482469289e-01	   6.5666654973143102e-01	   4.3965459670828844e-01	   2.7033287457901439e-01	   3.8374282955912864e-01	   4.3246191031396108e-01	   6.1979346645599098e-01	   6.3911251928213642e-01	   8.1424224334684714e-01	   7.7952159707654878e-01	   6.3608673619676459e-01	   6.7454424777823663e-01	   2.4160979323198883e-01	   2.0445406198782068e-01	   2.9373273680727258e-01	   5.8737562620477746e-01	   4.3055868869052105e-01	   6.5693896553664988e-01	   4.5521259104220374e-01	   2.0302901182929450e-01	   2.2450846437259919e-01	   2.3627335385619136e-01	   4.0068023959035598e-01	   4.8206612649454267e-01	   4.1786786210474297e-01	   3.9525206421535508e-01	   6.1932886478055127e-01	   6.2284088970277840e-01	   4.9392738945897519e-01	   7.2095714380236475e-01	   4.4102443293146026e-01	   3.0955576123440159e-01	   2.7463917981482205e-02	   1.8240922417843600e-02	   3.4697657870831794e-01	   3.9965114988042616e-01	   4.3214392199538643e-01	   5.8062434044136568e-01	   2.9303466764395864e-01	   4.7566975136504386e-01	   7.4344342680986231e-01	   7.9736708366784426e-01	   6.6387119860127042e-01	   6.6617720627407795e-01	   5.8074108257688895e-01	   6.3675862747907619e-01	   1.4212027809122749e-01	  -5.1941158997902151e-02	   6.2163323356812239e-01	   6.7130557004120028e-01	   7.0622312463841641e-01	   6.8657262319762280e-01	   6.8493340722145435e-01	   6.5972150954516695e-01	  -2.0791953205609048e-01	   1.4651640472242480e-02	   5.4942736291943262e-01	   5.3651480741629320e-01	   6.4446027458885891e-01	   5.1564362921951712e-01	   5.5296798133902758e-01	   7.8351892241862420e-01	   3.7038428667001877e-01	   3.7552995286215016e-02	   3.5260025256178318e-01	   7.1679299630800797e-01	
   1.9062641750837334e-01	   7.2626881083557993e-01	   8.4000453540615505e-01	   9.4483913372609840e-01	   3.2557502085308337e-01	   6.8463053289546646e-02	   7.1710112915046242e-01	   0.0000000000000000e+00	   2.6911442422273490e-01	   5.8406744145980716e-01	   6.6793686547461339e-01	   6.5898066412259670e-01	   8.2413185550331214e-01	   8.4206148417288773e-01	   6.5814813214939161e-01	   4.2452531416969852e-01	   8.9412020790336014e-02	   6.3349392478861510e-02	   7.1811025136593487e-01	   8.0286883049441105e-01	  -5.5748898040025613e-02	   4.8191829352390214e-01	   8.5682605207553952e-01	   8.5302281656034973e-01	   6.0434040118900012e-01	   3.8334664675670138e-01	   2.0706881218839407e-01	   2.4519349158933681e-02	   2.4974779617156684e-01	   6.9863556841243302e-01	   4.1788308730552770e-01	   3.5860594180839794e-01	   7.6503856373019929e-01	   8.4859058283115318e-01	   7.0952781751506655e-01	   8.2274747499912471e-01	  -6.4696421090311207e-02	   6.0236641859627438e-01	   1.0342715490505311e-01	   7.7811374668172895e-01	   2.1404309705388258e-01	   8.1316457699311695e-01	   5.2325257766438926e-01	   3.7450471566833432e-01	   3.0031058722711312e-01	   2.7360666275214329e-01	   4.6406658884480578e-01	   6.3909915079146684e-01	   5.8575644246403225e-01	   4.8067983682103294e-01	   8.8197800470394128e-01	   6.7402750891429164e-01	   8.6443813993244989e-01	   7.0941900356736165e-01	   7.6921024044671527e-01	  -7.9708886242967986e-02	  -4.6011770746451869e-01	   2.5294514204320429e-01	   1.9850603418282795e-01	   5.4188486734243746e-01	   1.8205347099359770e-01	   7.4969918400280933e-01	  -3.9533686006286491e-02	   6.4984318751523973e-01	   6.6656340795415336e-01	   7.6946858409995411e-01	   6.6600903895125130e-01	   6.6765437704738839e-01	   5.6906460140923532e-01	   6.1812366975531430e-01	   3.3305009359410892e-01	  -4.8371522919858301e-01	   5.2376724000615504e-01	   4.9273119795282178e-01	   8.0995534469617969e-01	   3.8920974857471968e-01	   8.4266037603980948e-01	   6.2905893748322228e-01	  -2.4592932044728136e-01	   7.8648849148228395e-02	   6.7839209615297569e-01	   3.0758341656071458e-01	   7.3948036190238242e-01	   3.5580416487118693e-01	   8.8912560039450095e-01	   5.5271038471412925e-01	   4.7521771238976507e-01	  -3.1712185761131684e-01	   8.6065128007476921e-01	   3.1896051631057010e-01	
   2.6709112107463795e-01	   3.2933867337521261e-01	   3.0359354772931191e-01	   2.0899256495526894e-01	   8.1223242059253842e-01	   2.2262889301477762e-01	   3.8452732375210485e-01	   2.6911442422273490e-01	   0.0000000000000000e+00	   4.0204947588219353e-01	   3.3622960973319471e-01	   2.6778407112908231e-01	   3.8894481692755334e-01	   3.5225942677833827e-01	   3.6940826592883080e-01	   1.7326977765605714e-01	   1.3386165483799228e-01	   2.7905054312841326e-01	   4.1310504060341507e-02	   1.7131382493354025e-01	   1.0145952447943390e-01	   1.5182789935993671e-01	   1.9954731839478035e-01	   1.8879788733075675e-01	   5.0575598526839005e-01	   2.7350428634632984e-01	   1.3163575191852400e-01	   4.8783562753503359e-02	   1.1947616961360623e-01	   6.6284660809159165e-02	   1.1546362836166957e-01	   1.1400184226222035e-01	   3.1527819983751670e-01	   2.9797781386019118e-01	  -5.9232267418801079e-03	   7.9809266773372009e-02	   4.6327746831926087e-02	   6.7975328581941372e-02	   5.1457185622659281e-02	   1.6797764379896157e-01	   3.2164519189099483e-01	   2.3003624443953941e-01	   1.3520118068013004e-01	   1.2987797116500999e-01	   2.1821387889192304e-01	   3.0306233228428375e-01	   2.0272379944521229e-01	   2.7099051536965252e-01	   3.2038083269162687e-01	   3.1762305323197582e-01	   3.0973796666170389e-01	   3.7523015774058549e-01	   2.5513200566984617e-01	   3.9884262336915211e-01	   2.3391714953073967e-01	   2.7414558780322107e-01	   1.6765020171924586e-01	   3.2492436617484066e-01	   2.1440821821507539e-01	   2.3870980560267480e-01	   2.3960181694325228e-01	   2.8222303282905065e-01	   3.2024812596032926e-01	   3.3046319400725049e-01	   8.6472556292190833e-02	   1.8664394121829936e-01	   1.8127663210269707e-01	   2.4245398690739839e-01	   2.1596128619832433e-01	   2.9365383482023333e-01	   5.1440858968794981e-02	   1.0637219604737104e-02	   1.7253324812829857e-01	   2.3730141980068342e-01	   1.5172478476549034e-01	   1.9137008845105746e-01	   1.7472058550266750e-01	   1.4638830063477939e-01	  -1.4156123203860785e-01	   1.8778091525873453e-01	   4.2772284474366906e-01	   4.3615032886229732e-01	   3.5300373840084082e-01	   3.2449961647894421e-01	   1.5225121075855905e-01	   3.2180737196211301e-01	   2.7648854534679945e-01	   1.6719819567421151e-01	   1.0770142439393887e-01	   2.7427764097653745e-01	
   3.8494364645590884e-01	   3.9994149529376677e-01	   4.2408631564492894e-01	   6.0513455004915206e-01	   6.4186231502406887e-01	   5.9878764803745099e-01	   4.8052880616568816e-01	   5.8406744145980716e-01	   4.0204947588219353e-01	   0.0000000000000000e+00	   4.7293511550319706e-01	   6.6339874165614732e-01	   5.4828507102902746e-01	   6.8989269698194366e-01	   5.2609097535806271e-01	   5.4683391711076434e-01	   2.8618431713406739e-01	   3.1203928773820400e-01	   4.0445336406090227e-01	   4.7864177156410287e-01	   2.7842200123229849e-01	   4.2355767370585928e-01	   3.2272594382024344e-01	   3.8980547135570198e-01	   4.7614277515708853e-01	   4.1144832976948842e-01	   4.2348410479535087e-01	   3.4460941410933571e-01	   2.1624679261321172e-01	   4.4574462102041701e-01	   4.2540050732297263e-01	   4.0822221504253420e-01	   5.5993252623826018e-01	   6.0964491717386793e-01	   2.4626376913997117e-01	   3.4872533761891256e-01	   2.0800607853642916e-01	   3.7834430530611274e-01	   1.6921650065069371e-01	   5.4299272514725594e-01	   4.2814611192240704e-01	   5.5006073755231810e-01	   4.1416545752832445e-01	   3.9793441105119332e-01	   3.6689176537869705e-01	   4.6039917415232501e-01	   4.2904870980546361e-01	   4.9640685021730091e-01	   5.0436767331159660e-01	   6.2657661351410532e-01	   5.7530502814109796e-01	   7.0764149957625089e-01	   4.3489743625733229e-01	   6.3067915135139763e-01	   5.1785423414199916e-01	   4.0754308407402112e-01	   1.0646398271505628e-01	   3.8815840043385164e-01	   4.7217504185774883e-01	   6.7632970310399232e-01	   5.2460305632601001e-01	   7.9177144002638344e-01	   4.4876341259748675e-01	   7.4268717339277091e-01	   3.9421091693322868e-01	   6.5130804774874784e-01	   5.0083730542574656e-01	   6.2075262587398328e-01	   4.7092798068667141e-01	   6.0187816887050571e-01	   4.5718470183561233e-01	   5.4613613230459601e-02	   4.6182332384941349e-01	   5.0624607827370471e-01	   4.9132082107348218e-01	   4.0120890278373533e-01	   5.1589457576691866e-01	   5.0876832072494871e-01	  -1.6873272645584506e-01	   1.6541759417671115e-01	   6.5043774547437561e-01	   4.9575423851050193e-01	   4.5744463550970060e-01	   3.6673890588165636e-01	   4.2246139684717865e-01	   5.8344188019999299e-01	   3.6167874569770764e-01	   1.4671768941234956e-01	   3.3026913022238275e-01	   5.7579882840457519e-01	
   6.0856861658871575e-01	   5.8758062011589585e-01	   6.4173772973096332e-01	   6.7825787662967352e-01	   3.2707197144072570e-01	   1.1754405020072412e-01	   7.0009357128883043e-01	   6.6793686547461339e-01	   3.3622960973319471e-01	   4.7293511550319706e-01	   0.0000000000000000e+00	   8.7001746508339806e-01	   9.0113422024192769e-01	   8.2328968529722046e-01	   8.5240372578900825e-01	   7.2474170110331826e-01	   4.2762847171836654e-01	   3.6291733731290110e-01	   7.1793269196520804e-01	   7.7131777143682823e-01	   4.6922843428094319e-01	   7.0545571223057790e-01	   5.6879179309804317e-01	   5.6138045778780354e-01	   5.1105946934143842e-01	   4.9445628625625437e-01	   3.7443776199809020e-01	   1.5480687515881955e-01	   5.4206980391479997e-01	   6.7304511108046705e-01	   6.7611957984803606e-01	   6.1376211784888812e-01	   7.9662925920229011e-01	   7.9494044463088220e-01	   5.3374071645006527e-01	   4.7990422430590685e-01	   2.5102559805886981e-01	   4.6018737132245546e-01	   4.7101790317600950e-02	   4.7368533622851239e-01	   2.8303621910274307e-01	   5.9628587446179959e-01	   5.7789148478176577e-01	   4.7820381807110557e-01	   4.2111650669540607e-01	   4.0367549727003471e-01	   4.6130163486511461e-01	   4.6792116888068469e-01	   5.8166083904590404e-01	   5.2352721231946986e-01	   6.9460726795076955e-01	   7.0797328589130260e-01	   4.9114666175856936e-01	   6.8251122392059060e-01	   5.0586580618174992e-01	   2.9163929148937506e-01	   1.4941618065360219e-02	   3.3500434308828042e-01	   5.7636689523567086e-01	   6.7303895975128158e-01	   5.8790893411262923e-01	   7.5277474990809312e-01	   3.3470259414453996e-01	   6.5395148151708526e-01	   8.1344707534636940e-01	   7.8653994833685892e-01	   7.6173300694185353e-01	   7.2442938941810520e-01	   5.6970031926967146e-01	   5.6446588956595489e-01	   3.8470747684005752e-01	  -3.2836543499616039e-02	   6.1713292482669924e-01	   6.3814352335196678e-01	   7.0167840891405409e-01	   6.2098327421178068e-01	   7.5528336714922539e-01	   7.7528247139021422e-01	  -3.1150169845561337e-01	   2.2266372004626178e-01	   5.1505463564700438e-01	   4.5410468189922526e-01	   7.1042297922405018e-01	   6.9491152111650023e-01	   5.9820916064156693e-01	   6.3170532604292573e-01	   4.7952446704641793e-01	   1.1112224608917798e-01	   4.2160940946642750e-01	   4.7247479558575528e-01	
   5.6919708801764179e-01	   5.1216174087542687e-01	   5.9074728596526693e-01	   7.1740331759543130e-01	   3.7072093361731645e-01	   2.1696990595145740e-01	   6.5633692150403000e-01	   6.5898066412259670e-01	   2.6778407112908231e-01	   6.6339874165614732e-01	   8.7001746508339806e-01	   0.0000000000000000e+00	   8.2652888840092642e-01	   8.8624962470188196e-01	   8.0418338999023942e-01	   8.4451431423013745e-01	   4.8500127341822774e-01	   4.5731842906359932e-01	   6.9586066257116808e-01	   7.4221832678856092e-01	   4.7428394753909425e-01	   7.3065970558996329e-01	   4.8132982093372723e-01	   5.5463716526734586e-01	   5.0951865425276310e-01	   5.5274453767870413e-01	   4.3836827849100657e-01	   2.3722053257982592e-01	   4.9096191840604503e-01	   6.7828199503741071e-01	   6.8856440131907504e-01	   6.5398108394460652e-01	   7.5286382251276374e-01	   8.0080230510782890e-01	   5.5553313375289548e-01	   5.4932082965253448e-01	   2.6704583994388431e-01	   4.8271942567522869e-01	   4.3817570226731842e-02	   5.3159138070536505e-01	   2.7465093658474865e-01	   6.1090231136987383e-01	   6.6700609507392694e-01	   5.5641606664780063e-01	   4.5389614991794314e-01	   4.1178681274757623e-01	   5.1528841265848657e-01	   4.9348386939419719e-01	   5.5661985692227478e-01	   5.5347088282303059e-01	   6.3080853601350739e-01	   7.6002997849482079e-01	   4.3938836457338626e-01	   6.6590537219730583e-01	   5.1013547095501433e-01	   4.0650836245402922e-01	   4.4311455277649917e-02	   2.9226291216332073e-01	   5.7274577123429682e-01	   7.2528473279942418e-01	   5.9558703561212345e-01	   8.6491334037430223e-01	   4.0605231631045352e-01	   7.9717715991591165e-01	   7.1289262803596476e-01	   8.5995982492558332e-01	   7.2882182708567389e-01	   7.5271051430054081e-01	   4.9857005230108842e-01	   5.5135310253211012e-01	   3.8027743180360662e-01	  -1.8149024864507195e-02	   5.6138443577497255e-01	   6.6292731452214149e-01	   6.5461921385119926e-01	   6.3333156274612601e-01	   7.2558228254197810e-01	   7.9636958355068765e-01	  -2.9704041968288675e-01	   1.8623503134467415e-01	   5.4925957921572022e-01	   5.1900080134947002e-01	   6.2450969324228955e-01	   6.4441827500757465e-01	   5.2914239930352824e-01	   6.9603653951762157e-01	   4.6745903570952185e-01	   2.0044360233835595e-01	   3.6197327988935180e-01	   5.7906307050931560e-01	
   5.5195587298760196e-01	   6.9756252737100932e-01	   8.0476380245705337e-01	   8.1962233601321799e-01	   4.1267704171840464e-01	   1.4075785392652099e-01	   8.2641055531571916e-01	   8.2413185550331214e-01	   3.8894481692755334e-01	   5.4828507102902746e-01	   9.0113422024192769e-01	   8.2652888840092642e-01	   0.0000000000000000e+00	   8.6068747273538804e-01	   8.7815195895895504e-01	   6.7845759174233267e-01	   2.6692890844889738e-01	   2.5536557421375006e-01	   7.7206333888499223e-01	   8.3956138465000352e-01	   2.8010554132181087e-01	   6.2127663961666113e-01	   7.3222778308078362e-01	   7.2731852239225980e-01	   6.3769358765087092e-01	   5.4114088601813348e-01	   3.7479911623453765e-01	   1.2797016690695734e-01	   4.7353814797630506e-01	   6.6519752004123134e-01	   6.1763207401016396e-01	   5.7979013908260124e-01	   8.7700796046450957e-01	   8.8262047004561106e-01	   6.5168840143551554e-01	   6.5143863869193730e-01	   1.8269476955012370e-01	   5.0842358210387872e-01	   1.8648402598598146e-01	   6.6584543815574448e-01	   2.7892010077109169e-01	   7.2913278156307815e-01	   6.1481161892614200e-01	   4.4595592711016918e-01	   3.9945234806548136e-01	   4.0411043194912699e-01	   5.1364614288039900e-01	   5.7462087909104509e-01	   6.0989063557004919e-01	   5.5100929166921131e-01	   7.9983158199848803e-01	   7.6513960093287181e-01	   6.5731143675690129e-01	   7.7787550470408928e-01	   6.6218772777191570e-01	   2.7494479723665499e-01	  -8.6358336675548680e-02	   3.5776200248644741e-01	   4.9183649281735764e-01	   6.5752318725955639e-01	   5.0879467311447990e-01	   7.8219061426521208e-01	   2.5742897164428991e-01	   6.9483656691842444e-01	   8.1494710538584825e-01	   8.7045353863916741e-01	   8.0176830098807272e-01	   7.9418970612559914e-01	   6.5251431080509492e-01	   6.6464239713590922e-01	   2.7462282340620303e-01	  -2.0484856982426691e-01	   5.9264569226729069e-01	   6.3447756479671780e-01	   7.8313126886251361e-01	   6.2276651582547715e-01	   8.0417053912781111e-01	   7.7445329082136927e-01	  -2.8314058439214762e-01	   1.2338514124370900e-01	   6.1252120242266617e-01	   4.8636049735000914e-01	   8.1114453955001653e-01	   6.3305455546423439e-01	   7.3189930603228714e-01	   7.4853412030058908e-01	   5.9104131725122377e-01	   7.3061986059739209e-02	   5.7999299816944205e-01	   5.4946862496814752e-01	
   3.7025988937520715e-01	   6.7149660111647758e-01	   6.3475761790839225e-01	   7.9658132556006300e-01	   3.9233268238949093e-01	   1.6351952281460597e-01	   6.2318099167884844e-01	   8.4206148417288773e-01	   3.5225942677833827e-01	   6.8989269698194366e-01	   8.2328968529722046e-01	   8.8624962470188196e-01	   8.6068747273538804e-01	   0.0000000000000000e+00	   7.5462300506726387e-01	   6.2023145227234633e-01	   2.9722432509467533e-01	   3.8206869048100955e-01	   6.5026571160798341e-01	   7.2005270543763888e-01	   1.9593738386966875e-01	   6.1302073578198568e-01	   5.8456988147077504e-01	   6.1388054521235125e-01	   4.9363773119996790e-01	   3.6469477957452701e-01	   2.4365456380385891e-01	   2.1966973098656230e-02	   3.8028837828082018e-01	   7.7452527654527481e-01	   4.9044492344666535e-01	   4.1984986189775581e-01	   7.4529059092196182e-01	   8.3082777392483653e-01	   5.5666197754300262e-01	   6.2462383520967601e-01	   2.7161937778717067e-02	   5.6960783089979838e-01	  -4.1004231720388987e-02	   6.1080484939902413e-01	   1.8413840230112433e-01	   6.9270301083116181e-01	   6.2101360585060350e-01	   5.2159476732718102e-01	   4.0679947141074968e-01	   4.0768877130962278e-01	   4.8649271858204440e-01	   5.5171542556142250e-01	   6.1046117989006332e-01	   5.1248676641933888e-01	   8.0198337933476194e-01	   7.3493204333370754e-01	   7.0279078467761380e-01	   6.8344875066114774e-01	   6.7462568610290763e-01	   1.5782535021465011e-01	  -2.0634331847394088e-01	   4.0565033387719840e-01	   3.9899046175253716e-01	   6.8535273749510495e-01	   4.3548639118391297e-01	   8.6714388728696168e-01	   2.6177516135675222e-01	   8.5563138670194605e-01	   6.7608867129422956e-01	   8.0606585124151509e-01	   6.7832546359795465e-01	   7.0787646123465708e-01	   4.8170725207864684e-01	   5.3957977281586655e-01	   3.2116941441150626e-01	  -3.1885156531898623e-01	   4.9892582270096453e-01	   5.5469673848737977e-01	   6.9373366842577810e-01	   4.3927509816982896e-01	   7.5899310454817348e-01	   6.8610935416758312e-01	  -3.1285842100876510e-01	   1.8110865751498784e-01	   6.7997812994687712e-01	   4.4517204654271353e-01	   7.1366421180568129e-01	   5.3264895792057454e-01	   7.3214038571007767e-01	   5.9421688556069208e-01	   5.3055321796771948e-01	  -4.7135770089080403e-02	   6.6473008772699538e-01	   3.6594953579454997e-01	
   6.3212002643355136e-01	   6.5899543970177787e-01	   6.4704027275521114e-01	   7.0551607596951527e-01	   4.5067182716525583e-01	   2.6567408580817536e-01	   6.6845647626229376e-01	   6.5814813214939161e-01	   3.6940826592883080e-01	   5.2609097535806271e-01	   8.5240372578900825e-01	   8.0418338999023942e-01	   8.7815195895895504e-01	   7.5462300506726387e-01	   0.0000000000000000e+00	   8.0787706138620363e-01	   4.2041284323677663e-01	   3.4343644997295020e-01	   8.2858097196284886e-01	   8.4245737946994292e-01	   4.5051952004793999e-01	   7.5078678871942572e-01	   5.9327894430232986e-01	   6.0037512763216561e-01	   6.6822709953268455e-01	   6.4339458333404176e-01	   5.7035892870916394e-01	   3.3454024780767760e-01	   5.5235243914412924e-01	   6.5047628319030826e-01	   7.9655959730274972e-01	   7.2535161658397262e-01	   8.3830291217765973e-01	   8.4355983182534333e-01	   5.8009724975072618e-01	   4.7411702005423895e-01	   3.6983225078211818e-01	   4.9673537485752883e-01	   1.7337413976618005e-01	   5.6570919014052579e-01	   2.8662532513594952e-01	   6.3179241458795132e-01	   6.6212655738945569e-01	   5.8671588863415536e-01	   5.7635545675519440e-01	   5.1327037655532193e-01	   5.5100176934983747e-01	   5.0400660006836062e-01	   6.3418316996757951e-01	   6.3719458457356459e-01	   6.7572650837968140e-01	   7.3390761956991857e-01	   3.9367081515189090e-01	   6.2068368255320494e-01	   5.7327056798801146e-01	   3.3724606763526421e-01	   6.8324745351928340e-02	   4.5857288184554779e-01	   6.5871341274405937e-01	   7.6451225113100008e-01	   5.7072565951960885e-01	   7.7142935664067314e-01	   2.6910073876811536e-01	   6.3486618464289946e-01	   8.1322360087602730e-01	   8.1454142391307993e-01	   8.7952179832079158e-01	   8.4007332312595318e-01	   7.1958057217641447e-01	   6.4723856510387379e-01	   4.3814534233256675e-01	   7.9074725094393627e-03	   6.4881906047391102e-01	   6.6420186399922843e-01	   7.6631112263548296e-01	   6.8430873712338558e-01	   7.8939368268096755e-01	   8.4381122786433749e-01	  -2.6466905505985960e-01	   1.4336730781954243e-01	   5.7318403077529623e-01	   5.0952995432472481e-01	   8.1444499226678024e-01	   6.9446281203716587e-01	   6.5172899928748929e-01	   7.4188192206871417e-01	   6.9005578600537487e-01	   2.8978392643513085e-01	   4.3137199619948718e-01	   5.3904499439487286e-01	
   6.5372382662411610e-01	   3.7037171343026637e-01	   4.9984672847208611e-01	   5.7140321997266219e-01	   3.6420857916558264e-01	   3.8734515854172402e-01	   6.0003522027465328e-01	   4.2452531416969852e-01	   1.7326977765605714e-01	   5.4683391711076434e-01	   7.2474170110331826e-01	   8.4451431423013745e-01	   6.7845759174233267e-01	   6.2023145227234633e-01	   8.0787706138620363e-01	   0.0000000000000000e+00	   5.3668292002468332e-01	   4.2117428567654236e-01	   7.1970619537381242e-01	   7.1446646025115723e-01	   6.2419871480446898e-01	   7.3600814073402399e-01	   3.7934329266861189e-01	   4.8715480227594160e-01	   5.7910539911726500e-01	   7.3431445121530881e-01	   6.9153658183518041e-01	   5.4004617811129230e-01	   5.1872134868023867e-01	   5.3837604435936748e-01	   8.4361601944021569e-01	   8.2444490796154946e-01	   7.1577196821292832e-01	   7.2890754140600267e-01	   5.0061335974687871e-01	   4.1062890121099088e-01	   4.4441949841577688e-01	   3.4737981522115263e-01	   1.5235426062658936e-01	   4.7675878780360864e-01	   2.9169292047726275e-01	   5.1593409931068157e-01	   6.5508296305716840e-01	   5.8404383152357253e-01	   5.0845932738674082e-01	   4.3778191863895938e-01	   5.2932090345519189e-01	   4.1529372492037347e-01	   4.7592727086946884e-01	   5.5300037042657402e-01	   4.3142457068955270e-01	   6.7392062968409094e-01	   1.5256362569914439e-01	   5.5325199419061499e-01	   4.1036840953736076e-01	   5.5867736893494624e-01	   2.3948094881516557e-01	   2.4086895843298786e-01	   6.3179636781980208e-01	   6.6599537716169954e-01	   5.9800895308469570e-01	   6.7849229733229077e-01	   4.1224944372009820e-01	   5.5486266008251584e-01	   6.5930205334762271e-01	   7.3836236262763988e-01	   7.4747042169508182e-01	   7.7507924797082006e-01	   5.2661856102682192e-01	   5.1582866694312690e-01	   4.2173826637221196e-01	   1.9668151588416022e-01	   5.6435554943787625e-01	   6.2071085512575497e-01	   5.8699871430548123e-01	   6.6382016105272812e-01	   6.1194884247746839e-01	   7.8623025069716790e-01	  -2.7910725263293035e-01	   1.7635320577479099e-01	   4.1979877144061645e-01	   5.2843712804166920e-01	   5.7962634652615330e-01	   6.9467124871259400e-01	   3.7504180278965799e-01	   7.4795494754543213e-01	   5.1021126382389081e-01	   4.5454848717967783e-01	   1.2974460632349485e-01	   6.6917280103296173e-01	
   6.6618398393739842e-01	   3.0054386249091358e-01	   1.6322461457612519e-01	   1.5931310014380834e-01	   3.6493454550292675e-01	   2.2702019876484736e-01	   3.1625736118200826e-01	   8.9412020790336014e-02	   1.3386165483799228e-01	   2.8618431713406739e-01	   4.2762847171836654e-01	   4.8500127341822774e-01	   2.6692890844889738e-01	   2.9722432509467533e-01	   4.2041284323677663e-01	   5.3668292002468332e-01	   0.0000000000000000e+00	   6.8291796786408088e-01	   3.8715421555932861e-01	   3.4879629294925868e-01	   6.0994581254698232e-01	   4.2473521670628545e-01	  -3.8766885831315621e-02	  -1.5344586573063938e-03	   1.7605805435216951e-01	   3.3405133001345760e-01	   3.9858152985044548e-01	   3.7114558891589400e-01	   4.2930353408090882e-01	   4.3951314409725906e-01	   5.8548752404857773e-01	   5.2556372390557815e-01	   4.2584637457296692e-01	   3.8290427203742416e-01	   3.5873043859247208e-02	   8.4784430927082217e-03	   4.5433695093274951e-01	   6.4340179151265914e-02	   7.9835812365523520e-02	   1.0377059410635031e-01	   5.0583928231932651e-01	   3.2234676779082688e-01	   3.8954245346565741e-01	   3.6003398764125283e-01	   4.2280953906731344e-01	   4.5232946273110264e-01	   3.3484975218558427e-01	   1.4961212856966932e-01	   2.2128125474036128e-01	   2.4243420734819515e-01	   7.2013329448337438e-02	   2.5229104300756938e-01	  -1.3033100936947337e-01	   2.2493028555561734e-01	   1.8004082139828750e-02	   4.3043355537032224e-01	   5.1528416395400534e-01	   2.5849246367641543e-01	   3.9467618728966231e-01	   3.1981893709330589e-01	   4.3355595281116921e-01	   3.0525382181319372e-01	   5.9918180341934146e-01	   4.0958989224257603e-01	   3.7119295898472549e-01	   3.6552411072670271e-01	   3.3749766025012612e-01	   3.6397729504555115e-01	   3.7535870899414625e-01	   2.2557365696743273e-01	   4.0383859278651030e-01	   4.3949945119293676e-01	   6.3696676000754326e-01	   6.8270731462671996e-01	   3.9318573153422159e-01	   5.9220448520150937e-01	   3.5333238394416572e-01	   4.6207528613438742e-01	   4.4981669642015998e-02	   4.0152531605891251e-01	   4.8050880237688126e-01	   6.9505754699030708e-01	   2.0052067068752810e-01	   4.4802689820695907e-01	  -8.8479906170562048e-03	   4.1418606046604411e-01	   1.0575595029577929e-01	   2.4528459784662587e-01	  -1.7964083687664623e-01	   3.7822533277010734e-01	
