   0.0000000000000000e+00	   1.5919498771921509e-01	   6.2077646932273645e-01	   2.1923429034599407e-01	   2.1725155141768079e-01	   6.5740168636262553e-01	   7.2824038835946503e-01	   9.6005005503640745e-02	  -3.8027223558831383e-02	   3.4309665850596682e-01	   3.8845473244979900e-01	   1.6609884774735650e-01	   6.1850158876536898e-01	   1.5204383670414695e-01	   2.8334448110236660e-01	   5.4782200407345527e-01	   7.0135259894739899e-01	   2.3798402766172308e-01	   4.4473702932998382e-01	   7.3350122423832431e-01	   4.4709940590480501e-02	   2.8915949862750279e-01	   4.2201653113454141e-01	   3.2803863204226408e-01	   5.8093249124681190e-01	   5.7632008964491765e-01	   1.7618485501398351e-01	   4.9762497363078267e-01	   5.8081394293566202e-01	   2.8719736032006882e-01	   5.4578843811838029e-01	   4.2797186484120647e-01	   4.6665398048324597e-01	   3.8668251427836364e-01	   1.5764460280660468e-02	  -1.4991827546458919e-01	   5.0861780576472926e-01	   2.4641018445209585e-02	   4.9031797936092009e-01	  -1.4660177313609918e-01	   1.5864551412028660e-01	  -1.7638547914635833e-02	   8.9465852975780080e-02	   1.7807702032593548e-01	   2.1536718660727402e-01	   1.3605173656129377e-01	  -1.3302066172256790e-02	   2.9314704337572339e-01	   2.0619631206313274e-01	   2.4811086066380017e-01	  -1.3047718699046743e-01	   3.0968695987657063e-01	  -1.4402880021108835e-01	   3.1873249555086930e-01	  -2.5389608060620177e-02	   2.9886052503519467e-01	   8.7755554415458092e-01	   1.2492329387040546e-01	   7.4361260244413796e-01	   2.8284000943320198e-01	   8.6221059002684053e-01	   2.6945317359728732e-01	   8.5887293696440259e-01	   2.1370601597539651e-01	   2.2430182893265896e-01	   2.7885121937992674e-01	   4.1293724577591562e-01	   4.7158659680694692e-01	   4.9024244250833970e-01	   6.0789884955849005e-01	   2.0978899067924917e-01	   1.0719857093107556e-01	   2.0936033688896172e-01	   2.2495474322045822e-01	   2.7889311952935969e-01	   5.7724706794933034e-01	   1.6902844797844960e-01	   4.1408954321346036e-01	   6.9632161290603822e-01	   3.8681090609629942e-01	   4.6824071751334018e-01	   5.9562549242035390e-01	   5.3472036871874629e-01	   7.1441911707037831e-01	   5.4137710040915110e-02	   5.7271122192228785e-01	   4.6147604957784127e-01	   6.3699697252266696e-01	  -1.8663703545083971e-01	   6.8321749891960337e-01	
   1.5919498771921509e-01	   0.0000000000000000e+00	   6.9655082115579492e-01	   9.5682423248684478e-01	  -3.4749501090119927e-01	   3.9721127676250667e-01	   5.2978353174408377e-01	   9.6175373657905949e-01	  -2.4581879068880888e-01	   8.3449507346941254e-01	   4.2794658812487285e-01	   9.0511534644907343e-01	   6.0661337519973835e-01	   9.4108111876404366e-01	   5.6483731523069447e-01	   5.4579757556046049e-01	   1.3340334317816172e-01	   9.2800839997474016e-01	   9.0825088314056857e-01	   6.6322377072317706e-01	   4.2295404662886471e-01	   4.5455400453582406e-01	   8.8272625372594882e-01	   9.1952781245223225e-01	   5.5301171173321806e-01	   5.1631150914295976e-01	   7.0113117609877873e-01	   4.3778104012928692e-01	   1.4715698628213914e-01	   7.6240563886899548e-01	   8.0241240241445388e-01	   8.5043199165980776e-01	   7.7103209432285946e-01	   8.6198225122400762e-01	   7.5120252737038262e-01	   6.9882011940590383e-01	   1.4641130032609492e-01	   6.3285949108010175e-01	  -1.8494497747272309e-02	   6.2416334272644858e-01	  -3.5818241989676747e-01	   7.0024841901489587e-01	   8.2870210924680920e-01	   8.3733187880200244e-01	   6.7838827498324439e-01	   7.1389907561153176e-01	   8.5981738243982986e-01	   8.4280662024307484e-01	   4.9327286550304045e-01	  -6.2974386972382213e-01	   8.5031998560772137e-01	   7.8362717640323909e-01	   8.3998895519284666e-01	   8.0435996396608456e-01	   8.6384628351871795e-01	   5.0307311090185636e-01	   2.1049618268685179e-03	   9.8061877756990867e-01	  -5.0451092887130226e-02	   5.8878332916357157e-01	  -1.6394134634422273e-02	   9.4845633123717965e-01	   4.3852528019020107e-02	   9.1387394739484673e-01	   6.9612150438503029e-01	   7.4239474870586730e-01	   8.1131636307015109e-01	   7.5993439009881292e-01	   6.2746536506532624e-01	   6.0523526843585385e-01	   7.5004604867773028e-01	   5.3617184372391247e-01	   7.6234700721135029e-01	   7.6809243544410388e-01	   8.5584552418609827e-01	   3.2291201875470898e-01	   8.9912942588094957e-01	   7.6472375403917325e-01	   1.0241577978881923e-01	   7.9930303669215230e-01	   6.3439090644832818e-01	   6.9607195209938455e-01	   5.5654627942670709e-01	   1.3769583746083916e-01	   9.0984734177416171e-01	   6.1734302512716932e-01	   7.3863695639836713e-01	   2.5468710723683258e-01	   8.9484717682349224e-01	   4.3480227492711729e-02	
   6.2077646932273645e-01	   6.9655082115579492e-01	   0.0000000000000000e+00	   8.0314200582438455e-01	   2.8281930892027816e-02	   4.9415870543797513e-01	   8.9327288409090022e-01	   7.6099122749162751e-01	  -3.1748072695431492e-02	   8.2976342513297197e-01	   3.8054985396897911e-01	   7.1108398644475523e-01	   9.3408043632781079e-01	   7.1254025111995356e-01	   6.9548055210527870e-01	   6.5392457135985627e-01	   3.0942047344972456e-01	   7.0594290780655100e-01	   8.0347508083137154e-01	   7.4491943850960762e-01	   2.3445728468404972e-01	   5.2526667541971617e-01	   9.2149202982136746e-01	   8.8983783251774873e-01	   7.4414158788301055e-01	   6.7581927466208969e-01	   6.4718106354208138e-01	   6.5058820148691543e-01	   3.7770382620208892e-01	   6.6687519479253421e-01	   7.9133527525594016e-01	   8.1834210869445501e-01	   7.3352911773718299e-01	   7.6910614080658313e-01	   7.0658425302289007e-01	   5.7249896840241221e-01	   4.5752413925093222e-01	   4.5182598797307361e-01	   3.7992490250870059e-01	   4.3737158999498682e-01	  -2.2619658351589095e-01	   4.1584129245750473e-01	   6.3700439687202037e-01	   6.3305895694115777e-01	   5.1084267934831584e-01	   4.6910785660854670e-01	   5.7614459947633634e-01	   7.0287881543577690e-01	   4.0609823425514902e-01	  -3.6823640428600951e-01	   5.9019616427539645e-01	   6.8116798052714511e-01	   5.5828005161883054e-01	   7.5254116337549226e-01	   5.7586269954204872e-01	   6.0977803957854904e-01	   4.0082335733603913e-01	   6.6363674521498583e-01	   2.2563579499910635e-01	   2.8540446366766864e-01	   4.8446948225940051e-01	   7.1190431792996056e-01	   5.0624944656980020e-01	   6.4732585634369100e-01	   5.8911066607841256e-01	   5.7406991963728704e-01	   7.3397414871207023e-01	   7.1976660439424678e-01	   4.6495638765616082e-01	   6.4367101035725494e-01	   6.9110644077175554e-01	   5.0091819940231397e-01	   6.4363633707800005e-01	   6.5364400053672311e-01	   7.1559820214135184e-01	   6.0754107090815146e-01	   7.2235995257717289e-01	   6.8438629269929019e-01	   3.5624448228530547e-01	   7.4931324091055784e-01	   5.6321329180697099e-01	   7.4283029564637926e-01	   6.3333923050663254e-01	   4.6306796276374074e-01	   6.6072850683260087e-01	   7.2240054835475997e-01	   8.4037681153128330e-01	   5.1757717371146750e-01	   5.6563039273754856e-01	   5.7000966330804537e-01	
   2.1923429034599407e-01	   9.5682423248684478e-01	   8.0314200582438455e-01	   0.0000000000000000e+00	  -3.6072919193081421e-01	   3.4415420822877341e-01	   6.2919895191839492e-01	   9.8237468457280763e-01	  -2.6180738285899785e-01	   8.6934641583412242e-01	   3.8158341680059482e-01	   8.7763766248687958e-01	   7.2187633887479852e-01	   9.2507933138666809e-01	   5.9403313608453612e-01	   5.2109354326751856e-01	   1.0630666509641479e-01	   8.8656062251702528e-01	   9.1785385201631930e-01	   6.7536670529412790e-01	   3.7634773588355747e-01	   4.3181622870405367e-01	   9.3547729260084478e-01	   9.6809301146140525e-01	   5.5053236840411302e-01	   5.1267856839986581e-01	   7.0736844294295587e-01	   4.5846333836069364e-01	   1.3650988299059905e-01	   7.1097954371469685e-01	   7.8989222956597072e-01	   8.7883867175311581e-01	   7.8524526882197632e-01	   8.7798417663064265e-01	   8.1547499860855688e-01	   7.6654790054588018e-01	   2.0790303631430870e-01	   5.8378138299576854e-01	   5.7683785130272683e-02	   6.2598619854311877e-01	  -3.6070677404905410e-01	   6.9610049637448745e-01	   8.1793955065646595e-01	   7.9965508991244327e-01	   6.0981432879334618e-01	   6.4419900988052836e-01	   8.5484005996191148e-01	   8.1613747785501423e-01	   4.3840694056328211e-01	  -7.0379088702223846e-01	   8.8227456702555629e-01	   7.4707156304952382e-01	   8.7040060098410998e-01	   8.0124650570566958e-01	   8.6657327167315756e-01	   5.1132225683759913e-01	   1.2857072198068996e-02	   9.4059614080988452e-01	  -5.5532279334974233e-02	   4.5222395100839730e-01	   9.2626130207693336e-02	   9.0908187989491929e-01	   1.1127253186389019e-01	   8.6934799055019285e-01	   7.1445759292696387e-01	   7.1525063169917358e-01	   8.0456118602298832e-01	   7.6744385222440881e-01	   5.0781979235926245e-01	   5.6983057639322132e-01	   8.0643890913598504e-01	   5.8753885722785781e-01	   8.0012231520893828e-01	   7.7335371696581023e-01	   8.6857958962305326e-01	   3.9513484468708587e-01	   8.9845363063301020e-01	   7.4682593549452037e-01	   7.2629747656120625e-02	   7.6071352594895914e-01	   5.8445856373617899e-01	   6.6544990605416054e-01	   5.3150370084032550e-01	   1.1990567014567038e-01	   8.8700943105746255e-01	   6.5079135191861859e-01	   7.6331868067497954e-01	   2.2195356922778581e-01	   8.8608734553998170e-01	   8.7868356536297126e-02	
   2.1725155141768079e-01	  -3.4749501090119927e-01	   2.8281930892027816e-02	  -3.6072919193081421e-01	   0.0000000000000000e+00	   3.3421224588789522e-01	   1.8072824178428364e-02	  -3.3974583998065727e-01	   8.3973292677104716e-01	  -9.7302524157455952e-02	  -5.0033712221235940e-02	  -1.6927621368973245e-01	   6.9474713731641760e-03	  -2.4843316213103189e-01	   4.2481586923849451e-01	   3.2766159764274816e-01	   2.4002483892040805e-01	  -1.4964387201984444e-01	  -3.6948823041544726e-01	  -6.5060031885461930e-02	   2.0453337706517336e-01	   4.3290519567306796e-01	  -1.1243170199502452e-01	  -1.9323372823073129e-01	   4.0073294460537523e-01	   3.7474207794242331e-01	   1.5714750533162430e-01	   3.4197282078161390e-01	   4.0074857973287348e-01	   1.7321089406206491e-01	   5.8399149958367307e-03	  -8.1002456033872405e-02	  -2.3724080099231648e-01	  -2.6813606849610305e-01	  -2.3695057954531554e-01	  -4.0243398655313478e-01	   2.3792086023993991e-02	  -6.3818863586810562e-02	   3.1670652376389291e-01	   5.7381673484066920e-02	   2.2733848055359235e-01	  -1.6517330667697933e-01	  -1.7890205617156568e-01	  -1.9394150459811418e-01	   1.9959907608001308e-02	   1.0972962103255088e-02	  -3.1759389271101846e-01	  -1.2689022738877412e-01	   1.8345343907719391e-01	   6.7693678546325675e-01	  -4.2311448363937110e-01	  -7.4627354296683424e-03	  -4.0188373357430313e-01	  -1.0009536695035709e-01	  -2.8212565929503353e-01	   1.1750709235959936e-01	   3.6233317325987890e-01	  -3.4503670955880661e-01	   3.1784213965882363e-01	  -5.6354878218731329e-02	   2.5541444682392156e-01	  -2.4861921167852591e-01	   2.3918104980542498e-01	  -3.5031323575671391e-01	  -1.4618878202770560e-01	  -1.9414083109833635e-01	  -2.0984057455236438e-01	  -1.8965809949414825e-01	  -3.4832777551467180e-02	   4.3917435482394546e-02	  -8.3893751689739393e-02	  -2.5051724895938099e-02	  -2.8183659595039295e-01	  -3.5876850659273950e-02	  -3.0442332294947494e-01	   3.2559586675146818e-01	  -3.1765895944707151e-01	  -1.0824825788411692e-01	   4.4204309290688637e-01	  -3.5425691440794708e-03	   1.7039165778513200e-02	   1.0585366200884758e-01	   2.8912677003672077e-01	   5.0402491874536048e-01	  -2.2046712655160886e-01	  -5.2960164506217100e-02	   1.5992548398491913e-01	   4.7752260192063734e-01	  -3.3767609082209599e-01	   4.7634450297619590e-01	
   6.5740168636262553e-01	   3.9721127676250667e-01	   4.9415870543797513e-01	   3.4415420822877341e-01	   3.3421224588789522e-01	   0.0000000000000000e+00	   3.7001942474562571e-01	   2.7045208386586900e-01	   8.1561080727053592e-02	   6.2847846759909021e-01	   2.0442300311444511e-01	   2.8140713360029473e-01	   4.1583759833843903e-01	   2.7847285160304286e-01	   5.7268608637090590e-01	   7.0423826566281156e-01	   5.0254926019636548e-01	   5.3600906740037901e-01	   5.2633668549713331e-01	   8.0428965638862016e-01	   3.6275213156505393e-01	   5.5075997372101460e-01	   5.0614052715503721e-01	   4.4776944285774611e-01	   7.5903661529825017e-01	   7.9161556870022232e-01	   5.8817169440434325e-01	   8.3989084112676948e-01	   4.4689897999440886e-01	   5.2305003041952203e-01	   7.0867398395823789e-01	   5.9305803194323037e-01	   5.0706352697785273e-01	   4.6975293108757077e-01	   1.4757176084737142e-01	  -8.5643032263540017e-02	   4.3776660418448765e-01	   2.5369914900487295e-01	   4.8523484961568286e-01	   3.3252597411384932e-01	  -6.6928876978742891e-02	   3.5915044858169504e-01	   3.5323470553411296e-01	   5.0345830799698499e-01	   4.7540668767131922e-01	   5.3141862912280668e-01	   2.6973676593080687e-01	   5.6574738349899900e-01	   3.6243257576815269e-01	   1.4073876937540375e-01	   8.3207706747645077e-02	   6.0328046877702013e-01	   9.6124897567761505e-02	   5.2018551673990010e-01	   2.6594227658909958e-01	   4.0800053013008786e-01	   6.1904568089461387e-01	   4.1958005649314806e-01	   7.1583194789200588e-01	   6.4533010183537531e-01	   5.0594952325187181e-01	   5.2913555179640848e-01	   4.4981208742855067e-01	   4.0401910985269274e-01	   3.2870541002374648e-01	   3.5764976065397613e-01	   5.6473580752049790e-01	   6.1543194058834660e-01	   7.3090817280291098e-01	   7.5609677688546251e-01	   2.0219689750127612e-01	  -6.3482158460220015e-03	   4.2138883939280947e-01	   5.2895233212569071e-01	   4.9948274693694361e-01	   5.6419539512174621e-01	   2.4034311175167422e-01	   4.6469447357417787e-01	   5.8405958724106743e-01	   6.7486953822313622e-01	   5.4161487668809860e-01	   7.2692322366306816e-01	   6.7848170436411825e-01	   6.8097159504147586e-01	   3.3203113926988259e-01	   5.9404571947499818e-01	   6.8307877849335563e-01	   7.0894730779892756e-01	   1.1871290218177846e-01	   5.1366962623819690e-01	
   7.2824038835946503e-01	   5.2978353174408377e-01	   8.9327288409090022e-01	   6.2919895191839492e-01	   1.8072824178428364e-02	   3.7001942474562571e-01	   0.0000000000000000e+00	   5.7585109353498842e-01	   2.7263886634491412e-02	   6.0793182133577839e-01	   6.3523639857466940e-01	   5.7829844201946601e-01	   8.4954450695238326e-01	   6.1725486949501351e-01	   5.5194438198442275e-01	   6.8934069918950436e-01	   5.0518627805203598e-01	   5.7952604833281662e-01	   6.9973427441785829e-01	   6.8276893847977183e-01	   2.5558063194240171e-01	   3.3487384938838255e-01	   7.6925604081796584e-01	   7.2089041526391018e-01	   6.1892009752376076e-01	   6.0279716633048785e-01	   4.7252052491727553e-01	   4.0448804931783428e-01	   5.9758196914754658e-01	   5.8892438954982707e-01	   7.0769615901366945e-01	   6.7498886846697337e-01	   7.4086843720446272e-01	   7.2476068489432233e-01	   5.2131710930104491e-01	   3.7184469022482913e-01	   4.9075562976881337e-01	   5.0031123884841477e-01	   4.0609844884339585e-01	   2.5824616682542767e-01	   1.2738362002352388e-01	   3.3688283534651309e-01	   5.4260339025242155e-01	   5.1334562452848420e-01	   5.1547704407553785e-01	   3.7057071819415621e-01	   4.7203156662636170e-01	   6.0610999851225877e-01	   3.4624080252016698e-01	  -2.2634632532126128e-01	   4.5900002733530709e-01	   5.3204204324094029e-01	   4.2675146109297324e-01	   6.7267698803526776e-01	   4.5870664384061477e-01	   5.6944633327586425e-01	   6.1151613000990168e-01	   4.9251949857383137e-01	   3.5959730982291888e-01	   2.7922238745912992e-01	   6.6204013216782820e-01	   6.0372748883588767e-01	   7.1064544081658176e-01	   5.9829604741137765e-01	   6.0730834822594160e-01	   6.1950879919915103e-01	   7.0064626906391969e-01	   6.8087398507038888e-01	   4.4272927604662360e-01	   6.5839193802564422e-01	   5.9052932601004027e-01	   4.9685477822195512e-01	   5.8338143306610757e-01	   5.4123985501384464e-01	   6.3089777155843674e-01	   6.6169477750506045e-01	   6.5238868382311987e-01	   7.2475363012629268e-01	   4.6897090896932236e-01	   5.4465616648960924e-01	   6.6950233432174033e-01	   7.4968635578055398e-01	   6.7132143292675384e-01	   6.0747833290583086e-01	   5.3881851288193527e-01	   7.8901482127865741e-01	   7.1227647763784141e-01	   6.1002110618406280e-01	   3.4681141600566945e-01	   6.4380377622309459e-01	
   9.6005005503640745e-02	   9.6175373657905949e-01	   7.6099122749162751e-01	   9.8237468457280763e-01	  -3.3974583998065727e-01	   2.7045208386586900e-01	   5.7585109353498842e-01	   0.0000000000000000e+00	  -1.9556535682592538e-01	   8.5744600315508457e-01	   3.5851773899240624e-01	   9.1145228197832417e-01	   6.7502943878687960e-01	   9.4454320954681514e-01	   6.0987481433805213e-01	   4.9159480503912167e-01	   3.1718363559937054e-02	   8.8732829354144860e-01	   8.6593069043572135e-01	   5.6878903342042042e-01	   3.9253676811539739e-01	   4.5317596611848421e-01	   9.0982744259502413e-01	   9.5182843435141629e-01	   5.1634957401301418e-01	   4.6260842327582313e-01	   7.1406689514484634e-01	   4.1545781141128701e-01	   8.9668709161846466e-02	   7.2767450513167842e-01	   7.4065391891820753e-01	   8.3106144550037386e-01	   7.3125765262894105e-01	   8.4148440257881729e-01	   8.3008827814730490e-01	   7.9434731317314822e-01	   1.5509141343934874e-01	   6.2809775830216719e-01	  -1.5093850282728348e-03	   6.7286407116670377e-01	  -3.9469348689293904e-01	   6.9059741236902505e-01	   8.3143535224410003e-01	   7.9666590266959658e-01	   6.1222639813529889e-01	   6.3904961571142360e-01	   8.6249743820243097e-01	   7.9862670609426201e-01	   4.6375964809795672e-01	  -7.1439095544213871e-01	   9.1773801142725664e-01	   7.3440193456336877e-01	   9.0031672129664397e-01	   7.9400963225057453e-01	   8.7944953134098125e-01	   4.9692343733242356e-01	  -8.9845025414525700e-02	   9.3960906307720515e-01	  -1.7109952494772623e-01	   4.2168845333747873e-01	  -3.2493549835664014e-02	   8.9840189085386635e-01	   1.1482939670024429e-02	   8.7141081614823457e-01	   6.8572924368766996e-01	   6.9814742562415599e-01	   7.6549131585519237e-01	   7.0769816278037401e-01	   4.5696713387724047e-01	   5.0442317531459135e-01	   8.0618463952760400e-01	   6.1331697528709916e-01	   7.7595524795656790e-01	   7.6274136979723517e-01	   8.4343062365543686e-01	   3.3724025430954818e-01	   9.2187071457728931e-01	   7.2802623620631612e-01	  -2.1995124963436422e-03	   7.4332547120617098e-01	   5.4526182752883168e-01	   6.2671391734527093e-01	   4.9132834565899408e-01	   6.1157852094618756e-02	   9.1646636228373735e-01	   6.0114339112770931e-01	   7.4182628043846865e-01	   1.8848330626920773e-01	   9.3835912565064872e-01	   4.8704261785958769e-02	
  -3.8027223558831383e-02	  -2.4581879068880888e-01	  -3.1748072695431492e-02	  -2.6180738285899785e-01	   8.3973292677104716e-01	   8.1561080727053592e-02	   2.7263886634491412e-02	  -1.9556535682592538e-01	   0.0000000000000000e+00	  -9.5222126557049772e-02	   1.1802574063185739e-01	  -5.2096775764289283e-02	  -2.9589904382247248e-02	  -7.7672636387010857e-02	   5.0931904693874830e-01	   3.5888295476751358e-01	   1.4034551920398439e-01	  -4.7962472272913059e-02	  -3.6480676120800426e-01	  -2.3883651169406214e-01	   3.4764911707836077e-01	   3.0560133990326310e-01	  -8.5690765189407395e-02	  -1.3298608934437373e-01	   2.3902825128673735e-01	   2.5048670576170090e-01	   1.6072200524511115e-01	   4.9548603842910530e-02	   4.0323622488493216e-01	   2.1587427893148803e-01	  -5.4571979473208861e-02	  -1.1403793741420959e-01	  -1.5521611873006824e-01	  -1.5313489483453940e-01	  -1.5060044856969002e-01	  -3.0198959931140501e-01	  -1.3124637231868935e-01	   2.1094353711062364e-01	   1.8708227124748772e-01	   2.8038740766263182e-01	   3.1157956429629097e-01	   5.3371759283912787e-02	  -3.5393678679405236e-03	  -1.2043657681924327e-01	   1.4472025371296449e-01	   8.6917691415276846e-02	  -1.3204622773260632e-01	  -9.3035508489852634e-02	   3.4665447770568036e-01	   5.2300024265120659e-01	  -1.7289231954733925e-01	  -8.5456164701532243e-03	  -1.4994333777881985e-01	  -6.3101375860918754e-02	  -7.4421524745248172e-02	   4.3038233408628508e-02	   1.9114541693858556e-01	  -2.2594539889580381e-01	   9.3730706666045827e-02	  -4.7961509554322879e-02	   1.1560966263775083e-01	  -1.2596542932384763e-01	   1.3071791735703073e-01	  -1.8094314181141341e-01	   1.3171261287059297e-02	  -2.0342470959605584e-02	  -1.6561035763799875e-01	  -2.0105710918666919e-01	  -1.1358787849749635e-01	  -2.8242401312755711e-02	   4.1960667407197443e-03	   8.6520222433392885e-02	  -1.6085794150561064e-01	   1.6960749907822308e-02	  -1.9721017111977085e-01	   2.2934616332185054e-01	  -1.7093522704958128e-01	  -4.1028170134255706e-02	   2.5732584009449516e-01	  -9.7027119536275755e-02	   1.1344591345004071e-01	   1.0785760017667602e-01	   3.1742109709917005e-01	   3.8953575358945630e-01	  -3.5683593776890676e-02	  -2.1559107829421095e-02	   1.7429988495654969e-01	   4.2776134840261504e-01	  -1.4379693910837499e-01	   2.7192349401928206e-01	
   3.4309665850596682e-01	   8.3449507346941254e-01	   8.2976342513297197e-01	   8.6934641583412242e-01	  -9.7302524157455952e-02	   6.2847846759909021e-01	   6.0793182133577839e-01	   8.5744600315508457e-01	  -9.5222126557049772e-02	   0.0000000000000000e+00	   2.3158339194693159e-01	   7.3179551868356452e-01	   7.2911317379420726e-01	   7.5887839831454751e-01	   7.4311607411107172e-01	   6.5299899932802852e-01	   1.4420502669822699e-01	   8.7342452630291467e-01	   8.5189081648822806e-01	   7.4167273034460701e-01	   3.6100200412748629e-01	   5.4073217074752267e-01	   8.9912164272754891e-01	   9.1128646828825044e-01	   6.7830469890517531e-01	   6.6597315295516701e-01	   7.9253350083160690e-01	   7.3499840460170041e-01	   2.0660780579487234e-01	   7.0443631371213444e-01	   8.1052848440383229e-01	   8.5190329193623915e-01	   7.5412837904960495e-01	   8.2354196700994919e-01	   7.4587474461983116e-01	   6.0683442482645966e-01	   4.3818330195080907e-01	   5.6027427338512159e-01	   3.3585606003444329e-01	   7.0510034835581648e-01	  -3.4547641022362796e-01	   6.6700022150054539e-01	   7.8202130846525031e-01	   8.2376385505972061e-01	   6.2065637659803508e-01	   6.7662858208724330e-01	   7.4777922197560809e-01	   8.1626486030843581e-01	   4.2495530552619032e-01	  -5.1427128155521795e-01	   7.5597169264785247e-01	   8.1220455023328020e-01	   7.3089799470288597e-01	   8.1973673835051941e-01	   7.4758420378855206e-01	   5.6724193875416629e-01	   1.7319836397347602e-01	   8.4609958465165436e-01	   1.6889034700642080e-01	   4.9128109145702537e-01	   2.4095340163655049e-01	   8.6611760940324700e-01	   2.1845695634182710e-01	   7.9840585838588995e-01	   6.2190624845510034e-01	   6.2344605225497596e-01	   8.1123834310490095e-01	   8.0639708144235966e-01	   5.5018577638329225e-01	   6.8959916719230652e-01	   6.2638437759060550e-01	   3.7752525501320622e-01	   7.9970212626114745e-01	   7.8254387621388355e-01	   8.7484247392765235e-01	   5.1872521352307621e-01	   7.6301031702690891e-01	   6.7837067549023122e-01	   1.7405427262766465e-01	   8.6282031087251743e-01	   5.6199271394158667e-01	   7.5994528457176613e-01	   6.1053971316355116e-01	   3.3048933650923323e-01	   8.0345843578260112e-01	   7.3428191518403485e-01	   8.9047475442432955e-01	   4.4766698882486960e-01	   7.2664801455562666e-01	   3.2592126842943897e-01	
   3.8845473244979900e-01	   4.2794658812487285e-01	   3.8054985396897911e-01	   3.8158341680059482e-01	  -5.0033712221235940e-02	   2.0442300311444511e-01	   6.3523639857466940e-01	   3.5851773899240624e-01	   1.1802574063185739e-01	   2.3158339194693159e-01	   0.0000000000000000e+00	   4.7503017724566521e-01	   2.5708451821454020e-01	   5.6829764310126940e-01	   2.9714058052938164e-01	   6.7709546728050107e-01	   5.8362989285485023e-01	   5.4462752443350582e-01	   4.8279506666714866e-01	   4.5003948540745436e-01	   5.7316718779406572e-01	   1.3686973986758083e-01	   4.2716177918050513e-01	   4.1329355470672557e-01	   4.0916228812631794e-01	   5.3471021926125828e-01	   4.1199500795722654e-01	   3.9427225523941565e-03	   7.5541952027302484e-01	   5.6946111833961843e-01	   5.8974857449439200e-01	   5.0373304752290182e-01	   6.5926697130711120e-01	   6.1010460272942513e-01	   2.3740841581112951e-01	   1.2723609014246867e-01	   1.0804682947705269e-01	   6.5977031277757903e-01	   1.2027971635021069e-02	   1.1552845805741863e-01	   5.4246553080287696e-01	   4.8085489503331236e-01	   4.2601985019955857e-01	   3.7206402413426287e-01	   5.7829650779512842e-01	   4.1232848607998418e-01	   4.6618428444125765e-01	   5.4518385611658127e-01	   1.9163910253406791e-01	  -1.4595175246823955e-01	   3.5593517809317943e-01	   3.6989902059470264e-01	   3.7371099521069528e-01	   5.7148070367985138e-01	   3.8407493284226502e-01	   3.0445590268551692e-01	   5.6016142611191766e-01	   4.3335447737747945e-01	   4.2953571776603028e-01	   6.2862960031449022e-01	   4.2142896191135160e-01	   5.6654191554956113e-01	   4.9542124408692945e-01	   6.4928646022337444e-01	   6.7635561278652701e-01	   7.8723692314555016e-01	   6.3706259416208388e-01	   5.7533235946149752e-01	   5.7835516604134440e-01	   6.0812731938165898e-01	   4.4297826513969074e-01	   4.7511165097843233e-01	   5.3067203684568165e-01	   5.1365397099400856e-01	   4.9160925278556272e-01	   5.4142683891843790e-01	   5.7943975554168858e-01	   7.6039543291408140e-01	   4.1376034962539299e-01	   2.1083245131820391e-01	   8.2294504638011612e-01	   6.7636797107991109e-01	   6.8954611266110921e-01	   5.6849559174779984e-01	   5.4227421038831647e-01	   6.7171168988184637e-01	   4.2654903710267628e-01	   5.5273098214979965e-01	   2.5348718388710895e-01	   3.4199986218702716e-01	
   1.6609884774735650e-01	   9.0511534644907343e-01	   7.1108398644475523e-01	   8.7763766248687958e-01	  -1.6927621368973245e-01	   2.8140713360029473e-01	   5.7829844201946601e-01	   9.1145228197832417e-01	  -5.2096775764289283e-02	   7.3179551868356452e-01	   4.7503017724566521e-01	   0.0000000000000000e+00	   6.0411627982864857e-01	   9.6781284624390862e-01	   5.7615157401413120e-01	   5.2439129819095276e-01	   1.9914368842307612e-01	   8.3619822279620282e-01	   7.4817554040470524e-01	   4.8722319289010507e-01	   5.0347930764071180e-01	   6.2862262322113982e-01	   8.4091391978996610e-01	   8.5737087404320089e-01	   6.0118989635644116e-01	   5.0290781209063340e-01	   6.5508590615362339e-01	   3.3479534660247079e-01	   2.1214823779952297e-01	   7.7414097331863918e-01	   7.3253311392989628e-01	   7.7430941790878816e-01	   6.1390515868336437e-01	   7.3823093091324921e-01	   6.4744274449212358e-01	   6.2622856172277264e-01	   3.5570065611282876e-02	   5.5907739242281906e-01	  -1.4911411826355156e-01	   5.0981505684701334e-01	  -3.2555435914435604e-01	   5.5502689310282749e-01	   6.7816687613203208e-01	   6.3835445597846918e-01	   5.3209393102882596e-01	   5.5311220320308085e-01	   6.9835307199216978e-01	   6.9949714068942603e-01	   5.3623640963323616e-01	  -5.0376981820995859e-01	   7.4573209356806491e-01	   6.7589077191677971e-01	   7.3820624640172172e-01	   7.2101762975128381e-01	   7.4477826213816467e-01	   3.6895469716303997e-01	   2.3902287188363293e-03	   8.4018143796002964e-01	  -1.3871491587150847e-01	   4.4925249986391680e-01	  -4.6202913494506434e-02	   8.2061088908259783e-01	   6.1219025215001166e-02	   8.1554590744027955e-01	   5.7656484779933492e-01	   6.8952161059775574e-01	   6.4661596751555062e-01	   5.7605425315472736e-01	   4.7040680506158100e-01	   4.3794602592079079e-01	   8.8985574381464783e-01	   7.7073622788533958e-01	   5.9772830674078370e-01	   6.7679198571926424e-01	   6.7212983400350379e-01	   3.5359491769733276e-01	   9.0498115519454769e-01	   7.6658437883803154e-01	   1.2754376096168774e-01	   6.5106140425735881e-01	   5.5475903173190377e-01	   6.1635422114314276e-01	   5.0668676808667779e-01	   1.1846814719149412e-01	   8.4551643781350805e-01	   5.3962372932889802e-01	   6.5771782153192326e-01	   2.4229094903105861e-01	   8.3699493423229154e-01	   7.3833726040906239e-02	
   6.1850158876536898e-01	   6.0661337519973835e-01	   9.3408043632781079e-01	   7.2187633887479852e-01	   6.9474713731641760e-03	   4.1583759833843903e-01	   8.4954450695238326e-01	   6.7502943878687960e-01	  -2.9589904382247248e-02	   7.2911317379420726e-01	   2.5708451821454020e-01	   6.0411627982864857e-01	   0.0000000000000000e+00	   6.0059088463773624e-01	   6.5445121043355980e-01	   5.0629967658396546e-01	   3.1547518227331839e-01	   5.8084374861748445e-01	   7.1067111435029306e-01	   6.6116077220370006e-01	   7.3053442522936538e-02	   4.6783677705760957e-01	   8.3799229629522243e-01	   7.9657712704258854e-01	   6.4294423285255164e-01	   5.1533573320598436e-01	   4.6443771308807341e-01	   5.7998381248749165e-01	   3.0757810133272917e-01	   5.7300520497706198e-01	   6.5954652982414674e-01	   6.9219036267349221e-01	   6.2506228392248731e-01	   6.5168553271337815e-01	   5.9168541526751273e-01	   4.4780930920261930e-01	   5.2046617230921788e-01	   3.1081320267981677e-01	   3.6738305659842652e-01	   3.7807617244148106e-01	  -3.2638626734334553e-01	   2.3560719472168801e-01	   5.7187189067599298e-01	   5.5223245038338153e-01	   4.2473603998019649e-01	   3.5461618880733120e-01	   4.4559816015232012e-01	   5.4869444204836482e-01	   5.1844184451986908e-01	  -2.6769584933092477e-01	   5.0841951137560282e-01	   5.6071915891643931e-01	   4.5972982275324953e-01	   5.9654476852109228e-01	   4.7764110368009688e-01	   5.4904752426924142e-01	   3.4591114839671216e-01	   5.5345450193884826e-01	   1.4926093529313450e-01	   1.1807595519713157e-01	   5.0168640059396519e-01	   5.9232205969428298e-01	   5.2736580239664055e-01	   5.1147161912155492e-01	   4.9288839121801820e-01	   3.8200185759567473e-01	   5.9644736010446575e-01	   5.6456637058232928e-01	   3.5366560150084547e-01	   5.0648783006793685e-01	   5.9808669746357057e-01	   4.0017850973195146e-01	   4.9637801536323478e-01	   5.0986776212168228e-01	   6.1335149239477882e-01	   4.1295178467484717e-01	   5.9342844535115336e-01	   5.1340183740997514e-01	   3.6437309417564989e-01	   7.1536085912891578e-01	   4.4203061122357235e-01	   6.2011639534930807e-01	   5.0599181811655636e-01	   3.5960129881746039e-01	   5.3961549045755641e-01	   5.6873135931156549e-01	   7.4903886795175745e-01	   4.1339349104547035e-01	   4.9409686055410840e-01	   4.8382613991160150e-01	
   1.5204383670414695e-01	   9.4108111876404366e-01	   7.1254025111995356e-01	   9.2507933138666809e-01	  -2.4843316213103189e-01	   2.7847285160304286e-01	   6.1725486949501351e-01	   9.4454320954681514e-01	  -7.7672636387010857e-02	   7.5887839831454751e-01	   5.6829764310126940e-01	   9.6781284624390862e-01	   6.0059088463773624e-01	   0.0000000000000000e+00	   6.0399119364324827e-01	   6.0005922873845519e-01	   2.2332332364085472e-01	   9.0291196106481264e-01	   8.2091968258947823e-01	   5.5619778019703547e-01	   5.6045229062547286e-01	   5.1719744162564985e-01	   8.7791832367958733e-01	   9.0165203596564658e-01	   5.7880395618610059e-01	   5.3774694957211544e-01	   7.0746214580074196e-01	   3.1167529646488801e-01	   2.8259272355651344e-01	   8.0904945726065969e-01	   7.8911734382885679e-01	   8.2957747497524137e-01	   7.3734303333140083e-01	   8.4014368254332972e-01	   7.0542609014081692e-01	   6.7931277176090243e-01	   8.3965038480442067e-02	   6.9160399134735029e-01	  -8.7668989132511366e-02	   5.8811310805559613e-01	  -2.0921383107197622e-01	   6.9199732290502192e-01	   7.9720671448731473e-01	   7.5261692501900834e-01	   6.5846651611623730e-01	   6.7040956426411968e-01	   8.3096841767714036e-01	   8.0147993745739177e-01	   5.1075006725678707e-01	  -5.8084384439213288e-01	   8.4273942062016538e-01	   7.4500435908745588e-01	   8.4057206015865815e-01	   8.0947281894153045e-01	   8.5684282154193792e-01	   4.6654727957078090e-01	   4.2167277865469727e-02	   9.0513763526798363e-01	  -7.1265724902632083e-02	   5.3562625104831629e-01	   1.1293785289934008e-03	   8.9608674250026410e-01	   8.4532807485615410e-02	   8.9470754010375941e-01	   6.9199293290591557e-01	   7.8411860777334796e-01	   7.6568376871311472e-01	   6.9941085011326309e-01	   5.4037781401728491e-01	   5.4567555319786776e-01	   8.6796983225700697e-01	   7.2771872032313845e-01	   7.3048390247747719e-01	   7.5986480818748725e-01	   7.9212677159551470e-01	   4.1242239228315725e-01	   9.4157449491406908e-01	   8.1724091060510318e-01	   1.4819765173643218e-01	   6.7986443583924705e-01	   6.7871241381289504e-01	   6.9731772697560168e-01	   6.0390266236060275e-01	   1.8678057480285531e-01	   9.1729967100174226e-01	   6.3197272415427341e-01	   7.1941574529284624e-01	   3.0308206351687517e-01	   8.7391556745852850e-01	   8.6509683772558937e-02	
   2.8334448110236660e-01	   5.6483731523069447e-01	   6.9548055210527870e-01	   5.9403313608453612e-01	   4.2481586923849451e-01	   5.7268608637090590e-01	   5.5194438198442275e-01	   6.0987481433805213e-01	   5.0931904693874830e-01	   7.4311607411107172e-01	   2.9714058052938164e-01	   5.7615157401413120e-01	   6.5445121043355980e-01	   6.0399119364324827e-01	   0.0000000000000000e+00	   7.9287922888506235e-01	   2.3479321339961456e-01	   6.8952218781898089e-01	   5.3213323382849054e-01	   5.2777690497613916e-01	   5.7698344595692785e-01	   6.6518204562388328e-01	   7.5349091420773295e-01	   7.2235009296089325e-01	   8.0512219347107095e-01	   7.6738981952266794e-01	   8.1475106832992117e-01	   6.8951325721174761e-01	   4.5248608110536781e-01	   7.5715866783492392e-01	   7.0500612870969670e-01	   6.9701964716205334e-01	   5.6919982983719497e-01	   6.0290541610824788e-01	   5.4594855953916410e-01	   3.4815299646236364e-01	   3.7330403559737252e-01	   6.1413638544744731e-01	   4.3300425936982934e-01	   7.7720787572611083e-01	  -1.1916820237770398e-01	   5.6761691073904963e-01	   7.0758705720253812e-01	   6.6591348904855541e-01	   6.7583055547533522e-01	   6.6695355074499096e-01	   5.8417659020235324e-01	   6.8995752618984019e-01	   6.4992901855927110e-01	  -1.1332681046001047e-01	   5.3733186083754070e-01	   6.8127207893558273e-01	   5.2848425220134598e-01	   7.0335162581911270e-01	   6.1734128165695878e-01	   5.9069413472076138e-01	   2.7220706757194124e-01	   5.7938609455212153e-01	   2.0359178073742998e-01	   4.1469767327226681e-01	   2.5792609412403961e-01	   6.5380652393838312e-01	   2.2973595181779555e-01	   5.2968245988485163e-01	   5.7217261160931110e-01	   4.8639784493056920e-01	   6.1470544347851408e-01	   5.6305842431902020e-01	   4.6977195792522952e-01	   5.9088459472835930e-01	   5.0534791805945556e-01	   3.4017398787744602e-01	   5.9403398037465216e-01	   7.1925603214475975e-01	   6.3256805892324552e-01	   5.7906695300316802e-01	   5.1111721669962928e-01	   5.2371876824718866e-01	   3.5704159019373288e-01	   6.9369416054943933e-01	   5.7918472980232361e-01	   7.2589307017857507e-01	   7.6137520229570821e-01	   5.3368307894965650e-01	   6.8403443220588134e-01	   5.7418834573718280e-01	   8.8726522068043712e-01	   6.5469832540080453e-01	   5.6741189177676521e-01	   4.7873117505311247e-01	
   5.4782200407345527e-01	   5.4579757556046049e-01	   6.5392457135985627e-01	   5.2109354326751856e-01	   3.2766159764274816e-01	   7.0423826566281156e-01	   6.8934069918950436e-01	   4.9159480503912167e-01	   3.5888295476751358e-01	   6.5299899932802852e-01	   6.7709546728050107e-01	   5.2439129819095276e-01	   5.0629967658396546e-01	   6.0005922873845519e-01	   7.9287922888506235e-01	   0.0000000000000000e+00	   5.1149613049683285e-01	   7.2101153741415547e-01	   6.3242615915977229e-01	   7.3995620861948586e-01	   6.5619764443216910e-01	   4.7712191912851137e-01	   6.9574708950949238e-01	   6.5205086346223673e-01	   8.0456581760311541e-01	   8.9391789746321337e-01	   7.6528228433654466e-01	   5.8398758739227852e-01	   7.1066124535690367e-01	   7.4089936095107767e-01	   8.3392146110539778e-01	   7.3134356661632827e-01	   7.5277036769135985e-01	   7.2306883825121693e-01	   4.2972757584781013e-01	   2.3033753158885556e-01	   3.5949545685760964e-01	   7.3833697230468309e-01	   4.9105188611478978e-01	   5.4134398260005900e-01	   2.8059032350895974e-01	   6.4761217603310550e-01	   6.3687639249988837e-01	   6.6716433038459821e-01	   7.5873256122519117e-01	   7.1354519601935462e-01	   5.8483579024892962e-01	   7.8420934507275919e-01	   4.5311778802960789e-01	  -2.2986068372111809e-02	   4.0217354916426490e-01	   7.1891649976091765e-01	   4.0758857339562715e-01	   7.8112711328193130e-01	   5.6101632215442465e-01	   6.0589279776884719e-01	   6.4775012520374164e-01	   5.7468679386902055e-01	   5.8364677672827225e-01	   7.2920095577775812e-01	   4.9301491712279144e-01	   7.2938339522468110e-01	   4.8524451175386080e-01	   6.5729426485558795e-01	   6.6031306025428405e-01	   7.5640463591928186e-01	   7.8762700583933776e-01	   7.8625902689840044e-01	   7.4728806189307517e-01	   8.6662541320269182e-01	   4.3134839870593822e-01	   3.0111614895964789e-01	   6.7590015431936856e-01	   7.2389332318577004e-01	   6.9430763198640966e-01	   7.9490094325685456e-01	   5.5107298513156266e-01	   7.6401098217463415e-01	   5.5133864557722656e-01	   6.2041017187062542e-01	   8.5261504659701715e-01	   9.1988183659328948e-01	   9.5442701425132026e-01	   8.4635900288049482e-01	   6.2806519856835274e-01	   8.2377248867575592e-01	   8.5272662455642367e-01	   8.9489267018814078e-01	   3.5518170857709419e-01	   6.5386471087542264e-01	
   7.0135259894739899e-01	   1.3340334317816172e-01	   3.0942047344972456e-01	   1.0630666509641479e-01	   2.4002483892040805e-01	   5.0254926019636548e-01	   5.0518627805203598e-01	   3.1718363559937054e-02	   1.4034551920398439e-01	   1.4420502669822699e-01	   5.8362989285485023e-01	   1.9914368842307612e-01	   3.1547518227331839e-01	   2.2332332364085472e-01	   2.3479321339961456e-01	   5.1149613049683285e-01	   0.0000000000000000e+00	   2.8869001410294848e-01	   2.6634693572378443e-01	   4.8982445139829206e-01	   4.0875553974410039e-01	   3.7842772445072193e-01	   2.6300006949997096e-01	   1.7399166720019116e-01	   4.5350782248767096e-01	   4.8595519591146036e-01	   1.6260679465852435e-01	   2.0139401860416350e-01	   7.5399561643845514e-01	   5.0014932791187605e-01	   5.0619201251206358e-01	   2.9966087501362809e-01	   3.3321905648943717e-01	   2.7279607310962878e-01	  -2.9432380912294059e-01	  -3.1934165161892725e-01	   3.2072604697576307e-01	   1.7198437849097342e-01	  -4.6292276170735794e-03	  -1.6705576050275889e-01	   3.0986582390953338e-01	   2.7710773257480281e-02	   1.3720348474685218e-01	   1.5980897277173445e-01	   3.3577360712667847e-01	   2.8896565602903829e-01	   4.8662347517399583e-02	   2.6706092227261014e-01	   3.0542178758733318e-01	   3.5693903012506456e-01	  -1.0376036099753369e-01	   2.9881781501174309e-01	  -7.9534586113122571e-02	   3.0645156045594879e-01	   3.3294466075635014e-02	   2.4829157873217431e-01	   7.9647925821723242e-01	   9.7978907162844464e-02	   7.4468214797202470e-01	   4.5436208529580679e-01	   6.3120988514950527e-01	   2.2907649731438326e-01	   6.5173769803377102e-01	   2.3951260481772141e-01	   1.1867047524952226e-01	   2.4892772732933133e-01	   3.2901511865792488e-01	   3.2997768700240337e-01	   5.1898610933368694e-01	   5.0310716885509832e-01	   2.8409857403797734e-01	   2.7767692621847967e-01	   1.4617771499889137e-01	   1.9785298384003969e-01	   1.7176855331118640e-01	   4.3689034671056443e-01	   2.2144948869694742e-01	   3.7346520823754603e-01	   8.6951343804341874e-01	   2.5250493304866184e-01	   6.3211311365352851e-01	   5.9659865155392600e-01	   5.7633956863446523e-01	   6.7122669603645968e-01	   1.5652455474666785e-01	   4.3442593182035294e-01	   3.2146827479897327e-01	   6.1259452273986104e-01	  -1.4227801509274102e-01	   4.4950233429567915e-01	
