   0.0000000000000000e+00	   8.1545505289112130e-01	   3.7878926663032697e-01	   4.3464321784890725e-01	   5.1372828136239113e-01	   3.7706839410115922e-01	   4.6035197563894420e-01	   5.3797398794296081e-01	   7.4236901306020209e-01	   2.6621017332181962e-01	   6.3941370549933918e-01	   7.0504370124450355e-01	   6.7772605063387070e-01	   5.9439109038711835e-01	   7.5961204862478005e-01	   6.0526155836124951e-01	   5.9368569228844281e-01	   3.4816609147372313e-01	   6.7996331490725181e-01	   7.3622513571048254e-01	   4.2025547416944697e-01	   4.9661678268287501e-01	   3.0810907037987467e-01	   3.0016610615696293e-01	   3.5311346205022826e-01	   4.0971285683784064e-01	   4.1811556490551072e-01	   3.5179498210059346e-01	   6.1812352860232500e-01	   4.6072938048058620e-01	   2.0645864918349882e-01	   1.5638797549489902e-01	   4.4368805876087358e-01	   4.7919326444996790e-01	   3.8244573359293610e-01	   3.2565797688246750e-01	   4.2382233661111102e-01	   2.7800734921878439e-01	   2.8153104330824291e-01	   1.2145112794041252e-01	   2.9567574957493648e-01	   1.8521635107277934e-01	   6.9728727288683123e-01	   6.6796733515184892e-01	   7.3635058326590141e-01	   7.5529246449419962e-01	   6.9221418507031263e-01	   7.5191685738339631e-01	   7.2782567108273200e-01	   6.8068673378369726e-01	   6.7592697270687196e-01	   6.3926470392960655e-01	   6.3195980467689172e-01	   5.3902636083951561e-01	   5.2694653293052707e-01	   4.7451539571951196e-01	   7.5215118987106944e-01	   8.3188297967011948e-01	   8.1723706699186782e-01	   6.9289207276589437e-01	   8.8856199790210644e-01	   7.2249615951428670e-01	   7.4270841237267171e-01	   6.8071083985155345e-01	   6.6338798686604550e-01	   5.8385013965360688e-01	   7.8204814128768896e-01	   8.2923719755104541e-01	   7.0903675261929766e-01	   7.7550852197102171e-01	   1.5947984548978317e-01	   4.7940646608306908e-02	   5.8299876013224361e-01	   5.6055600503776670e-01	   6.5357045006882630e-01	   5.8592926035015769e-01	   7.1565511932838510e-01	   7.8320086551802959e-01	   4.9834443555518176e-01	   2.4170773341654039e-01	   7.4822987924860540e-01	   7.6855508813356144e-01	   7.5883806483104843e-01	   4.9242201407163722e-01	   6.9663734408013722e-01	   6.6765909314521821e-01	   2.7239325490971716e-01	   5.3270953620308137e-01	   5.7788533090599170e-01	   5.9526517211930763e-01	
   8.1545505289112130e-01	   0.0000000000000000e+00	   6.0006807390513520e-02	   2.6090956093733786e-01	   5.3187693860232477e-01	   4.0099409949818388e-01	   2.1576327356948810e-01	   4.6330543023398540e-01	   4.4516676175380077e-01	   3.5530006298690270e-01	   5.3757763736289910e-01	   7.7213703298328595e-01	   4.9691748303925115e-01	   5.2806236645529336e-01	   5.3973996635583665e-01	   5.2796962338215714e-01	   4.8386442384099548e-01	   3.5063002018578726e-01	   7.1103675795778742e-01	   7.6128074551207903e-01	   3.1688599603133749e-01	   5.9441030747553236e-01	  -2.1038380557443812e-02	   8.3732584415857930e-02	   2.2301090204995780e-01	   1.2453509946997121e-01	   2.4244669096639404e-01	   1.6099716716215123e-01	   6.3487128142310112e-01	   7.2528445017567256e-01	   1.8259414593267678e-01	   1.0909098706443073e-01	   4.1290193636323280e-01	   5.3044463126194585e-01	   4.2325774016231207e-02	   4.6366559997605035e-02	   4.7117109516477190e-01	   4.8905274685802735e-01	   9.8292353622207340e-02	   2.6729118758404957e-01	   2.8302721723432223e-01	   2.7962335798124605e-01	   5.1395259364264345e-01	   5.0529846784239441e-01	   5.2676858232746238e-01	   5.9520383826335443e-01	   5.6107253913999744e-01	   6.4811193260792521e-01	   7.7301379550562088e-01	   7.1546068907918703e-01	   4.8816695836829976e-01	   6.1124623358342645e-01	   6.5576517417249669e-01	   5.2529673399318222e-01	   5.2146351573320571e-01	   3.7546177754284948e-01	   6.5660235972136494e-01	   8.0388667565751326e-01	   8.3345219600934373e-01	   8.1244688460759029e-01	   8.1799872556551856e-01	   7.9578546519804383e-01	   7.5822629649730588e-01	   6.5785749150547157e-01	   3.0105199170712260e-01	   5.2644090195268911e-01	   5.0335753338258393e-01	   6.1509844247622802e-01	   6.4425798241616206e-01	   7.0681018185326516e-01	   3.3635929178256037e-02	  -9.3512052166146331e-02	   4.5076480979134442e-01	   5.1409658536486291e-01	   5.7628915388045820e-01	   4.2983975425990195e-01	   5.8107775661810601e-01	   6.4959069526149482e-01	   4.2728403726247138e-01	   3.7249004395504454e-01	   6.0904757651225228e-01	   6.6682486073282332e-01	   8.0256972009047844e-01	   6.4102378669586979e-01	   4.7933250529519378e-01	   4.7871898309141381e-01	   2.4541434346657603e-01	   4.6910568620650744e-01	   3.3753393219439792e-01	   3.8651516816533610e-01	
   3.7878926663032697e-01	   6.0006807390513520e-02	   0.0000000000000000e+00	   8.4481315779705235e-01	  -2.2593732865069733e-02	  -1.0290189790066173e-01	   9.2063785540560605e-01	   6.9953349103569840e-01	   5.4611775248498973e-01	   1.6618245539219462e-01	   4.2208476492335889e-01	   2.2707707748719541e-01	   6.0813668107012742e-01	   6.4545572151048591e-01	   2.8403748826857411e-01	   2.4291401956858699e-01	   2.7848295969692416e-01	   2.8492114557006465e-01	   9.1716478842007856e-02	   1.4866323762826572e-01	   4.1586680768978901e-01	   4.5669576243712290e-02	   9.4601229545068599e-01	   9.1701875813632416e-01	   6.0981229236358736e-01	   4.3450153995042839e-01	   2.3083997692909233e-01	  -1.9654868766549763e-03	   2.7396763756455544e-01	   9.6413158272837911e-03	  -2.4192985071909048e-01	  -2.5936729994678420e-01	   2.6799942382206032e-01	   1.9313334572515087e-01	   7.8938425347379126e-01	   7.4016550964916894e-01	  -2.0995558185987556e-02	  -1.0431934323399947e-01	   2.4562533683372559e-01	  -2.2535781028549240e-01	   2.6917438529847676e-01	   2.1155907727034395e-01	   6.8591622830366483e-01	   6.9632634927663717e-01	   4.1843000056729701e-01	   5.2195088672078538e-01	   5.6126474609696375e-01	   5.6585176058927300e-01	   1.6411905870428942e-01	   3.9227943903538931e-01	   7.5032612127672071e-01	   5.7797085387919500e-01	   5.5208629291684230e-01	   6.0447997544194365e-01	   5.0666959289151348e-01	   6.9210161553846483e-01	   2.9349121635581454e-01	   2.0088535064127550e-01	   6.3676900229302745e-03	  -2.3046663107894186e-01	   2.4639432079895160e-01	   2.3787727623434485e-01	   3.1780725901869500e-01	   4.4093994909315026e-01	   6.5845790130426085e-01	   3.2538925976129063e-01	   4.5178878035088188e-01	   5.4043760657332762e-01	   1.0530731394932297e-01	   2.3097469137137211e-01	   1.4514958283952636e-01	   6.1752198092340463e-02	   2.0294674853488318e-01	   2.1157925113544759e-01	   2.1165166548689318e-01	   3.3399131968697504e-01	   5.9939086495367200e-01	   5.4518362624138417e-01	   1.7303431374297454e-01	  -1.8505112484451586e-01	   5.1452752040918648e-01	   3.9970950767643348e-01	   8.8489409019926094e-02	   1.7292350567235767e-01	   6.0155322314137727e-01	   6.3567755977143348e-01	  -4.9701725165952740e-02	   1.2410482303944022e-01	   7.5405680030653321e-01	   8.2039306016483504e-01	
   4.3464321784890725e-01	   2.6090956093733786e-01	   8.4481315779705235e-01	   0.0000000000000000e+00	  -1.2647275442924497e-02	   1.4250227506764926e-01	   8.8815078426305216e-01	   9.0004927714126715e-01	   5.1962058527308408e-01	   4.3956819626308014e-01	   4.8737657921315275e-01	   4.6696753209623115e-01	   6.5496952651242535e-01	   8.0683813274612093e-01	   3.4371455730709211e-01	   4.3535576530916531e-01	   3.7696172670828720e-01	   3.8854016248736600e-01	   1.8534824190633620e-01	   3.2124377126331183e-01	   3.8029295891568943e-01	   1.9686199146297501e-01	   7.6525262293418173e-01	   8.7873702376934260e-01	   5.7154097071378784e-01	   3.5291769669024620e-01	   1.6434811452865289e-01	   3.7468800658242039e-03	   4.5322025694452539e-01	   3.5144006080815693e-01	  -1.7378962070229428e-01	  -2.2444679381714430e-01	   4.1267619643362685e-01	   4.1481217320219349e-01	   6.9879662233445972e-01	   6.9077971281272010e-01	   4.0056265013887773e-02	   8.1778119933378399e-02	   1.8065648774348902e-01	  -7.3438644583919951e-02	   2.7348167527988543e-01	   3.7089976362237020e-01	   6.9627833472274825e-01	   6.9574522353622936e-01	   4.2835785520127911e-01	   6.0791668828647660e-01	   6.1869698641240811e-01	   6.3531832613480932e-01	   3.3780246130054403e-01	   5.2563575622252157e-01	   8.1686766287607981e-01	   6.6067684907602753e-01	   7.1357425008541941e-01	   6.9219621376580653e-01	   6.1568055742465078e-01	   6.6634120051824430e-01	   3.7734185509723406e-01	   3.0435813224918007e-01	   1.3659212937934104e-01	  -6.0903423792852747e-02	   3.9109769603168798e-01	   4.5943464028862574e-01	   5.1736667562593941e-01	   5.9835522212836345e-01	   6.4423329884108260e-01	   5.7887488438631785e-01	   4.9565744813711016e-01	   6.4495644105728911e-01	   1.3916640555029891e-01	   2.9018378954685919e-01	   1.3813577073719124e-01	  -3.5028054499189623e-02	   3.5382989305859891e-01	   4.1802723861166818e-01	   4.6111333874582539e-01	   4.0587671326195512e-01	   6.9586871545627571e-01	   6.5202283084567025e-01	   3.1319663061286668e-01	  -4.9878329711616931e-02	   5.9458547214326840e-01	   4.4767171713181497e-01	   2.0867377161448319e-01	   3.5218817249295403e-01	   6.1181710873267370e-01	   6.4414534144918045e-01	  -1.1803700253772889e-01	   1.1435525154629345e-01	   7.8496497350775196e-01	   7.9654887574106792e-01	
   5.1372828136239113e-01	   5.3187693860232477e-01	  -2.2593732865069733e-02	  -1.2647275442924497e-02	   0.0000000000000000e+00	   5.2616624807622137e-02	   2.2254060761719249e-02	   7.8385566505051227e-02	   4.1902742933151016e-01	  -1.8247558475725140e-01	   1.1117653972430158e-01	   4.7651064626256961e-01	   1.5988879041811871e-01	   2.4321508222515159e-01	   4.6149785205792532e-01	   1.5029496096809680e-01	   3.0300968168969117e-01	   3.2974298978111760e-01	   4.9952635643973742e-01	   5.0731185768045994e-01	   5.5702292366275477e-03	   4.2164515608913222e-01	  -8.4023555816780227e-02	  -6.5588175342944824e-02	   2.4416858323311952e-01	   3.6953605098521813e-01	   3.0406612771257596e-01	   3.6333407625205016e-01	   4.1010736464455834e-02	   2.6643320496769340e-01	   1.4984124436888019e-01	   3.1576436415294329e-01	   2.7488484880887892e-01	   2.7906639933734378e-01	  -1.1989491313070012e-02	  -1.4443765257583963e-01	   1.2542713255172408e-01	   2.4037696488758092e-01	  -1.1573508723211912e-01	   9.7614683202819574e-02	   1.4358243465929343e-01	   7.3295249261462136e-02	   3.1986137773051165e-01	   2.0910425667641297e-01	   4.7664953685078792e-01	   3.7116212158959377e-01	   3.0338683471066202e-01	   3.4739730750882736e-01	   4.9821516552779632e-01	   4.0295824278467135e-01	   1.9009608631389699e-01	   2.8639126170833429e-01	   2.7630779901132152e-01	   2.2731404564507413e-01	   1.8274542462811505e-01	   1.4647980459965615e-01	   4.0679500236176802e-01	   5.3112327529874759e-01	   6.5761389444851137e-01	   7.3045124503001146e-01	   4.2886670940728461e-01	   3.6896927149629766e-01	   3.1048965511680354e-01	   2.4343793386893908e-01	   2.6832954964780381e-01	   2.8066873655609909e-01	   4.8094864844407054e-01	   4.7086230774342430e-01	   5.1988523034783218e-01	   6.1256472248084348e-01	   7.6872032209284069e-02	   5.0337616760083616e-03	   2.9233731945330521e-01	   2.7678280811851907e-01	   3.3949026602110399e-01	   2.7093290928395308e-01	   3.7512806481152683e-01	   3.4654533377055280e-01	   1.4305240589417839e-01	   5.6307760854878777e-02	   3.3838278446531467e-01	   4.0983849760917596e-01	   6.1458442121265855e-01	   3.8230154667711858e-01	   1.5964184980453688e-01	   2.6751375508936615e-01	   3.6138486085004362e-01	   4.8103357280258152e-01	   5.7809319246160798e-02	   1.7147051610314473e-01	
   3.7706839410115922e-01	   4.0099409949818388e-01	  -1.0290189790066173e-01	   1.4250227506764926e-01	   5.2616624807622137e-02	   0.0000000000000000e+00	  -1.5764100080901400e-02	   3.6939312405455449e-01	   2.8148791907845438e-01	   8.0865919831723376e-01	   3.6357836013460032e-01	   4.0060555782744778e-01	   4.6571247246953801e-01	   1.5947119693670231e-01	   3.5279482707108811e-01	   6.8771800097550684e-01	   1.9119553709234541e-01	  -1.4359876432850233e-01	   3.9163830869253369e-01	   3.3739254800976021e-01	   3.3389501964051749e-01	   6.2497247025712843e-01	  -1.5862560874550169e-01	   4.2219173843364217e-02	   1.4298167378627108e-01	   2.2907527658761756e-01	   2.5119897067342312e-01	   2.9156689951688930e-01	   6.6241411368974934e-01	   5.3510169185029954e-01	   3.7284664540223117e-01	   1.4833725891729910e-01	   1.9231983923578555e-01	   2.9865089208471540e-01	  -2.2336974562365945e-02	   6.7984572514731251e-02	   2.1559947429544105e-01	   2.0446175302492284e-01	  -2.2831918484611977e-01	   4.3904899273616418e-02	  -2.2513386150222386e-02	   2.2977139532378499e-01	   1.1792680154073348e-01	   8.5692620815092602e-02	   2.1708409430223594e-01	   2.4867019222451142e-01	   6.1826182520921993e-02	   1.7804881882288093e-01	   3.5432387377072461e-01	   2.6698264401753780e-01	   1.9227026824813828e-01	   2.3657788509425920e-01	   2.3170258840039162e-01	   1.4184919552572492e-01	   5.3401976561401783e-02	  -1.4856056230140674e-01	   1.6339507504528389e-01	   3.1319635818084618e-01	   2.3372541713058825e-01	   2.6427564935580689e-01	   3.5680063356176428e-01	   4.3533949795066429e-01	   3.9158618888901359e-01	   3.3554699910197633e-01	   1.9676064688625114e-01	   5.2941185515988842e-01	   1.4792077686214283e-01	   2.5773708529626765e-01	   1.2014988968749302e-01	   1.7126785957713259e-01	   3.9727227444878044e-01	   2.4430374275232189e-01	   4.5834813257805579e-01	   3.1948732258703388e-01	   6.0439209627010904e-01	   3.2832995563187245e-01	   2.1053332980549838e-01	   3.9291178593080212e-01	   2.5900124318951279e-01	   5.0141947929767305e-01	   3.3945914505113245e-01	   4.4395375288586764e-01	   3.4043062431330762e-01	   3.7745449798665653e-01	   3.6810080891727959e-01	   3.6871413741593734e-01	  -2.0179397913384947e-01	   1.1727990499392307e-01	   1.7035437231774631e-01	   8.2058366357409429e-02	
   4.6035197563894420e-01	   2.1576327356948810e-01	   9.2063785540560605e-01	   8.8815078426305216e-01	   2.2254060761719249e-02	  -1.5764100080901400e-02	   0.0000000000000000e+00	   7.9314014626429463e-01	   5.1028748497948806e-01	   2.8417455744165870e-01	   5.4437482895306255e-01	   4.1262922715354244e-01	   6.9254725481773027e-01	   7.9196274034330483e-01	   2.5885076807327290e-01	   3.1525379921103719e-01	   4.1913420376045724e-01	   4.6704886337338292e-01	   1.6230823362390195e-01	   2.8073175302584352e-01	   3.3256050104207069e-01	   8.5002813106046571e-02	   8.2884671302919610e-01	   8.7146998382598584e-01	   4.9828348825036034e-01	   3.4181313692631987e-01	   1.6038871523045367e-01	  -8.5683867890727385e-03	   3.6811789019965280e-01	   2.1586615761063954e-01	  -1.5869456171314092e-01	  -1.4836411951142311e-01	   4.3465862173764502e-01	   3.7368493511611928e-01	   6.8160137090516082e-01	   6.4148808128423307e-01	   5.4697919380750658e-02	   5.1338098939505743e-02	   2.1635686149817554e-01	  -1.0379252960209595e-01	   2.4417740634462476e-01	   2.8212184037216337e-01	   7.4832270395134903e-01	   7.6154302198184143e-01	   4.7157595742378156e-01	   6.3641092669895483e-01	   6.2127779688449025e-01	   6.5210613277554386e-01	   3.0213423264800826e-01	   5.0804248109390626e-01	   7.9990779311841820e-01	   6.5149618535505527e-01	   6.2092578191548653e-01	   6.9041954964096108e-01	   5.3250978338410904e-01	   7.5531308299119337e-01	   4.1131401840914150e-01	   2.7704079069219550e-01	   1.4311429867154771e-01	  -1.0571647677417044e-01	   3.9174817458440431e-01	   4.2603756532413656e-01	   4.5400437222037193e-01	   5.9767221973967000e-01	   6.0295594619997772e-01	   4.9736573479722668e-01	   4.4945613984493366e-01	   5.9798191867404205e-01	   1.6575446728491486e-01	   3.0718758720656236e-01	   1.8911576394429652e-01	   9.8794745608018819e-02	   2.1815008084733239e-01	   3.4705765158442514e-01	   2.8327121574027625e-01	   3.1719287256142409e-01	   6.6179494012276319e-01	   6.2318951302259151e-01	   2.5719793424970561e-01	  -1.0679019708845705e-01	   5.8161016770921314e-01	   4.4420318447557572e-01	   1.9997674552097230e-01	   3.4128801946809939e-01	   5.6033978522898142e-01	   6.5452218748755797e-01	  -2.4881594888234191e-02	   1.8587007599553951e-01	   6.9712574850590747e-01	   8.3930616578447981e-01	
   5.3797398794296081e-01	   4.6330543023398540e-01	   6.9953349103569840e-01	   9.0004927714126715e-01	   7.8385566505051227e-02	   3.6939312405455449e-01	   7.9314014626429463e-01	   0.0000000000000000e+00	   5.5238044359420546e-01	   6.3411912024609085e-01	   4.8512772577064878e-01	   6.5784160981008621e-01	   7.3954421340852239e-01	   8.5930983539105987e-01	   4.3913827278478623e-01	   6.1323723390748408e-01	   4.2755436829292737e-01	   3.9946457823570325e-01	   4.1593038095460833e-01	   5.4237847388661653e-01	   4.5227484413428076e-01	   3.7030017040886554e-01	   6.0322949960505534e-01	   7.7821993297692704e-01	   4.9457863052065987e-01	   2.7023119339295509e-01	   2.5189858793084058e-01	   6.1324482905913649e-02	   6.4761047303877517e-01	   6.1175242169605626e-01	  -3.8615927769472869e-02	  -1.7211755180217919e-01	   5.1070061228370756e-01	   5.7691589121303632e-01	   5.5297563258798443e-01	   6.0880602108392079e-01	   2.1287707607060710e-01	   2.9735915804736518e-01	   1.4168004255684344e-01	   5.3517538848450771e-02	   3.9883393945469559e-01	   5.1593641106274302e-01	   7.4456692606796215e-01	   7.5273702859945846e-01	   5.3822938941641130e-01	   6.9508084483175470e-01	   6.9414705274259147e-01	   7.3205570801704556e-01	   5.2186552490029092e-01	   6.3519290005444717e-01	   7.9149431136960202e-01	   7.0547107262752495e-01	   7.9927542479821168e-01	   7.3158624510897663e-01	   6.3233318623222989e-01	   6.0427924348068363e-01	   4.8244162002386332e-01	   4.9614490131613165e-01	   2.9173292407381690e-01	   1.3619562980103328e-01	   5.5060325144760902e-01	   6.7016878511129452e-01	   7.0412575202213112e-01	   7.5465397332827400e-01	   6.2436891336902200e-01	   7.3927016515142108e-01	   4.7557908473172261e-01	   6.8378100842789769e-01	   2.9522330367276067e-01	   4.2622881364862131e-01	   2.3821337140546667e-01	  -4.7125923492474776e-02	   5.2209775372100220e-01	   5.7380174968936815e-01	   6.0814865247748418e-01	   5.6149979797578664e-01	   6.9959889786759399e-01	   7.1556867284193959e-01	   3.2397313512410036e-01	   8.6821920590880952e-02	   7.3014094180640821e-01	   6.3746044619535658e-01	   3.7063339873539053e-01	   5.6587647070983627e-01	   7.0233676763212505e-01	   7.1761404776350779e-01	  -1.6736608749021981e-01	   1.5892165305578931e-01	   7.6429005159410979e-01	   7.6958531893464643e-01	
   7.4236901306020209e-01	   4.4516676175380077e-01	   5.4611775248498973e-01	   5.1962058527308408e-01	   4.1902742933151016e-01	   2.8148791907845438e-01	   5.1028748497948806e-01	   5.5238044359420546e-01	   0.0000000000000000e+00	   2.8498844845344162e-01	   4.9353825723358846e-01	   4.5144851327621827e-01	   6.7087855423603404e-01	   5.5442499634067954e-01	   8.1526743909038868e-01	   5.9906254659217895e-01	   5.1445461533760706e-01	   2.3585835522493398e-01	   4.5308584279633235e-01	   4.9480840034130580e-01	   5.3835431250747123e-01	   4.7383040374226970e-01	   5.3075036690272337e-01	   4.8585187225084514e-01	   4.9067910378120139e-01	   5.5885796353872796e-01	   4.3992921854870382e-01	   3.3119344606892281e-01	   4.5324861510590408e-01	   2.2643254463689166e-01	   1.6738430297847118e-01	   6.2650965068220321e-02	   2.6899009049311690e-01	   2.7275075065214088e-01	   5.4836029826757549e-01	   4.2034381337456295e-01	   1.0859594152953918e-01	   3.3694309420551044e-02	   2.2394061418382444e-01	  -9.0173127042214862e-02	   2.7943078489017126e-01	   2.4871281378033205e-01	   6.1092421450617318e-01	   5.5748063695336880e-01	   6.6305696378894885e-01	   6.0115938633103705e-01	   5.1993654859911420e-01	   5.4725171479041756e-01	   4.9841162245833437e-01	   4.6880657112267521e-01	   6.4570553163369093e-01	   5.2532806432903678e-01	   5.2919175003800345e-01	   4.7224072970301012e-01	   4.6587547395730755e-01	   4.0341340435091316e-01	   4.8840435436222313e-01	   5.7837183810469139e-01	   4.6813678662395358e-01	   3.8997952776067557e-01	   6.1255525052817983e-01	   5.2042993430941298e-01	   5.3257678335080982e-01	   5.2123837144737595e-01	   7.9639332088454950e-01	   5.7191151764363479e-01	   6.5357896391439041e-01	   6.7853656512323512e-01	   4.6247454151134604e-01	   5.1875584776080963e-01	   2.8708730095026530e-01	   1.1988924218399516e-01	   5.7132280734057628e-01	   4.2114165599885900e-01	   5.8336542509938716e-01	   5.4485699000693422e-01	   5.9601987118056554e-01	   6.2489044445036979e-01	   4.2173739194402787e-01	   8.5602116514816029e-02	   6.4119405316742206e-01	   6.2299537512066117e-01	   5.1351248202502264e-01	   2.8346368783411591e-01	   6.8118183084688311e-01	   5.7740150409023594e-01	   2.3838635952200785e-01	   3.7868527485857789e-01	   6.5663404095917999e-01	   5.6805727703979492e-01	
   2.6621017332181962e-01	   3.5530006298690270e-01	   1.6618245539219462e-01	   4.3956819626308014e-01	  -1.8247558475725140e-01	   8.0865919831723376e-01	   2.8417455744165870e-01	   6.3411912024609085e-01	   2.8498844845344162e-01	   0.0000000000000000e+00	   3.8141292764960111e-01	   4.0850525963804291e-01	   5.3832438005521477e-01	   3.7684998784579338e-01	   2.0714743333593455e-01	   6.3104185141770575e-01	   2.2107407771459292e-01	  -2.7325107930585544e-02	   3.3499372825491158e-01	   2.7426742152921990e-01	   4.4842448197818369e-01	   5.7506917369327692e-01	   1.0010182477039946e-01	   3.3312777678518868e-01	   2.7522272899594347e-01	   9.5868674061977466e-02	   9.2263606962607825e-02	  -2.5713853275730399e-02	   7.3377643572125550e-01	   6.3444201800515820e-01	   1.4602173314885875e-01	  -1.2952277941052243e-01	   2.5191195055944365e-01	   3.4947428152973742e-01	   8.3452697975972476e-02	   2.2010472076642176e-01	   1.4081143638558252e-01	   2.0725255641526547e-01	  -1.3590891446554643e-01	   3.1281917535323403e-02	   1.3115374536603380e-01	   3.7441746153743322e-01	   2.1120866007646832e-01	   2.3154244680291963e-01	   1.0633741646287254e-01	   2.4900101545355349e-01	   1.7817426046206702e-01	   2.5267241114684486e-01	   2.7860337450678474e-01	   3.2897022425906919e-01	   3.3225242381365694e-01	   3.9308089460382484e-01	   4.4512524542699133e-01	   3.6707334637450251e-01	   2.6695579327171259e-01	   1.3649963197212350e-01	   2.0502092935456373e-01	   2.7609198429577259e-01	   8.8915216828531513e-02	   8.4652717391965129e-02	   3.4975852386239842e-01	   5.4325670365095458e-01	   5.1414806561793092e-01	   5.0861260676523146e-01	   1.6984060578551355e-01	   5.6104258913776905e-01	   8.8256524456478760e-03	   2.2276312092259745e-01	   7.4034310375739987e-02	   1.1398870797950408e-01	   3.3195451348435900e-01	   1.9075005656675187e-01	   4.3895222059887645e-01	   3.1535214175067361e-01	   5.3120695177153598e-01	   3.0865611337082699e-01	   2.8583963350087971e-01	   4.3840072365130656e-01	   2.2797584180185457e-01	   3.9659029786603056e-01	   4.2821528769986045e-01	   4.5920963566677209e-01	   2.3702776426383448e-01	   4.2619165218959099e-01	   4.7026168131361523e-01	   4.4061878700208768e-01	  -2.6943528798443206e-01	  -1.2931378358838118e-02	   3.5332822947154702e-01	   3.0656280887291010e-01	
   6.3941370549933918e-01	   5.3757763736289910e-01	   4.2208476492335889e-01	   4.8737657921315275e-01	   1.1117653972430158e-01	   3.6357836013460032e-01	   5.4437482895306255e-01	   4.8512772577064878e-01	   4.9353825723358846e-01	   3.8141292764960111e-01	   0.0000000000000000e+00	   4.0434592791857488e-01	   8.1327890363975319e-01	   5.2737317406536199e-01	   4.4872257137864746e-01	   5.7633803487261592e-01	   4.8427819193854377e-01	   2.0849965512396593e-01	   3.4444172700458275e-01	   3.7441369038754030e-01	   3.6453338839440919e-01	   3.0267076656806335e-01	   3.8568649007171585e-01	   4.1622133695102359e-01	   3.1777719721034636e-01	   3.0979602023049724e-01	   2.3738054150487270e-01	   1.8596093263827654e-01	   6.4375272709602915e-01	   3.5861529273849047e-01	   2.6937715426395548e-01	   2.4779554644165294e-01	   5.1205260410375808e-01	   4.5158068330598755e-01	   3.4076308959667490e-01	   3.3839721799525724e-01	   1.3182025558514393e-01	   9.0441238108839757e-03	   1.5735800219212806e-01	  -2.8715979641786262e-02	  -7.1934272068948354e-02	   2.0089988621018687e-01	   4.1926260211843652e-01	   4.5072026076761229e-01	   3.8171036261962216e-01	   5.2025609323352984e-01	   3.7022947996545863e-01	   4.3507067181844888e-01	   4.0630543112241935e-01	   3.9304886575897507e-01	   5.4029937923755922e-01	   4.4096275415985631e-01	   3.8186507802959579e-01	   3.7635132934005144e-01	   2.7834046475587620e-01	   3.2487997309682415e-01	   4.3706745153441906e-01	   4.4873413211926205e-01	   3.2683165187146518e-01	   2.1346266079027662e-01	   5.7203278428168136e-01	   5.5650279644783618e-01	   4.9900497619689715e-01	   5.6834409565107102e-01	   4.4771401741034328e-01	   5.1155069947076437e-01	   4.1768357502886067e-01	   4.8075662743825298e-01	   2.3342930839665432e-01	   3.3514154813255004e-01	   2.2773213105880130e-01	   3.2349096722491599e-01	   3.2540751783596683e-01	   2.5342720960527088e-01	   3.6718236389909431e-01	   2.4034340349520872e-01	   5.5645104635948894e-01	   6.2295575956602267e-01	   4.0136649913958078e-01	   4.5116198391894458e-01	   4.6521302072977799e-01	   4.7084828707557702e-01	   4.5671009483680836e-01	   3.5396691202026459e-01	   5.1798675744226086e-01	   5.0738348037105019e-01	   1.0967413546987270e-02	   1.8709527630633113e-01	   4.4208317235155697e-01	   3.8147894235355151e-01	
   7.0504370124450355e-01	   7.7213703298328595e-01	   2.2707707748719541e-01	   4.6696753209623115e-01	   4.7651064626256961e-01	   4.0060555782744778e-01	   4.1262922715354244e-01	   6.5784160981008621e-01	   4.5144851327621827e-01	   4.0850525963804291e-01	   4.0434592791857488e-01	   0.0000000000000000e+00	   5.3641539501973368e-01	   7.7493298185979775e-01	   4.4416715905305176e-01	   5.2810015410267597e-01	   4.2660895417858014e-01	   4.8514199267375624e-01	   5.1804369995402255e-01	   7.1650456978522836e-01	   1.7069019368717472e-01	   3.9808441532989047e-01	   1.3706647265683136e-01	   2.6438781374471293e-01	   2.3195918234425020e-01	   1.3792622301320784e-01	   1.5798041685257599e-01	   1.1112957160236983e-01	   5.0346149482697056e-01	   6.8351599910641214e-01	   4.5361329263117561e-02	   6.4806123219624118e-02	   3.5405453746933341e-01	   4.4208416894605351e-01	   1.5312064150312862e-01	   1.2116513930082273e-01	   4.7618772911046470e-01	   5.3922740504097066e-01	  -1.2469242846985957e-02	   2.2454237718024042e-01	   3.2488822122095334e-01	   4.6779081172306225e-01	   6.5793429264993197e-01	   6.1820263639404627e-01	   6.3401514545811477e-01	   7.1821489002189920e-01	   6.1325698176470445e-01	   6.9524756909055141e-01	   8.0191208791224944e-01	   8.1521708093174916e-01	   6.4257468237563864e-01	   7.3726454632266869e-01	   6.8508744076680594e-01	   6.3580371864065288e-01	   4.5927745094791428e-01	   4.4006750865979566e-01	   5.4975321158845591e-01	   6.4625848259146879e-01	   6.7186078468503907e-01	   5.8437297967319646e-01	   7.0424332743663309e-01	   7.8675967618142029e-01	   7.6993297301191932e-01	   7.4057370736110317e-01	   4.3354154081647034e-01	   7.1568875558454315e-01	   4.8058374615811039e-01	   6.8449605398635371e-01	   4.1688208162400592e-01	   5.5486997859833187e-01	   4.8666393440671800e-02	  -1.3665977451409239e-01	   3.6823190509889236e-01	   5.1313204893960640e-01	   5.8449905968879301e-01	   4.2151169980618136e-01	   5.9416937213957599e-01	   6.5563755107234389e-01	   2.8561102779798253e-01	   1.0011097401135741e-01	   6.5800089827506292e-01	   6.0972152763873411e-01	   6.7373193991522773e-01	   7.1296908156991678e-01	   4.3800162812367366e-01	   6.1642592856710565e-01	   1.0545513198796409e-01	   4.4916331904024853e-01	   3.6683235392860897e-01	   5.4453469370217422e-01	
   6.7772605063387070e-01	   4.9691748303925115e-01	   6.0813668107012742e-01	   6.5496952651242535e-01	   1.5988879041811871e-01	   4.6571247246953801e-01	   6.9254725481773027e-01	   7.3954421340852239e-01	   6.7087855423603404e-01	   5.3832438005521477e-01	   8.1327890363975319e-01	   5.3641539501973368e-01	   0.0000000000000000e+00	   6.9855999300037686e-01	   6.2346944350473188e-01	   7.0539263691086973e-01	   4.7556421337313626e-01	   2.1048938377988818e-01	   4.8970152331263744e-01	   5.3254640334028625e-01	   5.0389077014598960e-01	   3.6375500256873916e-01	   5.5073187540145696e-01	   6.4972974386525306e-01	   4.8768978768296933e-01	   4.3306068054938462e-01	   4.6108698564070461e-01	   2.6471733921332757e-01	   7.3852718607501766e-01	   4.4569078207932866e-01	   2.2424186995392709e-01	   1.1675895085487009e-01	   4.9952745176431573e-01	   4.9118468241732782e-01	   5.1607772401185836e-01	   4.7447276612142647e-01	   2.3849392822121007e-01	   1.4648820773179291e-01	   1.8564502026564483e-01	   3.2751136717020533e-02	   1.9149898249649713e-01	   4.3468282915465650e-01	   6.5294332805869759e-01	   6.7879742732421211e-01	   5.8933508982329597e-01	   6.6065462226158866e-01	   5.3011983191605916e-01	   6.3804973010810262e-01	   5.1439279539819616e-01	   5.5698715826155243e-01	   7.0731830803830353e-01	   6.1145723850553002e-01	   5.7359322977981453e-01	   5.9515130313426190e-01	   3.9978566937510329e-01	   4.2540467463047993e-01	   4.3555953039351730e-01	   5.3557389188746174e-01	   2.7859151421956535e-01	   1.6846083221516681e-01	   5.5964458310486043e-01	   6.3103766034005671e-01	   5.8089662104876350e-01	   6.6619682696795568e-01	   6.2941185132683608e-01	   7.0056239311580293e-01	   4.8375898573174142e-01	   5.9873294722555992e-01	   2.9118204363412559e-01	   4.1045551549084569e-01	   3.6891904751977256e-01	   2.1913806909317352e-01	   4.6991755120617273e-01	   4.3043983901633576e-01	   5.1935677319968920e-01	   5.0409003894013993e-01	   5.9683249089317147e-01	   6.8166661268236328e-01	   3.6895554636630040e-01	   2.6133181540995615e-01	   6.5246776007870577e-01	   6.4873799018993306e-01	   4.6660342908456109e-01	   5.0899800911683180e-01	   6.9885398562519963e-01	   7.0937541422464911e-01	  -8.8819744418453347e-02	   2.1781188946329394e-01	   6.3589094885413167e-01	   6.0283265386058393e-01	
   5.9439109038711835e-01	   5.2806236645529336e-01	   6.4545572151048591e-01	   8.0683813274612093e-01	   2.4321508222515159e-01	   1.5947119693670231e-01	   7.9196274034330483e-01	   8.5930983539105987e-01	   5.5442499634067954e-01	   3.7684998784579338e-01	   5.2737317406536199e-01	   7.7493298185979775e-01	   6.9855999300037686e-01	   0.0000000000000000e+00	   3.7928279157612044e-01	   5.0397666760803395e-01	   4.4971855967254754e-01	   5.3081768568955889e-01	   3.4372629040730540e-01	   5.5732875702891860e-01	   2.7449486603467299e-01	   1.9967135065874131e-01	   5.7545991384951289e-01	   6.6672309103021699e-01	   4.1282507335494856e-01	   2.0882881605896600e-01	   1.9057946015045765e-01	  -9.2523512007142983e-03	   4.7657041631963437e-01	   5.3023864084804584e-01	  -9.7693383616738516e-02	  -1.1737780533585629e-01	   4.3388802102830037e-01	   4.4581696199961979e-01	   5.0630383409310498e-01	   4.7537689006607664e-01	   2.8515549082544928e-01	   3.4193816187546400e-01	   1.5997759352861782e-01	   9.0887291227071981e-02	   3.5705156887494577e-01	   4.8616259013343743e-01	   7.7988445752571955e-01	   7.6963609435685953e-01	   6.0978368654870263e-01	   7.5341934415092038e-01	   6.9074771483536024e-01	   7.3447573644578668e-01	   6.1065915216345179e-01	   7.2540045543403120e-01	   8.3755859385841624e-01	   7.6927006113272389e-01	   7.5743997068600177e-01	   7.7704254400784389e-01	   5.9383136444815121e-01	   6.5338441530502678e-01	   5.2013869335823393e-01	   4.9782362422559512e-01	   3.8551828876615046e-01	   2.1742074908514927e-01	   5.6598623608102305e-01	   6.9024626247178600e-01	   6.7428748264592442e-01	   7.7061156776763196e-01	   6.0863968332525875e-01	   7.1455662817279086e-01	   5.1562102206647564e-01	   7.1158827083835763e-01	   2.6648949483576023e-01	   4.2837956640395036e-01	   8.3588405670834531e-02	  -1.0531204439015857e-01	   3.5582789513020624e-01	   5.1160777372927069e-01	   4.8487638534686867e-01	   4.3524348071018104e-01	   6.7796973949472716e-01	   6.7330832705633625e-01	   2.7062227313612441e-01	  -3.5936599485175039e-02	   6.5643338868015033e-01	   5.3071828013395206e-01	   4.1407966269501745e-01	   5.7719058197771722e-01	   5.4124166249444561e-01	   6.2470431210354904e-01	  -1.6047891464842874e-02	   2.6058900664548929e-01	   6.4430933667757595e-01	   7.3609067788900973e-01	
   7.5961204862478005e-01	   5.3973996635583665e-01	   2.8403748826857411e-01	   3.4371455730709211e-01	   4.6149785205792532e-01	   3.5279482707108811e-01	   2.5885076807327290e-01	   4.3913827278478623e-01	   8.1526743909038868e-01	   2.0714743333593455e-01	   4.4872257137864746e-01	   4.4416715905305176e-01	   6.2346944350473188e-01	   3.7928279157612044e-01	   0.0000000000000000e+00	   6.9874226555973873e-01	   4.1863332646805562e-01	   1.4350355045809149e-01	   6.1701904607787994e-01	   6.8543233501429923e-01	   5.1654617753935528e-01	   4.5180102989992499e-01	   2.7821823445569627e-01	   2.8529420906644021e-01	   3.6060579088749367e-01	   5.6265453483200822e-01	   6.8767378305074089e-01	   5.7944398936778696e-01	   5.2840084190203873e-01	   3.0455181078451493e-01	   4.3500782947887573e-01	   2.9924414644059122e-01	   3.5955762016852999e-01	   4.4596180272731040e-01	   4.4146447244002163e-01	   2.8607418452023936e-01	   2.5191628200723637e-01	   1.7724453157669057e-01	   3.5400913951611451e-01	   1.8454927542349131e-01	   3.1846538539753749e-01	   2.9419910555016765e-01	   5.5807162170583513e-01	   4.8517751245288032e-01	   6.9104690882508746e-01	   5.6333293688330244e-01	   5.2037854760467916e-01	   5.7669204172767541e-01	   5.6450275672620209e-01	   4.0246759094718121e-01	   4.9462496359430913e-01	   3.6372492432397818e-01	   3.9339950174880844e-01	   3.0989839702774780e-01	   3.6008805869752192e-01	   2.1044377109503623e-01	   4.4329658674826034e-01	   6.4642291951508613e-01	   5.3829843242835473e-01	   5.3885216112847889e-01	   5.8506427464438859e-01	   4.5090974212470625e-01	   4.1978682766748288e-01	   3.5698654038933375e-01	   6.9432881615298492e-01	   5.3991737116645455e-01	   7.3024971577574349e-01	   6.5216240930448266e-01	   5.6023575150065985e-01	   5.9013674021508999e-01	   2.3724811838697107e-01	  -2.2241374496333365e-02	   6.8722955579840739e-01	   5.7831995384839230e-01	   6.8336168399144925e-01	   6.8703297053055135e-01	   5.2805154807047305e-01	   5.7484942363200475e-01	   4.2407270145679965e-01	   1.8645563860067324e-01	   5.5080269002141602e-01	   5.9462926707620900e-01	   6.4899517345309543e-01	   3.4145048221741253e-01	   6.1005064698176148e-01	   4.4427292911718164e-01	   2.5744814692805040e-01	   3.5658698182960857e-01	   5.1168624260362972e-01	   3.3999942099931912e-01	
   6.0526155836124951e-01	   5.2796962338215714e-01	   2.4291401956858699e-01	   4.3535576530916531e-01	   1.5029496096809680e-01	   6.8771800097550684e-01	   3.1525379921103719e-01	   6.1323723390748408e-01	   5.9906254659217895e-01	   6.3104185141770575e-01	   5.7633803487261592e-01	   5.2810015410267597e-01	   7.0539263691086973e-01	   5.0397666760803395e-01	   6.9874226555973873e-01	   0.0000000000000000e+00	   3.2298368666080696e-01	   9.3836050668434125e-03	   5.7217040397639662e-01	   6.3441235224874437e-01	   5.9665106582659067e-01	   5.7024838246560461e-01	   2.4463580910094893e-01	   3.7420322713522713e-01	   2.0660445910726644e-01	   4.5489461788079699e-01	   5.8090851458851533e-01	   5.4147814709993258e-01	   7.1886316196689926e-01	   5.5427843623315820e-01	   5.3581182102366964e-01	   3.0490363334078951e-01	   4.4883424832006669e-01	   5.3442055567522673e-01	   2.9962236935641551e-01	   2.6469558771993845e-01	   9.5084627295349097e-02	   2.3823166698416520e-01	   9.4789775785769317e-02	   1.2491961221943718e-01	   5.8270009777490701e-02	   3.9183186830576872e-01	   4.6007002849414769e-01	   4.2309342258562188e-01	   4.5776641507667248e-01	   4.6574244116661323e-01	   3.7424803566077458e-01	   4.8560586790368521e-01	   4.8593031256893837e-01	   3.3455030577194067e-01	   4.4721304324523881e-01	   3.5502056115708092e-01	   3.8376283343880324e-01	   3.3651971327350982e-01	   2.1055128896203515e-01	   1.1395958949129706e-01	   3.1403343852401855e-01	   5.2044854034607724e-01	   3.2470576130029977e-01	   3.3177736332600527e-01	   4.9354575139779683e-01	   5.2782942462926408e-01	   4.3338461465168898e-01	   4.5467232283759579e-01	   4.9200631915082893e-01	   6.8431866898136751e-01	   4.4668504619684324e-01	   5.0344038074980835e-01	   3.1697875794637309e-01	   3.6046430299512733e-01	   4.5101692637688379e-01	   2.1042795854678487e-01	   6.6415769458229312e-01	   5.9031249717794321e-01	   6.7684113687637582e-01	   6.2791825690036940e-01	   4.0168250267730760e-01	   5.6408847370244064e-01	   3.4708546770601972e-01	   3.8370662645585030e-01	   4.8934626716458007e-01	   5.6606796758232469e-01	   4.7754744582972297e-01	   4.0399459851970421e-01	   5.0467634645295489e-01	   4.3671190516567276e-01	  -1.2228644434731346e-01	   1.9909638259512749e-01	   4.1973361971096634e-01	   2.6722843707647109e-01	
   5.9368569228844281e-01	   4.8386442384099548e-01	   2.7848295969692416e-01	   3.7696172670828720e-01	   3.0300968168969117e-01	   1.9119553709234541e-01	   4.1913420376045724e-01	   4.2755436829292737e-01	   5.1445461533760706e-01	   2.2107407771459292e-01	   4.8427819193854377e-01	   4.2660895417858014e-01	   4.7556421337313626e-01	   4.4971855967254754e-01	   4.1863332646805562e-01	   3.2298368666080696e-01	   0.0000000000000000e+00	   7.1759298608276789e-01	   5.1995229665548615e-01	   5.7301284052069734e-01	   2.2702165784693407e-01	   4.6596822797864457e-01	   2.5831082095651864e-01	   2.8363024530891534e-01	   1.4309419303100895e-01	   3.1845256175446313e-01	   2.4568509632689411e-01	   2.7140250221812801e-01	   4.1190271351013519e-01	   5.1919479883036967e-01	   3.2270420066583722e-01	   2.9552418081418996e-01	   4.2993771821844906e-01	   5.1309570645036806e-01	   1.6268721722080609e-01	   2.1187112917098394e-01	   2.0698663077976912e-01	   2.5388207965842807e-01	   1.2477805918417767e-01	   8.9725983768966042e-03	   3.0420220232753559e-01	   2.0286892861632477e-01	   4.9390590502674714e-01	   4.4897601321663339e-01	   5.6033523225299742e-01	   5.8342803243415475e-01	   4.5999156536684671e-01	   5.0324840351445110e-01	   4.5258242566731399e-01	   3.8201933936489030e-01	   3.8030706673230136e-01	   3.4467255298254273e-01	   4.1510126532147978e-01	   4.2409874283501875e-01	   3.4277910765487934e-01	   4.1254406091443974e-01	   8.0722177594927813e-01	   6.4957978877075884e-01	   5.7984961345063479e-01	   4.6551058747850704e-01	   6.4711180612839403e-01	   6.2050814526924802e-01	   6.1200023254081137e-01	   6.3818097738855128e-01	   3.2420202226328265e-01	   5.0433263930196315e-01	   4.9178157449531695e-01	   5.6903068749163888e-01	   6.2329335763520088e-01	   6.8364815467551665e-01	   3.5882019104641844e-01	   2.4436017911933999e-01	   4.2513146548988773e-01	   5.0034492061514035e-01	   5.1693068397341857e-01	   2.7094982397842843e-01	   4.4690103046420465e-01	   4.6682094740283558e-01	   6.7569255600700862e-01	   3.9454221580647469e-01	   7.6432786323399449e-01	   6.3099402436763286e-01	   5.7285422184486090e-01	   5.8395091873275118e-01	   5.4691181130003208e-01	   4.5215604390505171e-01	   4.3549943092501919e-01	   4.5987860638288358e-01	   3.7417879770928364e-01	   4.4931245424985972e-01	
