   0.0000000000000000e+00	   4.3274915067946651e-01	   4.1944574603649815e-01	   3.4198300637538509e-01	   2.0437534340669539e-01	   4.6056010537023867e-01	   6.4121599485423597e-01	   3.3338950917538873e-01	  -1.3008931658945563e-01	   1.0724820541402266e-01	   7.9722287522832547e-01	   6.6832789509895973e-01	   7.8356649829202885e-01	   5.0310430863249045e-01	   6.8704603513368290e-01	   6.0635019767320109e-01	   8.1415982671039333e-01	   7.2632852540566484e-01	   3.8340468283858437e-01	   3.6084148348097417e-01	   5.2252336931915844e-01	   3.0542522667102384e-01	   2.5373518125360311e-01	   3.0769601483572745e-01	   2.8715534217655053e-01	   3.8597467499477645e-01	   7.2328347241677182e-01	   7.0199843665469885e-01	   5.6365093089157636e-01	   3.7407373017813628e-01	   4.1228837921865052e-01	   4.6796571006535637e-01	   4.1643489325131461e-01	   4.2881373502381182e-01	   3.3179546796189457e-01	   2.5866241991219480e-01	   5.6510282094405140e-01	   1.9789074172019416e-01	   8.3848038935464726e-03	   2.4180033075359642e-01	   3.5286980397427087e-01	   1.4889246795709468e-01	   5.5660895205475236e-02	   1.4292753770080202e-01	  -6.6884743824423528e-03	   1.5118274414187668e-01	   1.7094061418837231e-01	   3.5399094445341400e-01	   1.7378796784125408e-01	   4.4221390743199973e-01	   3.6681780007648013e-01	   6.1391047306912483e-01	   8.9592186820631942e-02	   6.3108862600654947e-01	   2.1092422220742321e-01	   7.0637946134209140e-01	   7.9184443001927496e-01	   5.3979611835861419e-01	   6.8036367584553925e-01	   5.7477847080215683e-01	   8.8808524212726503e-01	   7.1559193256596609e-01	   8.5510126047369295e-01	   7.2896108740719245e-01	   4.1286304820814251e-01	   6.2886214345674096e-01	   5.5938394643382405e-01	   5.6216860068221464e-01	   4.5531242644994491e-01	   6.4300516302800959e-01	   3.0770850026107127e-01	   5.6551296075393542e-01	   4.2189185378401295e-01	   3.4590677525942665e-01	   4.8977040896777813e-01	   5.9031767335818053e-01	   3.1850828492360617e-01	   3.3660727230106124e-01	   5.1109024911989964e-01	   2.6612746858751424e-01	   5.5957490844010072e-01	   6.8072686642434221e-01	   5.4824234627469359e-01	   4.1271242857382623e-01	   2.7399771932843209e-01	   6.8525237379238313e-01	   5.1831074817140610e-01	   4.4122521393561176e-01	  -1.0793886323487881e-01	   7.6319092094303798e-01	
   4.3274915067946651e-01	   0.0000000000000000e+00	   2.5133769725246508e-01	   3.7260960906413731e-01	   1.7910392677857315e-01	   2.7106976997265053e-01	   2.0067514209100185e-01	   3.8957279856399257e-01	  -8.9532762533811011e-02	   1.0464149437226919e-01	   2.7009531400746428e-01	   3.2962838035619330e-01	   3.8046456421943153e-01	   3.6157036134807030e-01	   5.2690205057882789e-01	   3.8641831528402532e-01	   5.9137369934084194e-01	   6.0444117351069593e-01	   4.8237298899595249e-01	   5.3270262563924398e-01	   4.0135779509761860e-01	   3.7887791835048801e-01	   2.3801083765090059e-01	   2.3695814853329009e-01	   3.3273142265172950e-01	   4.1151157954521900e-01	   4.1622957217514245e-01	   3.8914471467431583e-01	   3.8192066070987796e-01	   6.4761570063084384e-01	   4.4083417271138037e-01	   4.2253637756552354e-01	   6.0483230694778967e-01	   6.8576252054493403e-01	   2.5914542545644592e-01	   4.2727156550803658e-01	   2.0146446865740708e-01	   3.0757303641522710e-01	  -7.3245526906034336e-02	   4.3318155155751448e-01	   9.3450730433032536e-02	   4.7315138422550218e-01	   1.9928268980496328e-01	   3.2529549898627275e-01	   1.4717035551363267e-02	   1.5966924671961463e-01	   2.0410178439235735e-01	   4.4771942707560269e-01	   1.9436631097587330e-02	   9.5061779887145509e-02	   2.3806736570972681e-01	   9.7288413663198237e-02	   3.1158821056765384e-01	   2.6306856830674585e-01	   1.8742182031006638e-01	   1.2136210466099515e-01	   3.5289145023163571e-01	   7.6216257738625914e-01	   1.2684129803125271e-01	   2.8076021165251652e-01	   1.4836223332498244e-01	   2.8597233549978862e-01	   3.1236636955499208e-01	   3.3650106775473509e-01	   1.6650946746601952e-01	   1.5573395322257505e-01	   4.3905298552515543e-01	   4.4600789555011855e-01	   7.7126680596179398e-01	   7.1954717121101597e-01	   1.1635931381551534e-01	   4.3603322446471001e-03	   3.7616274224887047e-01	   3.2546869827633035e-01	   4.8723042270445294e-01	   2.4206011713088393e-01	   3.3448202117255316e-01	   1.9467662452769174e-01	   3.9420393590013736e-01	   4.7269245256010473e-01	   6.5869689202358972e-01	   6.8513974186270521e-01	   4.4836566217366058e-01	   4.1316388910073709e-01	   5.0947940209703890e-01	   4.4410435762203038e-01	   2.7673424918198430e-01	   1.1957862240760239e-01	   3.8109604770332406e-01	   1.6847667814062880e-01	
   4.1944574603649815e-01	   2.5133769725246508e-01	   0.0000000000000000e+00	   8.8951011688062409e-01	   3.1259635219773385e-01	   1.5129872421742033e-01	   9.0211128176534772e-01	   8.9069336013774536e-01	   1.0254377966499434e-01	   2.6033110323580166e-01	   5.5058070529279446e-01	   4.3733046675234288e-01	   7.3659416918829446e-01	   5.2592207114753164e-01	   5.5419994952719620e-01	   5.4675672506478523e-01	   3.5647066783703818e-01	   2.0014746475677897e-01	   6.0912823472409316e-01	   5.6254094718669734e-01	   3.4597627844972706e-01	   1.2406254664430605e-01	   9.6559727147507957e-01	   8.7649146248385690e-01	   6.9033108950940636e-01	   5.2296166621900508e-01	   4.5817131831192170e-01	   3.3787978242819061e-01	   3.2257144715056357e-01	   3.9488852999455276e-01	   5.4344807567165476e-01	   4.4470300845681388e-01	   5.2436759226071539e-01	   5.3470574690850237e-01	   7.3874385822636346e-01	   6.4161986839047058e-01	   1.9568504935736966e-01	   3.2081282333661587e-01	   5.3553769586744356e-02	   4.9790674857208400e-01	   5.1168406920749698e-01	   3.8101720922942545e-01	   3.3873716781713009e-01	   1.7747221866661372e-01	   7.0966796920496969e-02	   2.8154417010304231e-02	   4.6238529751070057e-01	   5.3467871121590238e-01	   5.9403213138297023e-02	   2.0714087433665015e-01	   7.1772973799342032e-01	   4.4521302456193468e-01	   6.4911906600804403e-01	   7.5608776075294926e-01	   7.1559069125902330e-01	   6.6153632289748465e-01	   1.2094217961317389e-02	  -1.2804612868601306e-01	   1.7870221011285453e-01	   7.0877851274142659e-02	   2.7028534071435678e-01	   3.9783380219564224e-01	   4.2347263558812426e-01	   2.8540488285586380e-01	   4.5129912228204849e-01	   2.7827598003985532e-01	   4.9831406284882457e-01	   4.9265879197093504e-01	   4.7136409231808946e-01	   4.8359528218586745e-01	   5.9084932574315227e-02	   9.9259346540452861e-02	   5.2211340809263851e-01	   3.5309047356784873e-01	   6.0783909524947266e-01	   5.2415635543556527e-01	   6.2871467776758949e-01	   5.6245151710337327e-01	   2.6666275005618162e-01	   7.2554060654695329e-02	   5.0410727395174904e-01	   5.0510912052907664e-01	   4.1144973332851931e-01	   3.2607999652964276e-01	   5.5950764678421150e-01	   5.2736823272639310e-01	   9.8246190804939307e-02	  -1.9291252492385241e-01	   5.1241696174066009e-01	   7.4325585853349418e-01	
   3.4198300637538509e-01	   3.7260960906413731e-01	   8.8951011688062409e-01	   0.0000000000000000e+00	   2.9198518162433607e-01	   1.3037733757869918e-01	   7.6313644205677011e-01	   9.3590662646391087e-01	   7.3554567886977479e-02	   3.8069186587677667e-01	   5.3345654949671295e-01	   5.8106801629670124e-01	   7.2004357529450691e-01	   7.5395998517494256e-01	   6.2338390772528152e-01	   6.8485210852614342e-01	   4.2395132766803389e-01	   2.5086955906420572e-01	   6.2477115532541017e-01	   6.4374607507863857e-01	   3.8062978567807154e-01	   1.8489781311474168e-01	   9.1611182413098935e-01	   9.2613735908106465e-01	   6.5268209528438959e-01	   6.2615549139820670e-01	   4.9072181740880982e-01	   2.7868222002280268e-01	   4.1420064225929776e-01	   5.6822702554182047e-01	   6.4440431518596419e-01	   5.7700733827589312e-01	   5.8775608799212165e-01	   6.7878470807762570e-01	   7.5215340157086319e-01	   6.8707533047043201e-01	   1.0700493456536159e-01	   3.5235545412704261e-01	   8.3307041158775852e-02	   5.5463827261166299e-01	   4.3974276468513435e-01	   5.4618628211292020e-01	   2.2821265321922835e-01	   1.0782916399276704e-01	  -2.9088271545811401e-03	   9.9526846283293901e-03	   3.0407002799242655e-01	   4.6063669779686167e-01	  -3.8035267995328789e-02	   3.7009771320484060e-02	   6.5676763898394064e-01	   3.5771493316460745e-01	   6.2447963894062686e-01	   6.3480823592457958e-01	   6.2712391459656602e-01	   5.0987016927662154e-01	  -4.7731239174024415e-02	  -8.5270437780429933e-02	   9.4672830866466273e-02	   4.9126477290250145e-02	   1.3378286898551825e-01	   3.5915890760619512e-01	   3.0876391697487732e-01	   2.6702126912537455e-01	   4.2572345065501194e-01	   3.8097876670877429e-01	   4.7546250461761219e-01	   5.2211541459916955e-01	   4.6869542611772030e-01	   4.0706817086151803e-01	   7.9082253027118535e-02	   6.2903716404176585e-03	   5.7207084945691389e-01	   4.3984280273257392e-01	   6.1716767162113562e-01	   4.6076243634550484e-01	   5.5126759341367770e-01	   4.2677041156743678e-01	   2.6434012880312091e-01	   1.9556074776916504e-01	   5.3808075013769541e-01	   5.4488717070616510e-01	   4.3211554227729432e-01	   4.4996616203156692e-01	   6.3476380624733697e-01	   5.9488612812006703e-01	   5.1159590052343155e-02	  -2.4784537054743466e-01	   5.8202916186039322e-01	   6.3976921897890626e-01	
   2.0437534340669539e-01	   1.7910392677857315e-01	   3.1259635219773385e-01	   2.9198518162433607e-01	   0.0000000000000000e+00	   7.4651749164708159e-01	   2.8982474406913461e-01	   3.3836993503696355e-01	   5.9316601283202008e-01	   5.0918906795925678e-01	  -3.1410418200298801e-02	   2.3288142851013155e-01	   2.2832211765922655e-01	   2.4092399370217316e-01	   4.2190559173638992e-01	   3.2769933147419872e-01	   1.6912499206757853e-01	   1.6720746688188115e-01	   2.1821832920826922e-01	   2.3156142422764542e-01	   4.9014218642169538e-01	   4.4860247267810949e-01	   2.3567563254316592e-01	   1.8360228708499260e-01	   5.8902180169948759e-01	   4.3606887631700109e-01	   4.7502754147698156e-01	   5.1692688821173638e-01	  -9.3750430749307834e-02	   1.8273153793065916e-01	   2.2106333118855803e-01	   7.6709676024108941e-02	   4.7233511245690485e-01	   3.7999739647415248e-01	   3.0173669028140571e-01	   2.1787333837794737e-01	   4.0863390190267745e-01	   2.9605144517206794e-01	   1.3067183683242639e-01	   3.3645187595126458e-01	   1.5722755216490858e-01	   2.6142355565537839e-01	   4.7879689382284751e-01	   5.3673859357884235e-01	   4.9437470650315096e-01	   4.8757386859743457e-01	   4.8840961081584461e-01	   5.9171892313595231e-01	   4.1521466694083603e-01	   4.1127324919381447e-01	   2.6366752870568844e-01	   2.8781463800674079e-01	   1.8315797160424088e-01	   2.9801241584031263e-01	   3.7062175565660965e-01	   4.2875339038617627e-01	   2.4594940650889105e-01	   1.7125637172200531e-01	   2.3651333902856969e-01	   3.5489526634164592e-01	   2.2894004272766050e-01	   3.2009922007409525e-01	   3.1848083294397450e-01	   4.6818536367174124e-01	   2.2167086829237764e-01	   2.0498578696749736e-01	   4.4132568418251911e-01	   5.8058747007179590e-01	   1.3814601413588320e-01	   2.1644491573760311e-01	   1.4727543759493578e-01	   1.2091477337122765e-01	   1.8646196960083322e-01	   2.6511661823143728e-01	   3.4500987152892904e-01	   3.8802177717667846e-01	   3.9827680701791418e-01	   4.7567399613171790e-01	   9.6995846737208125e-02	  -3.2560551783943209e-02	   5.1807009779205970e-01	   4.6651710052476886e-01	   2.4900579202058704e-01	   2.8282235174905318e-01	   3.3355498108050041e-01	   5.0962891894112228e-01	   2.3352927634704912e-01	   1.6516921443828486e-01	   1.3807066149432451e-01	   2.9286054358886893e-01	
   4.6056010537023867e-01	   2.7106976997265053e-01	   1.5129872421742033e-01	   1.3037733757869918e-01	   7.4651749164708159e-01	   0.0000000000000000e+00	   2.0926734474901670e-01	   2.1527595545623848e-01	   4.2290098245826085e-01	   4.2870793456567136e-01	   1.8485562533553074e-01	   4.3633745829108084e-01	   3.0573535756123343e-01	   3.2652404796934342e-01	   3.8753648186236989e-01	   4.1246734534469154e-01	   3.1426533688496161e-01	   3.1974247410306089e-01	   2.2449029903475132e-01	   2.9460847579491367e-01	   5.7195205829063278e-01	   4.3377311724749146e-01	   4.2527346585944467e-02	   1.1416184844026835e-01	   5.5219707432040110e-01	   5.0574870894951562e-01	   5.3725190304983617e-01	   6.7134919270521143e-01	  -1.0103916515289593e-02	   1.7184229252881719e-01	   2.2201967464520533e-01	   1.9584705890676138e-01	   4.8156729539719256e-01	   3.8341899085010162e-01	   2.2215490214567224e-01	   2.6135949854731799e-01	   5.1976005766079170e-01	   1.9208629696824719e-01	  -4.7646731084108246e-02	   2.2119305107395670e-01	   1.3724602773189445e-01	   1.8582823049195518e-01	   4.7392908100658199e-01	   5.9686691886750376e-01	   5.6319551158335834e-01	   5.8660360397307554e-01	   5.2835199854447756e-01	   5.0994828633249167e-01	   5.7298087188680413e-01	   5.4865345675749044e-01	   2.3909096653645329e-01	   3.7115523695081198e-01	  -2.4779862804107516e-02	   2.9611245523696433e-01	   2.9942522154413337e-01	   4.8808169743118118e-01	   4.8028642812305683e-01	   3.0639218924038630e-01	   4.1752679538676313e-01	   4.3225501495740459e-01	   4.9830913741804933e-01	   4.3479323773467488e-01	   5.1949803452367305e-01	   5.3959787490351396e-01	   1.3589240518444565e-01	   4.0478139256734175e-01	   4.8275654647272065e-01	   6.5432234679267043e-01	   1.9219018278180780e-01	   2.9178719187104130e-01	   1.5967231185358524e-01	   1.4221804600080479e-01	   1.9129045683617490e-01	   2.9168023998855075e-01	   3.9521483053322637e-01	   4.2236186860650538e-01	   2.9024267475287585e-01	   3.6985204455378751e-01	   1.4396771676298353e-01	  -7.2562957979479814e-02	   4.1692950530832296e-01	   4.6272289881442880e-01	   2.2685500482587218e-01	   2.5044703590670681e-01	   9.5992115345978207e-02	   4.3546904190956287e-01	   2.2625154339890940e-01	   3.6547971406598440e-01	  -1.5063734172411480e-01	   3.3455711432997592e-01	
   6.4121599485423597e-01	   2.0067514209100185e-01	   9.0211128176534772e-01	   7.6313644205677011e-01	   2.8982474406913461e-01	   2.0926734474901670e-01	   0.0000000000000000e+00	   7.7656340428948756e-01	   1.5623752831927398e-01	   3.4150638017738155e-01	   6.9136417536104755e-01	   5.0636386015762092e-01	   8.7181240541330263e-01	   5.4262556814285778e-01	   6.1793940451626539e-01	   5.2845970718231361e-01	   5.3705229238508900e-01	   4.0070878180974367e-01	   3.6993150886830306e-01	   3.2605000698354958e-01	   3.4477005474915290e-01	   6.1843615142973041e-02	   8.0891855224034392e-01	   7.3366131978752613e-01	   5.0837309871695602e-01	   3.6061797467788859e-01	   5.0267627665895298e-01	   3.3676576518906864e-01	   5.0776589356495461e-01	   3.3749042197620988e-01	   4.1981136054756507e-01	   3.7819656771112964e-01	   3.7249611249874992e-01	   3.9684931790720901e-01	   5.5462751501121932e-01	   4.5109392209520693e-01	   2.8487844743716462e-01	   1.6711278173681962e-01	   2.0167525710242123e-01	   3.4451108654076679e-01	   4.9184067740111725e-01	   1.8099136326140094e-01	   1.8304602251349578e-01	   1.0602909894774049e-01	  -8.2465467805101375e-02	  -2.1840791795811776e-02	   3.3726231124042655e-01	   4.4756662618469789e-01	  -3.6252167992194148e-02	   2.5231462570641272e-01	   6.7827806691914572e-01	   5.7936596535070395e-01	   4.9695384959150590e-01	   8.1015188645907987e-01	   5.6402041594370300e-01	   7.3208717361330888e-01	   3.2718245467904838e-01	   3.4138340500888070e-02	   2.5114897656270785e-01	   1.4464107914293350e-01	   5.2510107145283114e-01	   5.0234713298528089e-01	   6.6284162623604392e-01	   4.4801212543989344e-01	   4.6929900852911571e-01	   4.4518216094011465e-01	   3.9134457474919654e-01	   4.2408378298894872e-01	   3.4614363310633633e-01	   4.6218239022977559e-01	   7.4621012915036755e-02	   3.3305394035270375e-01	   3.9486560240595103e-01	   1.9913066203618043e-01	   4.4182877427803102e-01	   4.5785285126473718e-01	   4.0417540991085915e-01	   3.9558815625331406e-01	   5.1193719362208168e-01	   2.2907348831614893e-01	   5.4228320642713324e-01	   6.1967537027406516e-01	   4.4523464864522788e-01	   3.4863687631946211e-01	   4.4759464286959760e-01	   5.9460771212163788e-01	   1.2690106679904653e-01	  -3.5403945816332778e-02	   2.7232169815041329e-01	   8.7592642552302336e-01	
   3.3338950917538873e-01	   3.8957279856399257e-01	   8.9069336013774536e-01	   9.3590662646391087e-01	   3.3836993503696355e-01	   2.1527595545623848e-01	   7.7656340428948756e-01	   0.0000000000000000e+00	   2.0811610553759180e-01	   4.4415527358432327e-01	   4.8089094847693126e-01	   5.5511980841885500e-01	   7.1606332224338065e-01	   6.9945518114424488e-01	   5.9662685239884561e-01	   5.8175606960841852e-01	   3.7732818874375629e-01	   2.0303538622084327e-01	   5.7034974987840292e-01	   5.8760543332307336e-01	   3.8864464765013029e-01	   1.6884520698340347e-01	   9.0000744434470770e-01	   9.0602779123078092e-01	   6.8584973260012261e-01	   5.8149211158084491e-01	   3.9789602392821771e-01	   2.5792526946953048e-01	   3.7348135624632217e-01	   5.5596539081303376e-01	   5.4197333963465977e-01	   4.8681806421795737e-01	   6.1891108718559695e-01	   6.6496862919311583e-01	   7.1584263507788981e-01	   7.3796329693814966e-01	   1.0371537097187698e-01	   3.9896186315847526e-01	   1.3749245024410170e-01	   6.1284648466473857e-01	   4.3348703760274299e-01	   5.1158461245080766e-01	   3.9089197723701380e-01	   2.5340781836808579e-01	   5.6718599698784303e-02	   6.6571161098297221e-02	   4.7518638398799573e-01	   5.5827022835539020e-01	   8.1356560459026853e-02	   1.7657815698429935e-01	   8.2512937446138346e-01	   4.7980935408829928e-01	   7.7046020115836333e-01	   7.3340398956083153e-01	   7.7133397398495407e-01	   5.2464051525962752e-01	  -6.4980972706382589e-02	  -6.1815018286375908e-02	   5.2202422384921204e-02	   2.7835806745136187e-02	   1.4986562784164642e-01	   3.9694005376008262e-01	   3.2547132329188377e-01	   2.9513986586429963e-01	   4.3204884441498126e-01	   3.6732117618162302e-01	   4.6813122615772518e-01	   5.2150261853917834e-01	   4.8986561519095395e-01	   4.4448794125943603e-01	   1.0227392817645041e-01	  -4.7163915052542499e-02	   4.6436241724508254e-01	   3.2662284690217425e-01	   6.1492738338685315e-01	   3.9764958381334281e-01	   5.6517680037690976e-01	   4.0539351067672891e-01	   2.7932702678487298e-01	   2.2194569981840767e-01	   5.7205055241328284e-01	   5.1721227878256237e-01	   4.0611152006985024e-01	   3.4925238280915666e-01	   6.6591496784032644e-01	   5.5377865705920826e-01	  -2.9103387980923916e-02	  -3.4085851294357139e-01	   6.4478384168692637e-01	   6.2588754208827446e-01	
  -1.3008931658945563e-01	  -8.9532762533811011e-02	   1.0254377966499434e-01	   7.3554567886977479e-02	   5.9316601283202008e-01	   4.2290098245826085e-01	   1.5623752831927398e-01	   2.0811610553759180e-01	   0.0000000000000000e+00	   6.9634915107329332e-01	  -1.4862344686591669e-01	  -9.9606935949514988e-02	   6.1676540847549727e-02	   9.7224684764185665e-02	  -6.7521473505467958e-02	  -1.1497429551816544e-02	  -1.4341879904554417e-01	  -8.4110482058643937e-02	  -3.5332737750239329e-01	  -2.8689551541125380e-01	   1.5379181624978444e-01	   1.0503125356653314e-01	   9.3262277433289895e-02	   6.9159283094423443e-02	   1.6103928793323422e-01	  -3.8139267784792169e-03	  -1.0620578993939056e-01	  -1.1224911869970658e-01	  -1.2114047837133521e-01	  -1.5976854506548693e-01	  -2.9503210164421784e-01	  -3.3273734470846544e-01	   1.1766509984823901e-02	  -1.0411975250318894e-01	  -9.1962120197048108e-02	   3.1899269576833714e-02	  -1.5577671709833457e-01	  -1.8087134654061554e-01	   2.3970659930233956e-01	  -6.9629071283589597e-02	  -9.6179299302176474e-02	  -1.6245745115004750e-01	   3.4923190800999598e-01	   3.5785763728145825e-01	   1.9801441291641231e-01	   2.0077981023588598e-01	   3.3857655016759530e-01	   2.9538563401745177e-01	   9.0976725260824481e-02	   1.4705808454172900e-01	   2.5033070594296281e-01	   1.9311368309069701e-01	   1.9592499037667227e-01	   1.7440350872587021e-01	   2.1338578441697323e-01	   1.0885831923744317e-01	   3.1039986229407093e-02	  -6.0386716486333425e-02	  -3.0347009713308615e-01	  -1.9062836294433755e-01	  -4.9905669996444940e-02	  -9.4198727224879653e-02	   7.4955527602425312e-02	  -4.9577112918052890e-02	  -1.1639138469544065e-01	   2.0892919420002390e-02	  -1.3290424813311741e-01	   2.6709190382159249e-02	  -2.0382700937289627e-01	  -1.7911841140957341e-01	  -1.3961907899037118e-01	  -1.1272726438203588e-01	  -3.3112933099276876e-01	  -2.7121247720448383e-01	  -1.4512555113936562e-01	  -1.6850463528414475e-01	  -1.3122379496464442e-01	  -7.9958748515367703e-02	   1.8998598369401956e-01	   1.4010104418867686e-01	   1.1362555496705293e-01	   1.2917991890284880e-01	  -1.5781124084282766e-01	  -1.8940171524909129e-02	   1.8689482672820987e-02	   7.0316846801743188e-02	  -3.9315367163196940e-01	  -2.0709302197359564e-01	   7.7429285042325144e-02	   8.1017633487339619e-02	
   1.0724820541402266e-01	   1.0464149437226919e-01	   2.6033110323580166e-01	   3.8069186587677667e-01	   5.0918906795925678e-01	   4.2870793456567136e-01	   3.4150638017738155e-01	   4.4415527358432327e-01	   6.9634915107329332e-01	   0.0000000000000000e+00	   9.1838795280044128e-02	   2.4005189922943315e-01	   3.8565149632848950e-01	   4.5694501383520714e-01	   3.8798473011930223e-01	   3.6564262701748168e-01	   2.9059900012385642e-01	   2.4363856301565934e-01	  -1.5551381008108961e-01	  -3.0588357636344325e-02	   3.0776373563791326e-01	   1.6251387005727455e-01	   2.8952980499166803e-01	   3.2197524664184585e-01	   3.2607391367597649e-01	   2.4542178246752180e-01	   2.9917578308553316e-01	  -4.7246762877191491e-02	   2.9654276655364953e-01	   2.5968500478642054e-01	   1.3661178983307715e-01	   1.0481183444603533e-01	   2.5121556794662281e-01	   2.5338710637550055e-01	   9.5666692467078485e-02	   1.4088964026374470e-01	   3.1019325915119203e-02	  -9.3182491193492853e-02	   4.5855200483230985e-01	   1.0397049273146715e-01	   1.4805825306337744e-01	   1.6000546515286443e-01	   2.2977358567782727e-01	   2.5791178463238573e-01	  -8.7311571260805885e-03	   7.2063011421850620e-02	   1.8950948485724001e-01	   1.4011874218670503e-01	  -1.4220331321813151e-01	  -1.5256971468129099e-01	   2.5499383254664681e-01	   6.2293347655347921e-02	   1.6115337501519511e-01	   1.5037804497905310e-01	   2.9507384040706730e-01	   9.5349607832345362e-02	   2.1599904799120678e-01	   7.1154032276262352e-02	  -2.8852751415358857e-01	  -1.7853425632395348e-01	   2.6845890781439466e-02	   5.3295041626486836e-02	   2.0630746190486005e-01	   1.1594931627968191e-01	   2.3148359195209297e-02	   2.5622448541380083e-01	  -4.3480397593963070e-02	   1.7572139125634859e-01	  -1.2589854356436830e-01	  -1.1345747533493777e-01	  -4.2397211839595980e-02	   4.0418676076125482e-02	   5.9970082671925870e-02	   2.5511613440845928e-02	   8.0616172806874595e-02	   3.0888510190464735e-02	  -1.1141301454601568e-01	  -1.1932305116507363e-01	   4.3838756776709320e-01	   2.6206937997996171e-01	   3.5510175121427129e-01	   5.0308443516791213e-01	   1.1033368726961776e-01	   3.0442012686262032e-01	   2.1590239189531302e-01	   3.4687306888643055e-01	  -2.1485125160976690e-01	  -3.8717882682237560e-02	   1.4088677308359390e-01	   2.4620103686062283e-01	
   7.9722287522832547e-01	   2.7009531400746428e-01	   5.5058070529279446e-01	   5.3345654949671295e-01	  -3.1410418200298801e-02	   1.8485562533553074e-01	   6.9136417536104755e-01	   4.8089094847693126e-01	  -1.4862344686591669e-01	   9.1838795280044128e-02	   0.0000000000000000e+00	   7.8255080430593860e-01	   8.8788268824585947e-01	   7.1077813316379146e-01	   6.3367166824117560e-01	   7.2498334592421776e-01	   6.8120162602137624e-01	   5.8861207084372758e-01	   4.1586467149150547e-01	   4.3336510933778255e-01	   4.3458630557556288e-01	   2.1726084957768210e-01	   4.5677186827595062e-01	   5.6840614314555615e-01	   2.8721442516487444e-01	   4.2114682534981329e-01	   5.0135034639156850e-01	   4.3300228951395003e-01	   5.8564111201104074e-01	   3.3697383579202217e-01	   4.6075000076356365e-01	   5.7128269210179949e-01	   2.9761675166782631e-01	   3.4199394947069039e-01	   5.0643097908691248e-01	   4.1388558743648707e-01	   3.2758517236998935e-01	   1.9054805330827951e-01	  -1.0219946882780109e-01	   2.6650905546381887e-01	   3.0318540279758976e-01	   1.7524498241215264e-01	  -3.7922189095780226e-02	  -1.3589233363869457e-01	  -1.5322515646849674e-01	  -8.8228974158636134e-02	   5.1635519356337485e-02	   2.2640261596356714e-01	  -2.4146899791927649e-03	   1.7752668712596159e-01	   4.4740604707996529e-01	   5.4359518780572746e-01	   2.7811177523391695e-01	   6.4323901670042516e-01	   2.6773084537244429e-01	   5.9318774705355748e-01	   4.1569663217219260e-01	   1.9972098467144495e-01	   5.0801699251649901e-01	   3.4904503673250781e-01	   6.8850226496541866e-01	   6.2615961190571179e-01	   6.8784318282691770e-01	   4.9878750409693839e-01	   4.8511617758518810e-01	   6.9102548213254533e-01	   5.0610851455386974e-01	   4.1781302921683677e-01	   4.4143731781265716e-01	   5.2873581698499184e-01	   2.3841618571481626e-01	   4.0639990058644282e-01	   3.8532385939371100e-01	   2.7383776311255087e-01	   4.6738113057576613e-01	   4.4082732884320514e-01	   3.4046910086447357e-01	   2.6557461623256695e-01	   3.9404496151262680e-01	   3.1000652751608837e-01	   3.7972191992436377e-01	   4.4887202657649400e-01	   4.9547808462378995e-01	   4.0043535430132415e-01	   3.7650947733758133e-01	   6.2260456227085181e-01	   3.3801968175650582e-01	   1.9120894523429649e-01	   1.2864351352915235e-01	   7.5569268955797841e-01	
   6.6832789509895973e-01	   3.2962838035619330e-01	   4.3733046675234288e-01	   5.8106801629670124e-01	   2.3288142851013155e-01	   4.3633745829108084e-01	   5.0636386015762092e-01	   5.5511980841885500e-01	  -9.9606935949514988e-02	   2.4005189922943315e-01	   7.8255080430593860e-01	   0.0000000000000000e+00	   7.6200812658568240e-01	   8.5115530461390110e-01	   7.2930365583192391e-01	   8.3364916619319629e-01	   6.4391054989893792e-01	   4.7247910651620439e-01	   5.5005966843649734e-01	   6.2137106297415490e-01	   5.9637037006971227e-01	   4.4228698210584438e-01	   3.6353751729165940e-01	   5.8915338077745383e-01	   4.6072749426139475e-01	   6.4706890186189536e-01	   5.7099328597538945e-01	   5.7520195273429153e-01	   5.1536563749678332e-01	   5.2339968081141830e-01	   5.7162904244954726e-01	   6.6884370261261350e-01	   4.6566133842236601e-01	   5.5508521229282493e-01	   6.2710876538264648e-01	   5.8190304043439334e-01	   4.7643376107940399e-01	   4.6078225731432709e-01	   4.6122732896156735e-03	   5.0908938915677293e-01	   2.4161040701925013e-01	   3.7343278192643270e-01	   6.6467594024280457e-02	   2.7269479163151557e-02	   1.8336009193885901e-03	   8.7499151000377084e-02	   8.3022580079785926e-02	   2.5768495094182414e-01	   1.6873085879846045e-01	   2.5616380497119629e-01	   4.5418677268916385e-01	   5.5974132702989010e-01	   3.0145985652995338e-01	   5.7120501015208791e-01	   3.1050844241500331e-01	   5.0291032580636619e-01	   2.7960941203627937e-01	   1.5678649722693844e-01	   6.0215407223334794e-01	   5.6315255329023695e-01	   6.0835384364784895e-01	   7.8996945522245698e-01	   6.1941772926168104e-01	   7.0366066962988394e-01	   6.1592976198844807e-01	   8.5573184625747922e-01	   6.6687481205134214e-01	   6.8592651024501583e-01	   4.8137023187970684e-01	   5.1744498932554339e-01	   2.9598187006008092e-01	   2.3630795286754422e-01	   4.4062465657440397e-01	   4.4897127607076615e-01	   6.1434777113298911e-01	   5.5474152976409641e-01	   4.9453975438692777e-01	   4.2792976621498990e-01	   2.4766110780881123e-01	   1.8127474126621856e-01	   5.6794958189978995e-01	   4.7151455054632052e-01	   6.5437692402727943e-01	   5.9112633372812518e-01	   5.4899572359185900e-01	   7.4844855782502329e-01	   4.2878953758480182e-01	   2.7016179422078385e-01	   2.3258744059419229e-01	   6.8789863938517315e-01	
   7.8356649829202885e-01	   3.8046456421943153e-01	   7.3659416918829446e-01	   7.2004357529450691e-01	   2.2832211765922655e-01	   3.0573535756123343e-01	   8.7181240541330263e-01	   7.1606332224338065e-01	   6.1676540847549727e-02	   3.8565149632848950e-01	   8.8788268824585947e-01	   7.6200812658568240e-01	   0.0000000000000000e+00	   7.6889758707101097e-01	   7.9612518854632897e-01	   7.4862282393250668e-01	   7.4414542955884966e-01	   6.4225609882336421e-01	   4.0483506490337606e-01	   4.3380794171271081e-01	   5.0043215415233855e-01	   2.5493214188810648e-01	   6.4979054430546135e-01	   6.9518540591605227e-01	   4.8015107454035350e-01	   4.8883452268895144e-01	   6.0398667537756578e-01	   4.3329527295458015e-01	   6.5306735623399759e-01	   4.7988532720190819e-01	   5.1871544564751404e-01	   5.6597715757664802e-01	   4.2794706595283372e-01	   4.8760684529515269e-01	   5.7892887271780147e-01	   5.1758127946213217e-01	   3.6918593327603932e-01	   2.3852723030347039e-01	   1.3088241235172107e-01	   3.9061722698102286e-01	   3.2851928989497070e-01	   2.6996459513123572e-01	   6.6544989856437628e-02	   2.2161337604215813e-02	  -1.6281141513305838e-01	  -7.7380672051371752e-02	   1.6824007552885592e-01	   3.4660695315043355e-01	  -6.8190295665101014e-02	   1.5307271816738047e-01	   5.9108232218730605e-01	   5.6312339453170646e-01	   4.1472484867055409e-01	   7.2175717570692766e-01	   4.3821771471886800e-01	   6.1582390229638884e-01	   4.6084539517002904e-01	   2.7610072123950657e-01	   3.7823908697015551e-01	   3.2221942117023777e-01	   6.4217050467127523e-01	   6.6292313103422573e-01	   7.2451622362480173e-01	   5.7921137191582128e-01	   5.7516754698774730e-01	   6.9356824538752093e-01	   5.1658528380743762e-01	   5.1377614249944736e-01	   4.6501457903985771e-01	   5.7872474192026369e-01	   1.2010462817387682e-01	   3.4101705339957800e-01	   3.8377542036690382e-01	   2.2901525532312089e-01	   5.0585463410444598e-01	   4.5266602718319665e-01	   3.5778418656964661e-01	   3.0006201908286934e-01	   5.9437265882232060e-01	   3.7183860244942729e-01	   5.8424935297289693e-01	   6.8683407541010721e-01	   5.6805913867993618e-01	   5.1743304497447506e-01	   5.4488891708848541e-01	   7.4854390781891644e-01	   2.9154443187600093e-01	   1.6344737018145133e-01	   2.9442457429283969e-01	   8.4499997645101133e-01	
   5.0310430863249045e-01	   3.6157036134807030e-01	   5.2592207114753164e-01	   7.5395998517494256e-01	   2.4092399370217316e-01	   3.2652404796934342e-01	   5.4262556814285778e-01	   6.9945518114424488e-01	   9.7224684764185665e-02	   4.5694501383520714e-01	   7.1077813316379146e-01	   8.5115530461390110e-01	   7.6889758707101097e-01	   0.0000000000000000e+00	   7.0984152126830269e-01	   8.7710864920272558e-01	   5.9065489322788967e-01	   4.4357981332105351e-01	   4.4938570066376504e-01	   5.6269325773694057e-01	   5.1830108999209257e-01	   3.8333718672636552e-01	   5.3096024423380017e-01	   7.2430470631915522e-01	   5.0127633833673679e-01	   6.7575941090452907e-01	   4.9802804950865531e-01	   3.4196611528043014e-01	   5.7362116809621000e-01	   6.1263291497708050e-01	   6.0426653124769969e-01	   6.8295202576883662e-01	   5.3766010284978738e-01	   6.3530738816989207e-01	   6.0754281978612834e-01	   6.0352138440392755e-01	   2.2951494589532562e-01	   3.7753525581642933e-01	   5.2287760083077645e-02	   4.8947348431975468e-01	   2.2282411501843441e-01	   4.8652639583118062e-01	   9.5506901127785454e-02	  -5.2157445966139098e-03	  -4.0535167872592703e-02	   1.7474118021982145e-03	   1.1589693227237342e-01	   3.1924895701109512e-01	   2.4164747580492849e-02	   8.9105145374368724e-03	   5.2094127659685852e-01	   4.0861786847423587e-01	   4.3838936780828319e-01	   5.0511084403191431e-01	   3.9176544105789862e-01	   4.3088107892552935e-01	   1.5628710793331402e-01	   9.5766259213351274e-02	   2.6674174808035761e-01	   2.1679914146577978e-01	   3.8644767053952861e-01	   5.0002147312929135e-01	   4.4804403589825997e-01	   4.1427477728371315e-01	   4.6138114341902609e-01	   6.6686580167985721e-01	   4.7746137786702880e-01	   5.1485221471333509e-01	   3.5826509371463960e-01	   3.5342909390879190e-01	   2.3823172052691477e-01	   1.5909846609712625e-01	   4.0725681525162416e-01	   3.8519962840985078e-01	   4.8834332390834367e-01	   3.4609038152468008e-01	   3.3997711703094258e-01	   2.3011193438317806e-01	   3.6031802619013165e-01	   3.6405836173254003e-01	   4.7368134746777940e-01	   4.9455725349520985e-01	   5.0194076638862772e-01	   6.1826815308763805e-01	   5.3605009619571953e-01	   7.1109678543057775e-01	   1.5567161374674912e-01	   8.0195917681856500e-03	   3.7659162534765012e-01	   5.7553151123103496e-01	
   6.8704603513368290e-01	   5.2690205057882789e-01	   5.5419994952719620e-01	   6.2338390772528152e-01	   4.2190559173638992e-01	   3.8753648186236989e-01	   6.1793940451626539e-01	   5.9662685239884561e-01	  -6.7521473505467958e-02	   3.8798473011930223e-01	   6.3367166824117560e-01	   7.2930365583192391e-01	   7.9612518854632897e-01	   7.0984152126830269e-01	   0.0000000000000000e+00	   7.9535511400688552e-01	   8.0008249245977936e-01	   6.8901246604627420e-01	   5.1085490925087296e-01	   5.7415988475919544e-01	   6.0658463142600827e-01	   5.1767997839085467e-01	   4.9816646030931067e-01	   5.4947658068972483e-01	   6.0942584622165019e-01	   6.5020585838474687e-01	   7.9825009887781850e-01	   5.7953806215913273e-01	   6.7554265108148903e-01	   7.4567001374002451e-01	   7.6627046358212192e-01	   7.2848011509995447e-01	   6.3146693145470334e-01	   6.9968200357094523e-01	   5.6918244553884856e-01	   4.4092624442181982e-01	   5.8715380066274192e-01	   5.3004299105072561e-01	   1.2972942174326499e-01	   5.8538378800128077e-01	   3.3325206173345184e-01	   5.3603492676368292e-01	   2.3455496496540124e-01	   2.4163987932536313e-01	   1.4963045720667898e-02	   1.1926977252481774e-01	   2.0589460989798361e-01	   4.3347146982043083e-01	   4.6084813662164853e-02	   6.1579971088569038e-02	   4.0259355349559434e-01	   2.9752529835851582e-01	   3.6436326646653849e-01	   4.9112557736434503e-01	   4.0675460061681512e-01	   4.3574817170681596e-01	   4.6674187250534149e-01	   4.4471645184336173e-01	   3.7798020825039624e-01	   4.1320344242596091e-01	   4.9583333505703292e-01	   5.9168442434256541e-01	   5.9586051558206510e-01	   6.1066723062024808e-01	   6.0870923174829372e-01	   5.1911316383454542e-01	   6.4436060632408498e-01	   6.5404680030395057e-01	   4.8562615725176739e-01	   5.6060556018528207e-01	   3.9029815093517095e-01	   4.7277734022509471e-01	   5.7414633662001613e-01	   5.1424926727247100e-01	   6.1890085327612288e-01	   5.3732600520046492e-01	   4.6831092942118679e-01	   4.0067356491627326e-01	   5.6634887282127644e-01	   4.1554946940161108e-01	   7.6915401952425444e-01	   7.8078574318743355e-01	   7.6091130950256747e-01	   6.6833905020523598e-01	   6.9878822855119604e-01	   8.7278318251840625e-01	   5.4273047828662679e-01	   2.8801768804424249e-01	   3.3522268044927284e-01	   5.7657881744402228e-01	
   6.0635019767320109e-01	   3.8641831528402532e-01	   5.4675672506478523e-01	   6.8485210852614342e-01	   3.2769933147419872e-01	   4.1246734534469154e-01	   5.2845970718231361e-01	   5.8175606960841852e-01	  -1.1497429551816544e-02	   3.6564262701748168e-01	   7.2498334592421776e-01	   8.3364916619319629e-01	   7.4862282393250668e-01	   8.7710864920272558e-01	   7.9535511400688552e-01	   0.0000000000000000e+00	   7.0025223300325101e-01	   5.4634820820827468e-01	   6.3989348633055876e-01	   7.4125402844280797e-01	   7.0667114237577056e-01	   6.0354282881524868e-01	   5.2297243204674182e-01	   6.7358115576026267e-01	   6.1881271180928921e-01	   8.0853101036384789e-01	   7.1279612745004073e-01	   5.9690170712165125e-01	   5.3672285927870766e-01	   6.3189678832656226e-01	   7.6744345875107045e-01	   8.0538563367506300e-01	   6.5767246063425266e-01	   6.9514861571570941e-01	   7.1832460873592696e-01	   6.1947900339132078e-01	   5.0716149413242018e-01	   4.7630443885584650e-01	   9.1584855052344819e-03	   5.2894207946779748e-01	   2.7256958148016508e-01	   4.8132990217985550e-01	   2.0348439610962102e-01	   1.2660609251658450e-01	   1.2428331059304798e-01	   1.3698265482082914e-01	   1.7274904749631978e-01	   3.3361179404485569e-01	   1.3774035448380173e-01	   6.6817471975629400e-02	   3.5533298202969571e-01	   2.8306126795417286e-01	   2.7409373344167326e-01	   4.2084487745798405e-01	   3.8376843227464463e-01	   5.0435349849896283e-01	   2.8354766032895973e-01	   1.8013586365411913e-01	   4.6306893945774513e-01	   3.9361429376740797e-01	   4.8827675386002056e-01	   5.6926857595025548e-01	   5.4553307195935874e-01	   4.8531839173820018e-01	   5.5231163480469214e-01	   6.2729362039873982e-01	   7.0966218281984061e-01	   6.8968674227734272e-01	   4.7669694197816115e-01	   4.7758192608540712e-01	   3.2889892117193520e-01	   2.9693067772469950e-01	   6.0098502454692015e-01	   6.1594091521560501e-01	   6.6468750816382272e-01	   6.3739638856884073e-01	   5.4389386975620924e-01	   5.0404816393428264e-01	   2.8618944250884615e-01	   2.1562615277770220e-01	   5.3464414830300200e-01	   5.5631220861510755e-01	   6.4504102102046268e-01	   7.2888168613368298e-01	   5.4640735224482073e-01	   7.9411772697711491e-01	   4.4758068043511900e-01	   3.0029213045484465e-01	   3.0360550486543053e-01	   6.1817893806676083e-01	
   8.1415982671039333e-01	   5.9137369934084194e-01	   3.5647066783703818e-01	   4.2395132766803389e-01	   1.6912499206757853e-01	   3.1426533688496161e-01	   5.3705229238508900e-01	   3.7732818874375629e-01	  -1.4341879904554417e-01	   2.9059900012385642e-01	   6.8120162602137624e-01	   6.4391054989893792e-01	   7.4414542955884966e-01	   5.9065489322788967e-01	   8.0008249245977936e-01	   7.0025223300325101e-01	   0.0000000000000000e+00	   8.8306641715985290e-01	   3.5110191268213142e-01	   4.1995037800207707e-01	   5.4546418207661385e-01	   3.3311197287268990e-01	   2.5893448524781804e-01	   2.9527118293072474e-01	   2.7442257330812386e-01	   4.3701767575472772e-01	   6.8991525786248964e-01	   5.1233654009020846e-01	   7.3528656292898487e-01	   6.7636348948682268e-01	   5.5002188986961997e-01	   6.2805092051394551e-01	   5.2863881391476530e-01	   5.9632084981066424e-01	   3.9928710336058959e-01	   3.1792051127350784e-01	   5.4278444148391625e-01	   2.1469664774357747e-01	   1.3076734972267806e-01	   2.6802823981222568e-01	   2.4499426189849755e-01	   2.0468794243227750e-01	   6.2759339917511120e-02	   1.7287193339489604e-01	  -1.4835142513703542e-02	   1.8597894554362859e-01	   1.1093320320303397e-01	   2.4620443124358585e-01	   2.1592247844279551e-02	   1.3610514683418570e-01	   2.3710197560175050e-01	   2.8002329331663989e-01	   5.4630147121442360e-02	   3.6150586072613256e-01	   2.0375063939683030e-01	   4.5712841980777263e-01	   7.3234594959629429e-01	   6.4059870300336674e-01	   3.9743790348647756e-01	   4.3116128194243541e-01	   6.0895864347010198e-01	   5.3031188279815700e-01	   7.6866508890601448e-01	   6.3707615114007043e-01	   3.6780754217297396e-01	   5.1339547207375191e-01	   5.2739720711782556e-01	   5.6845757836519550e-01	   4.2403586588022579e-01	   5.3991308613075550e-01	   3.8112763275415873e-01	   5.3980387104364991e-01	   5.3441548343544065e-01	   4.1741598343731556e-01	   4.7142227611976706e-01	   4.8468571931090865e-01	   2.7017646912790316e-01	   2.2123249087035082e-01	   5.9391705874612755e-01	   5.3119415883778176e-01	   6.3844256167684321e-01	   7.8016022026682819e-01	   6.1918046465159959e-01	   5.7104101143228836e-01	   3.6553248029683172e-01	   7.0686577085641478e-01	   4.2045062344453998e-01	   3.8526131526781016e-01	  -1.4153084868029183e-02	   5.5104273093383194e-01	
