   0.0000000000000000e+00	   2.7459456268741583e-01	   2.5122132264282426e-01	  -3.5470257014064199e-01	  -7.2339606568240150e-02	  -4.6267765350908305e-02	   3.8580409993796738e-01	  -3.6450311183834261e-01	  -7.4695928582881710e-02	  -1.3445895465852928e-01	   4.6001991746749249e-01	  -1.1840776898917071e-01	   3.8083124298343124e-01	  -4.8718370722629156e-01	   7.9749404478372934e-02	  -1.6791022188747873e-01	   5.1404169304862324e-01	   1.5575826888913805e-01	   4.3511037763966981e-01	   3.9613657820137249e-01	   4.1277960390426027e-01	   1.5983841406271342e-02	  -8.6238446366217386e-02	  -2.2028206441950818e-01	  -1.3070036202368107e-01	  -2.1838411991882961e-01	   1.1813175795070338e-02	   1.3518677978675586e-01	   5.6875625532134499e-01	  -2.3804732661234268e-01	   3.6547908992242956e-01	   3.3078646968908226e-01	   2.9421996276716827e-01	   5.9316270525636927e-02	   1.5817762540450950e-01	  -1.4459178894494336e-02	   6.3862235713598536e-01	  -6.1768258033688697e-02	   4.5550509875898770e-01	   3.9844707725820501e-02	   4.9505265130236009e-01	  -1.4371904625482260e-01	   2.1944801370244296e-01	   3.9965234035269737e-01	   2.2495049099547026e-01	   3.0921129428958827e-01	   2.6795284139739783e-01	   3.5504782522412309e-01	   2.1319103338422965e-01	   2.5096917013875880e-01	   4.0198633174262463e-02	   9.1313823505881214e-02	   5.5069682456967681e-02	   1.2919483556477482e-01	  -3.5383055748136838e-01	   7.5733387509370464e-01	   9.0651212641455337e-01	   2.1796963765947480e-01	   8.1656750364190955e-01	   2.4891671608738009e-01	   7.1059095416134421e-01	   5.0073212483811934e-02	   3.8371396820159531e-01	   9.4010134393627598e-02	   3.2335148499076505e-01	   1.0484927742162442e-01	   5.5005878241720851e-01	   3.3413575794594513e-01	   5.3678604176098077e-01	   6.1712812042679921e-01	  -2.4791150123590698e-02	   7.1636347205405426e-01	   4.6931566321400908e-01	   3.2383946767241634e-01	   9.5989714645446755e-02	   6.5082324849440720e-01	   9.7166302162686957e-02	   5.3459953716716546e-01	   3.7949423984387187e-01	  -2.6821599303875149e-01	  -4.4647318755044088e-02	   3.9838145873764622e-02	  -1.2476107302399250e-01	   1.3506174237452007e-01	  -4.6817479747222508e-02	   3.9591831565527680e-01	  -1.6856916531311367e-01	   4.9418869939426135e-01	  -3.8363165202360883e-01	   6.5242830674096031e-01	
   2.7459456268741583e-01	   0.0000000000000000e+00	  -3.8934657714219811e-01	   4.6465295407044471e-02	   1.7702425314613970e-01	  -4.9868862862800767e-01	  -3.1845464363711179e-01	   2.2914520766856228e-01	   6.6644038882694781e-02	  -3.7762631597625473e-01	   6.6969074090285394e-02	   2.7580885858684911e-01	  -1.7363853281828515e-01	   2.5690728250126871e-01	   2.7741041646723091e-01	   2.2759731863922064e-02	   5.1705806709538882e-01	   7.3485044431370805e-01	   4.4676517936962501e-01	   6.4883032429835374e-01	  -5.1613993353273137e-02	   2.0396029191715090e-01	  -3.6459997263573668e-01	  -4.6759070259571700e-01	  -5.2877524566695511e-01	  -6.1386064646154614e-01	  -5.7245160345203494e-02	  -4.0296524067040107e-01	  -6.8483747163424844e-03	   6.2789964018428135e-01	   4.2645290707430777e-01	   4.1709341867290528e-01	   4.2932671096058783e-01	   6.8743131154201464e-01	   1.8682569983798919e-01	   1.2491670030874932e-01	   6.4143055127628079e-02	   6.6430812872577583e-01	   2.9308874125763973e-01	   3.7156424433940710e-01	   3.8076598698928737e-02	   3.5502769464296824e-01	   8.7638546837635074e-03	   2.7250952618301977e-01	   2.7175228565333398e-01	   6.1304704285279787e-01	   2.4169677104262322e-01	   3.2626163841508438e-01	   2.5998782230874751e-01	   2.0346163016881003e-01	   1.6921396280964357e-01	  -2.1564182571162577e-01	   1.7448593986392275e-01	   1.1299081143708918e-01	   5.6916540008395766e-01	  -1.9771787481286929e-01	   2.1621338413965044e-01	   9.3592959462287051e-01	   5.3282553162197077e-01	   8.9290572402386714e-01	   5.0831077881033970e-01	   7.7330744580244382e-01	   5.3396740438301626e-01	   7.9363285163705943e-01	   4.2882238620711044e-01	   4.9677998390665190e-01	   5.3983264867768677e-01	   5.3112236882809705e-01	   7.2003608702353594e-01	   6.1518961698258912e-01	   4.5646612878381326e-01	   9.0439034590134609e-02	   3.6322287994389030e-01	   6.6237135102255285e-01	   3.2772038826478145e-01	   3.2092730586696006e-01	   6.0032986863641824e-01	   5.1378015707431268e-01	  -2.4517786586461277e-01	   3.7209019108381380e-01	   3.9846732837952731e-01	   3.3058889793390134e-01	   2.1451842020455331e-01	  -6.0886674125506857e-02	   5.0607183045251114e-01	   2.7935039991102549e-02	   4.6498738635289200e-01	   1.3050421411160283e-03	   5.3854738589799578e-01	  -1.1978970766744695e-01	
   2.5122132264282426e-01	  -3.8934657714219811e-01	   0.0000000000000000e+00	   4.9307753134904542e-01	   5.1948736824190300e-01	   8.0937524515161297e-01	   9.0967125723680597e-01	   2.6175028847797621e-01	   6.0451470385658612e-01	   6.4836403169382950e-01	   4.9802733356003587e-01	   3.0139489661509405e-01	   7.6040008544334936e-01	  -3.6824818939014386e-03	   3.8469581898620236e-01	   3.7433134070125018e-01	  -2.6576141017909011e-01	  -4.0562190210670279e-01	   4.1050273649764574e-01	   1.1114798611496537e-01	   3.6013851774044214e-01	   8.3863866338428808e-02	   8.9615570874704709e-01	   8.1695030114968681e-01	   8.7028517845875941e-01	   7.9721560674326808e-01	   5.7572950029012970e-01	   7.5390795380276687e-01	   9.3281875957375207e-02	  -5.4242291272223575e-01	  -6.6080162020982186e-02	  -1.0662290949408397e-02	   1.5016842819104792e-01	  -2.4870701861532948e-01	   4.6391127810404564e-01	   3.1702661398702925e-01	  -1.1286617038874386e-01	  -3.2488457751921240e-01	   1.4868507319770871e-01	  -6.4075603405563578e-02	   2.1949138106580846e-01	  -2.0125850046849958e-01	   4.1584794823189980e-01	   3.4160214733603159e-02	   4.1390986882949082e-01	  -7.7246923177232224e-02	   9.6568700752738712e-02	   5.2944464696951840e-02	   2.1219901269468250e-01	   3.6775733133814614e-01	   2.6510924515480511e-01	   3.4542416736704279e-01	   1.0010075061575772e-01	  -5.8853209507396989e-02	  -3.4488023509005827e-01	   4.0365637045365654e-01	   1.8594681538661978e-01	  -4.6612660107895626e-01	  -1.5072642253442203e-01	  -4.5966935692551020e-01	   2.2497605380466926e-01	  -2.8430317264249094e-01	   2.2400628026411275e-02	  -3.5186634408861572e-01	   3.3426709018307044e-01	  -1.9657682462872226e-02	   1.6824143785299794e-01	   6.7122400018373246e-02	  -1.1147779057672200e-01	   8.7687862444111475e-02	  -1.1843671721448845e-01	   3.2620114397181044e-01	   4.0301674244503712e-02	  -2.4863972001050871e-01	   2.7332587254159524e-01	   3.1381324813376577e-01	  -2.7550950729542712e-02	   2.4484064024299562e-01	   3.0641001985050009e-01	  -3.2129842708626077e-01	  -3.8522500156241826e-02	  -2.3141017067111441e-02	   3.7606431494224289e-02	   1.4337302359486087e-01	   1.5233138186707965e-01	   3.8665260105532528e-01	  -2.1126609833811971e-01	   2.8243517352899172e-01	  -1.5335047875581437e-01	   4.4205528524380938e-01	
  -3.5470257014064199e-01	   4.6465295407044471e-02	   4.9307753134904542e-01	   0.0000000000000000e+00	   7.5282112814016600e-01	   4.9723699709355962e-01	   4.1711441773523367e-01	   9.4338053869715677e-01	   7.8787460837533696e-01	   5.4200088657965095e-01	   1.9520554878867521e-01	   8.0753098501496445e-01	   3.9286370368202050e-01	   7.4210037546902297e-01	   6.4049212554619173e-01	   6.3867863291098059e-01	  -1.9538181856661285e-01	   4.9959585685471472e-02	   5.1610479806916032e-01	   4.4560473523060151e-01	  -7.5270585693664219e-04	   3.8400028803258346e-01	   7.4331635063747969e-01	   7.5335458794614629e-01	   5.8904128884980311e-01	   5.0060754257123952e-01	   5.4745206874103236e-01	   3.5507371039787883e-01	  -3.0080038583008850e-01	   2.0647825530488323e-01	   5.3868296331844784e-02	   1.6358280287486868e-01	   4.3777170929836390e-01	   3.6556293535193707e-01	   6.4875397061700246e-01	   6.4208821788173931e-01	  -6.0620067866979854e-01	   2.5288053034276825e-01	   4.4749132759842464e-03	   2.4506662932640993e-01	  -1.6154168655873721e-01	   3.0378517013194750e-01	   3.0199982755790100e-01	  -3.7333746634163487e-02	   5.6266623362905821e-01	   2.3265867844867621e-01	   1.4346888829237217e-01	   5.6817465505197923e-02	   2.2159518895886549e-01	   2.6231232996953591e-01	   3.4441748384867943e-01	   6.4292950655696596e-02	   2.0730508632254510e-01	  -1.6356344970608883e-01	   4.3814103473090771e-01	  -4.0657600304982400e-01	  -3.9150782417641750e-01	  -3.9191000952814289e-02	  -4.1632379460328006e-01	   5.0716462308440055e-02	   1.1517186797963887e-01	   3.4442858186058756e-01	   1.8590142747225102e-01	   2.3191422371679699e-01	   5.0069705005357190e-01	   5.3472709569139965e-01	   2.2915086970280613e-01	   3.9266800287431169e-01	   9.9920922755886113e-02	   1.6350292919331399e-01	   4.0884068009389207e-01	  -8.8763244633216068e-02	   6.0665696753864580e-02	   6.7597934315304420e-02	   4.6756465952008569e-01	  -1.5865172100270525e-02	   4.1799830834361335e-01	   2.5422806605398168e-01	  -7.9549653614213664e-02	   2.4440173810371621e-01	   4.5553311113742262e-01	   2.8549343685269762e-01	   3.7551959838814902e-01	   2.1014225101894803e-02	   6.1573157416942459e-01	   2.4981054770992578e-01	   2.7960199507302119e-01	  -1.0516799154711028e-01	   6.4062040638212991e-01	  -1.8151053232779540e-01	
  -7.2339606568240150e-02	   1.7702425314613970e-01	   5.1948736824190300e-01	   7.5282112814016600e-01	   0.0000000000000000e+00	   5.8678517908248407e-01	   4.7873811671096689e-01	   6.8625335271020571e-01	   8.8038707967178575e-01	   5.2067054524990775e-01	   4.1835964107983414e-01	   6.1484203291607176e-01	   5.0064372610486763e-01	   4.9441226607365463e-01	   6.7119333869426945e-01	   5.1169279538239865e-01	  -1.3919960432289369e-01	   8.6024784285685552e-02	   5.9678266491722209e-01	   4.2202559991811073e-01	   1.1879731226741050e-01	   3.2362193869375216e-01	   6.5264295528837102e-01	   5.6724471282181399e-01	   6.0015661036960699e-01	   4.9276353686324231e-01	   6.5084972163258381e-01	   5.1402487934136698e-01	  -1.8710577390599387e-01	   9.6697030473433421e-02	   2.3336680290795931e-02	   3.2196933206312117e-02	   3.3793520652250547e-01	   2.0828848380455467e-01	   5.2455658098264479e-01	   3.6907480516847097e-01	  -5.1756198567591849e-01	   1.7692922546082110e-01	  -6.6355033937404495e-02	   2.9412469293053224e-02	  -1.9626581403566992e-01	   8.5001920074457754e-02	   2.3272060907636105e-01	  -2.8602989942508726e-02	   4.1254775979840907e-01	   2.2247052329544481e-01	   6.7230733814022753e-02	   1.4775751333766804e-01	   3.4522622763026356e-01	   3.8936979061648552e-01	   4.7211028254648180e-01	   6.4700268378570902e-02	   2.3880545869803488e-01	  -5.6244708816504049e-02	   2.9674250643703382e-01	  -2.5138723299590648e-01	  -1.4271027323493993e-01	   8.4765748285298731e-02	  -1.6360812877466224e-01	   1.3705320721190684e-01	   3.7609279332098755e-01	   3.5224981195089999e-01	   3.0725107000624641e-01	   1.9876899217366184e-01	   5.9172445042620614e-01	   4.0400742739770013e-01	   2.3176224100341911e-01	   2.5671808208015184e-01	   2.4343495348216593e-01	   2.8164261660562551e-01	   3.2274776063039534e-01	  -2.8506807031609127e-03	   4.5781890492189482e-02	   4.4243179800711227e-02	   4.2213302737463865e-01	   1.1050010096508946e-01	   3.8274238036805985e-01	   2.9848128386678752e-01	  -6.2879652726105670e-02	   1.9913000203841347e-01	   3.0523932587603081e-01	   2.1755115160943733e-01	   3.4263888987033286e-01	   1.4891821991921958e-01	   5.8119509325821173e-01	   1.1058500330106484e-01	   2.5643744763809218e-01	   8.4296015741669353e-02	   5.8066667234286695e-01	  -6.9752220400962031e-02	
  -4.6267765350908305e-02	  -4.9868862862800767e-01	   8.0937524515161297e-01	   4.9723699709355962e-01	   5.8678517908248407e-01	   0.0000000000000000e+00	   7.6852634156352462e-01	   2.7530440945517287e-01	   6.5242822718149351e-01	   8.6053670046040276e-01	   3.2767752204196587e-01	   2.8383995477615215e-01	   5.2291325228931096e-01	   7.2656956845298895e-02	   2.0979758432882784e-01	   3.2478874663784468e-01	  -4.3878786151201460e-01	  -5.4569127836434050e-01	   1.5753608167705074e-01	  -1.0729793749278156e-01	   3.3224706734969545e-01	   9.7325926339419888e-02	   7.7547787642433097e-01	   8.0022149650013963e-01	   8.7700888901221852e-01	   9.0608181978896951e-01	   5.6539633780479215e-01	   7.7143273603412821e-01	  -7.0062197182907904e-02	  -5.1997341053505719e-01	  -3.5661442851771075e-01	  -3.3634437947974299e-01	  -8.0234452896241953e-02	  -3.8754961136136801e-01	   1.4029484008036286e-01	   1.0570700835735952e-01	  -3.3673044272234604e-01	  -3.6468707555769653e-01	  -2.0418059345963605e-01	  -2.8888788083991168e-01	   1.5194891632622984e-02	  -2.4307866160333114e-01	   2.2890632673548814e-01	  -1.8153666990062178e-01	   1.5254855147217100e-01	  -2.8267021496087369e-01	  -5.5293343128959921e-02	  -1.0520304680526012e-01	   1.8953927796707248e-01	   3.0022101375995769e-01	   1.6598749174023497e-01	   3.2838149764398539e-01	   8.1740915026362840e-02	  -6.8984238013924323e-02	  -3.6322926312600401e-01	   1.9306938725441253e-01	  -4.4684553230632001e-02	  -6.1880019048676893e-01	  -3.9013417616414170e-01	  -5.7169932972269033e-01	   5.5806395675228382e-02	  -2.4200823255985690e-01	  -6.3943157515414378e-02	  -3.6069945664063202e-01	   7.3904264250876900e-02	  -9.5489390610098437e-02	  -2.2382362059262703e-01	  -2.0785887712712051e-01	  -3.4642571903347441e-01	  -1.3208027263123662e-01	  -2.1820359290158733e-01	   4.1633346977315411e-02	  -1.5909842644025129e-01	  -4.4471852874000062e-01	   1.1216401628796058e-01	   6.1721452462097884e-02	  -1.9377420231324133e-01	  -3.6164883367661146e-02	   1.5166087055572164e-01	  -3.5666394145876196e-01	  -1.2737600371505550e-01	  -1.8345150014684336e-01	  -5.8554539522204616e-02	   3.7944273238265172e-02	  -6.3790792171284472e-02	   1.9449041651141249e-01	  -2.7844629962193251e-01	   1.9432206320275655e-01	  -1.4782073972488413e-01	   2.8432559441824157e-01	
   3.8580409993796738e-01	  -3.1845464363711179e-01	   9.0967125723680597e-01	   4.1711441773523367e-01	   4.7873811671096689e-01	   7.6852634156352462e-01	   0.0000000000000000e+00	   2.5577885275200585e-01	   6.1538998086134789e-01	   6.6847676990163163e-01	   6.6765040194227188e-01	   3.5846114609892205e-01	   8.3659029931547324e-01	   3.2860923565622505e-04	   3.9238987716870821e-01	   3.3091507429237188e-01	  -5.4985735107113881e-02	  -2.6803839866272378e-01	   4.8712701633521482e-01	   2.2726396339127036e-01	   4.1194170904577199e-01	   1.5164698368881999e-01	   7.7492341264433773e-01	   7.0240673492619254e-01	   7.1825701698841571e-01	   6.7071707360885224e-01	   4.5234782236321991e-01	   6.5205852930231012e-01	   2.5125697597365165e-01	  -4.1854422895777144e-01	  -9.9443777298132245e-03	   1.9243487758346840e-02	   2.8035444722324693e-01	  -1.4040228139775635e-01	   4.1302243848197101e-01	   3.0898422013766103e-01	  -3.3381563834535617e-02	  -2.6152296476830073e-01	   1.4896969054851222e-01	  -1.1100395741990354e-01	   2.7202964316835954e-01	  -2.0448790989881180e-01	   4.1471457131146444e-01	   1.0416956130893226e-01	   4.3755777795979728e-01	   2.2629573141763885e-02	   1.1684773547057538e-01	   1.1724254955980852e-01	   1.5723514243346054e-01	   4.1435433415393413e-01	   1.5803645702981178e-01	   2.2377280134261393e-01	  -1.6920853538825366e-02	  -1.4077214971529162e-01	  -3.3934222983971052e-01	   4.7754995240467646e-01	   3.1029285987957839e-01	  -4.4103705688338835e-01	  -1.8663556650050692e-02	  -3.8915816799527048e-01	   4.2717325214226964e-01	  -1.5971174445693601e-01	   2.4063217140106016e-01	  -2.1482972328208458e-01	   4.3247057507223136e-01	   1.0119293765857595e-01	   2.1839093650791941e-01	   1.4113851495937985e-01	   2.4702459131333589e-02	   2.2783011785243454e-01	  -7.8519737578638366e-02	   4.3379507694704961e-01	   1.3283924734786540e-01	  -1.3667542332447008e-01	   2.4446079077005348e-01	   3.6963026090952733e-01	   4.4754503203128113e-02	   3.5058501190051616e-01	   2.8809944220902189e-01	  -3.6625900124290522e-01	  -3.2504727348992186e-02	   1.2680758824539824e-02	  -2.6495360833138332e-02	   1.0812647589353384e-01	   7.2572746627793727e-02	   4.2411770514211988e-01	  -2.1820717814659235e-01	   3.1756697969550501e-01	  -1.8049444622039990e-01	   4.8708715049070672e-01	
  -3.6450311183834261e-01	   2.2914520766856228e-01	   2.6175028847797621e-01	   9.4338053869715677e-01	   6.8625335271020571e-01	   2.7530440945517287e-01	   2.5577885275200585e-01	   0.0000000000000000e+00	   7.4281473831097156e-01	   4.1645677189797126e-01	   1.8510844662832693e-01	   8.7857006003903160e-01	   2.9613867322093523e-01	   8.4472050881867344e-01	   6.6040301171370230e-01	   6.2963058142183570e-01	  -6.0291901916161239e-02	   2.7995123857318882e-01	   5.4650808552840802e-01	   5.6349764352816023e-01	  -1.2553262351860750e-01	   4.5157508089222920e-01	   5.5265702011094808e-01	   5.5369490325660164e-01	   3.4030709389601710e-01	   2.6088465443621900e-01	   4.2839719690216604e-01	   1.3619027323691618e-01	  -2.9524551537997523e-01	   4.5105244094523694e-01	   1.6257994422669753e-01	   2.6190541904619219e-01	   5.6643333101808979e-01	   5.5155307574022916e-01	   6.5444145424874733e-01	   6.7390381209677241e-01	  -5.8371178447332861e-01	   4.4852477545339442e-01	   4.0031895962335723e-02	   3.1516815498715334e-01	  -1.8417426160426340e-01	   4.0562787708761178e-01	   2.2140521323455253e-01	  -3.0501720042680949e-03	   5.4393831840547158e-01	   3.5314446364717983e-01	   1.3683529945921907e-01	   1.0269055254923362e-01	   1.7117875811204661e-01	   2.0254543113214091e-01	   2.9085910889475386e-01	  -9.3451582065389227e-02	   1.4877647620102258e-01	  -2.0094181629192887e-01	   6.0395633828308126e-01	  -5.2755205682923045e-01	  -4.3238316986526626e-01	   1.4582666159809790e-01	  -3.2919267378471645e-01	   2.3009136148252879e-01	   1.8563304520567372e-01	   5.3289535148744571e-01	   3.0292959815125803e-01	   4.1964801130743268e-01	   5.7785341562494219e-01	   6.9115713105805043e-01	   2.9180957458936008e-01	   4.8780336193329876e-01	   2.3835689972805607e-01	   2.4880673268524472e-01	   5.5230328150147923e-01	  -1.0505791369622225e-01	   1.2267094964308239e-01	   2.3185604573338353e-01	   4.9158616217877144e-01	  -5.6550708129977340e-02	   5.6985889611898610e-01	   3.0268088311731511e-01	  -2.0276831511155219e-01	   3.8862623176184374e-01	   5.3996435480325888e-01	   3.6304337453320623e-01	   3.7566647123203500e-01	  -1.3687060910119678e-02	   6.7811769657597654e-01	   1.9778426089378642e-01	   3.7473288835187907e-01	  -2.1328566957923659e-01	   7.7350116772525013e-01	  -3.0633134399229900e-01	
  -7.4695928582881710e-02	   6.6644038882694781e-02	   6.0451470385658612e-01	   7.8787460837533696e-01	   8.8038707967178575e-01	   6.5242822718149351e-01	   6.1538998086134789e-01	   7.4281473831097156e-01	   0.0000000000000000e+00	   6.9759857750334286e-01	   4.9360533641534965e-01	   7.3757125255891076e-01	   6.4325670061652185e-01	   5.3689210374826701e-01	   6.9997398361568108e-01	   5.9184406788189159e-01	  -2.5302710013974627e-01	   5.9090236027386769e-03	   5.5292076348288210e-01	   3.6199213549364972e-01	   5.1406314670821497e-02	   3.3365567703085325e-01	   7.3647454989718353e-01	   6.6255928395838892e-01	   6.2971777943617080e-01	   5.7252713640158448e-01	   6.1698518151125592e-01	   4.8752652281572395e-01	  -2.6479811011571863e-01	   2.0099816407904442e-02	  -1.6142987091133681e-02	   1.9927151569108688e-02	   3.6206521588137019e-01	   1.3896799878856531e-01	   6.0845508001593529e-01	   4.8030360690480473e-01	  -5.2006446563419240e-01	   1.6875512797366610e-01	  -3.5599859510229898e-02	   4.0234037140935146e-02	  -1.7231283089851585e-01	   3.9369343766710307e-02	   3.4743330660862359e-01	   4.7481188685886820e-02	   4.9069772567880243e-01	   2.3662153616187614e-01	   1.0147296602414875e-01	   1.9159344291051750e-01	   3.2240747367195333e-01	   4.2569582781621867e-01	   4.3743029667631211e-01	   1.5223325728598242e-01	   1.4398735818979885e-01	  -7.9741825532996746e-02	   2.2529624687712152e-01	  -1.8725850619440643e-01	  -2.0963574341989694e-01	  -2.4577311770442395e-02	  -2.5345312080168447e-01	  -1.2444217891576011e-02	   3.2397123873361533e-01	   3.1796430542813636e-01	   2.1668991513679944e-01	   1.0507047054954158e-01	   6.4516745154481703e-01	   4.7058958007855001e-01	   1.7757797374501930e-01	   2.3896454776867182e-01	   8.9166046071019828e-02	   1.9239825073740954e-01	   3.1709786538243345e-01	   4.9488364088627109e-03	  -2.7079827059207730e-02	  -6.1717998254137207e-02	   3.8593130167382483e-01	   5.2037594316413839e-02	   3.1703631382062647e-01	   2.1838425057595084e-01	  -1.4645559803129138e-01	   1.2842130940315616e-01	   2.3816666443421630e-01	   1.2401788634384273e-01	   2.1665869911523930e-01	   6.5867948435116785e-02	   5.4943189544749615e-01	   2.0398203250217159e-01	   1.8209236719669664e-01	   1.1066059036371220e-02	   4.8624774589588693e-01	  -2.0106894667639274e-02	
  -1.3445895465852928e-01	  -3.7762631597625473e-01	   6.4836403169382950e-01	   5.4200088657965095e-01	   5.2067054524990775e-01	   8.6053670046040276e-01	   6.6847676990163163e-01	   4.1645677189797126e-01	   6.9759857750334286e-01	   0.0000000000000000e+00	   3.7157737940362756e-01	   4.9208891386959774e-01	   4.9646148726510819e-01	   2.6463815496192067e-01	   2.9146366642816279e-01	   4.9543186647386595e-01	  -4.5952298666784419e-01	  -4.5456926055120744e-01	   2.0560051291885872e-01	  -3.3750916335110064e-02	   2.4501010149177860e-01	   2.3832616241773319e-01	   6.7681053413598224e-01	   7.1535888250941659e-01	   6.8849282410150214e-01	   7.4248984407968277e-01	   5.9286815992746766e-01	   6.1482043968850042e-01	  -2.2227092128870204e-01	  -3.0771162291379528e-01	  -2.2348016775718588e-01	  -2.1157977735612893e-01	   2.1028263200300573e-02	  -2.2601231454368431e-01	   1.8053996382868992e-01	   2.3088276405479338e-01	  -3.2558735267728645e-01	  -1.5365392708538156e-01	  -1.2175879334117193e-01	  -1.1119696267870127e-01	  -8.0764568210226650e-02	  -1.2489778169243965e-01	   2.0151018294164363e-01	  -1.4416098212195305e-01	   1.7318218387766235e-01	  -1.4469265943368154e-01	  -4.6031030234103203e-02	  -8.1534610305773553e-02	   2.0813119796757604e-01	   3.1236755272607375e-01	   1.9967578552185972e-01	   3.3377317003259654e-01	   1.5697699409343773e-02	  -3.6464549754495895e-02	  -1.9751366434690695e-01	   6.6516967052168433e-02	  -2.2111219411051453e-01	  -5.3861221352855981e-01	  -3.8125110547386304e-01	  -4.5392127722183667e-01	   7.0039126831611204e-02	   6.4341426473134454e-03	  -3.1501133774084242e-02	  -2.1194461581473584e-01	   1.5410016528299600e-01	   7.7816017560188244e-02	  -2.4775616444033843e-01	  -1.7476774776064968e-01	  -3.0436857059790379e-01	  -1.1433736160213219e-01	   5.9258827939034208e-03	   4.2137318267322518e-02	  -2.1756518618706999e-01	  -3.6710607452503785e-01	   1.4469462862847282e-01	  -1.9392161137268191e-02	  -3.4534374338378311e-02	  -1.1697238323735133e-02	  -1.3999838327167902e-01	  -3.5563686855453391e-01	  -1.5507556694902397e-01	  -2.7960709024851971e-01	  -1.2490832223395312e-01	  -1.6820517822089870e-01	  -2.9245153854572159e-02	   9.4548086007254423e-02	  -1.1042280823282812e-01	   2.8673804668318641e-02	   5.8667631406344968e-04	   1.2018726767386004e-01	
   4.6001991746749249e-01	   6.6969074090285394e-02	   4.9802733356003587e-01	   1.9520554878867521e-01	   4.1835964107983414e-01	   3.2767752204196587e-01	   6.6765040194227188e-01	   1.8510844662832693e-01	   4.9360533641534965e-01	   3.7157737940362756e-01	   0.0000000000000000e+00	   4.0373640430806912e-01	   8.1751117780665195e-01	   1.7393024482490296e-01	   4.8297139354596763e-01	   4.2045864653083365e-01	   1.3956275976544827e-01	   2.2049215894564267e-01	   5.5689586743043740e-01	   3.6043970630629074e-01	   3.6454439996999810e-01	   3.3914808325144080e-01	   4.2707380797297750e-01	   3.0207549957056495e-01	   3.5431749103656973e-01	   3.0295668925710439e-01	   3.2106851237400258e-01	   3.9918982547832305e-01	   3.4770262437791882e-01	   6.2705055564154302e-02	   3.5080048922434531e-01	   2.3044499817758121e-01	   4.3550905557236164e-01	   9.3361801331161148e-02	   4.1358655522364829e-01	   3.1363764798165206e-01	   1.1155149752501142e-01	   4.8570055998480841e-02	   2.6970931754940353e-01	  -5.8370388093884982e-03	   2.2755921927994507e-01	  -1.1036969247424852e-01	   3.2385142370440129e-01	   1.5063223198394926e-01	   3.5627081736697408e-01	   2.2646038287267439e-01	   1.2324762539670575e-01	   2.8366162318921284e-01	   2.9765052469157527e-01	   4.2424398198296237e-01	   3.3454385294379735e-01	   9.0074123375130127e-02	  -6.4460078206446753e-02	  -3.6984426780254459e-02	  -6.2655420108520959e-02	   2.4239106284093620e-01	   2.7094271594768510e-01	  -4.4153928007320525e-03	   1.9589477467062147e-01	  -2.2213849530919171e-02	   6.0374945619592213e-01	   1.6686796066226078e-01	   4.3989790853546562e-01	   8.4954831300098524e-02	   6.1437180529234980e-01	   1.9604302851530919e-01	   2.9733512552256219e-01	   1.5341680919188277e-01	   2.9122275078049875e-01	   3.3171960216901980e-01	   2.8482745361102479e-01	   4.6452226493130266e-01	   2.3678164430857901e-01	   1.7577871239162302e-01	   3.8452593208514396e-01	   3.3293643335892698e-01	   4.1056311860811245e-01	   4.6172858788883037e-01	  -2.3508767535173225e-02	  -1.2107623543454449e-01	  -2.1808404135134997e-02	   6.7668999760296680e-02	  -1.4701947346621228e-02	   1.7142467335222544e-01	   2.0644768353978149e-01	   7.5152784240110806e-02	  -5.5061642908759367e-02	   7.2066111358161595e-03	   8.2091545004624816e-02	   2.0875808753541186e-01	
  -1.1840776898917071e-01	   2.7580885858684911e-01	   3.0139489661509405e-01	   8.0753098501496445e-01	   6.1484203291607176e-01	   2.8383995477615215e-01	   3.5846114609892205e-01	   8.7857006003903160e-01	   7.3757125255891076e-01	   4.9208891386959774e-01	   4.0373640430806912e-01	   0.0000000000000000e+00	   4.0516090595921539e-01	   7.6391144931364752e-01	   6.2908454362665789e-01	   6.3778320778172692e-01	  -2.1536859245560418e-02	   2.9896953156770989e-01	   6.2256670673885206e-01	   6.0572988798190674e-01	   5.0171623912499595e-02	   4.4091799287970690e-01	   5.2995457537033364e-01	   5.2258823299069057e-01	   2.9918628425440552e-01	   2.5149138640813168e-01	   4.2102859272267490e-01	   2.1581136356725261e-01	  -1.4136608223734576e-01	   3.9450167309112089e-01	   2.8643116455609963e-01	   3.4725709762575263e-01	   5.9030909290593969e-01	   5.1841489851195377e-01	   6.5013187476272483e-01	   7.0505992665558281e-01	  -4.2242758205833497e-01	   4.3236183566704650e-01	   1.9730821427834488e-01	   3.8449121632244010e-01	  -6.7084256340226731e-02	   3.8801385992206938e-01	   3.0460012076241111e-01	   9.2395253225492496e-02	   5.5401105868582901e-01	   4.0910044027385523e-01	   1.6434161582458798e-01	   1.8711413333667321e-01	   2.8348879850457009e-01	   3.0908583927160105e-01	   3.6837044364656824e-01	   2.1323239525868655e-02	   1.7743584167214127e-01	  -1.3050171662816029e-01	   4.6542681069264924e-01	  -3.1855343553532023e-01	  -2.6923860687803880e-01	   1.4498618340174538e-01	  -1.3731891754070413e-01	   2.1655015863310711e-01	   3.5748340789574262e-01	   5.8093764794562786e-01	   3.5424259526551138e-01	   4.1328677371664052e-01	   6.2718017359315947e-01	   6.9557622579857847e-01	   3.1030726556709320e-01	   4.5641945508904913e-01	   2.6730761268930414e-01	   3.2667883168915252e-01	   5.3012659806341711e-01	   8.3888821544559275e-02	   1.5577358104426492e-01	   2.3982914765955504e-01	   4.6392453490612617e-01	   6.4940235952095901e-02	   5.7031351140264497e-01	   4.0455333827850304e-01	  -1.5448822763264625e-01	   1.8439551971667603e-01	   4.2596218591897234e-01	   2.0820420298412731e-01	   2.6302849734707484e-01	  -4.3273481450521303e-02	   5.4430522048446250e-01	   1.8035794779018482e-01	   3.3111537534677099e-01	  -1.5471576357926298e-01	   6.0809151572021525e-01	  -1.8406383457587511e-01	
   3.8083124298343124e-01	  -1.7363853281828515e-01	   7.6040008544334936e-01	   3.9286370368202050e-01	   5.0064372610486763e-01	   5.2291325228931096e-01	   8.3659029931547324e-01	   2.9613867322093523e-01	   6.4325670061652185e-01	   4.9646148726510819e-01	   8.1751117780665195e-01	   4.0516090595921539e-01	   0.0000000000000000e+00	   1.1253696218850724e-01	   6.2236474788094120e-01	   4.4489749251320243e-01	  -5.0123148883719035e-02	  -9.1936382597701927e-02	   5.8267690041090514e-01	   2.8652061627643988e-01	   3.1182632442422797e-01	   2.3141010932949635e-01	   7.1826231174131150e-01	   6.1040365450539513e-01	   6.1409281822956341e-01	   5.2350945369629165e-01	   4.3876538711732987e-01	   5.7939724646292678e-01	   1.9175864836519174e-01	  -2.6019577534005367e-01	   1.8384923322022087e-01	   1.7060543180048490e-01	   3.5666798829167135e-01	  -6.3047561275762026e-02	   6.1899663127920301e-01	   4.3652059779748770e-01	  -2.4613197308861329e-03	  -1.0782896343176308e-01	   1.5803239916113843e-01	  -5.5782526994264246e-02	   1.7967192746176397e-01	  -1.3702580322335972e-01	   4.6999523941928900e-01	   1.8015458414932095e-01	   4.6171357089651260e-01	   1.7241834919462767e-01	   9.4125022754451684e-02	   2.5375149881871700e-01	   3.0737453283912913e-01	   4.6518237240002058e-01	   3.4077136476729880e-01	   2.1067271373848939e-01	  -5.8357495325014525e-02	  -8.5972044358966063e-02	  -2.0602425834473626e-01	   3.0010322686168878e-01	   2.2078602179012913e-01	  -2.2266443633076863e-01	   5.5586007523529365e-02	  -2.0323985899392719e-01	   4.7064451219830633e-01	  -1.9671584806301379e-02	   1.7307560395876886e-01	  -1.6806279362882032e-01	   6.4622118918963001e-01	   1.9241850834246876e-01	   2.8942109980834052e-01	   1.7573336994737304e-01	   1.4313724202502945e-01	   2.2321188455114827e-01	   1.7691784533422902e-01	   4.4194329568394386e-01	   1.8858786287614590e-01	  -3.9580981609289211e-02	   3.5390200723564025e-01	   2.9322987970157877e-01	   2.0788788408713832e-01	   3.2815264789452986e-01	   1.7304817956249935e-01	  -1.4378516448688955e-01	  -1.6174700991623929e-02	   1.5390522057508082e-02	   1.0885441173472862e-01	   2.3586521897757645e-01	   2.4471313774681269e-01	   2.4128399711458740e-01	  -7.4264631880707560e-02	   1.6072914979410571e-01	   8.7443932178551832e-03	   2.8387692647091783e-01	
  -4.8718370722629156e-01	   2.5690728250126871e-01	  -3.6824818939014386e-03	   7.4210037546902297e-01	   4.9441226607365463e-01	   7.2656956845298895e-02	   3.2860923565622505e-04	   8.4472050881867344e-01	   5.3689210374826701e-01	   2.6463815496192067e-01	   1.7393024482490296e-01	   7.6391144931364752e-01	   1.1253696218850724e-01	   0.0000000000000000e+00	   5.2451530656825274e-01	   5.6751887665824696e-01	  -7.8753368707872848e-02	   4.3903579508943091e-01	   3.1452341596106070e-01	   3.9603208300820186e-01	  -2.2437000597351053e-01	   4.4154496686343642e-01	   3.4114664225150138e-01	   3.5838676329404229e-01	   1.6280065523037612e-01	   1.1842864624260657e-01	   2.1527856238263565e-01	  -9.5614257498048028e-02	  -3.3369094211490380e-01	   6.3828284463637530e-01	   1.0442297241335276e-01	   8.4606586632361272e-02	   4.0943770590430584e-01	   4.7000600311219698e-01	   4.3457444501994147e-01	   5.3216626473611672e-01	  -5.4775406173598007e-01	   5.5132367911194669e-01	   1.6051508163164668e-02	   3.4244298335955542e-01	  -2.6743878662108150e-01	   4.3195898551924578e-01	   1.7073765583599329e-01	  -7.4776010659120304e-02	   3.5182223492985643e-01	   2.4133322825425993e-01	   9.8141038937158309e-02	   7.6539806752593809e-02	   2.0886405974061578e-01	   1.6326071687395038e-01	   3.4385770531839066e-01	  -1.1553658207860021e-01	   1.8741510097251340e-01	  -4.4167219152867913e-02	   7.4423227627760635e-01	  -6.5841108682798855e-01	  -5.6088222530440301e-01	   2.1949236990773702e-01	  -4.1614207023692712e-01	   2.4737701643499804e-01	   3.1122117152693664e-02	   5.0323015788577941e-01	   2.9651076954453759e-01	   4.8585811970280446e-01	   3.7102165753597988e-01	   5.0384352317181658e-01	   6.4382464764402320e-02	   2.5422465657514176e-01	   1.5217311586445079e-01	   9.3678651747268721e-02	   5.1501532214395929e-01	  -3.1392747920528674e-01	   2.3801875238692601e-02	   2.9966505811615157e-01	   3.8984773473219803e-01	  -1.5174264784070257e-01	   5.8214647462538072e-01	   1.5820582576468911e-01	  -4.1153976549260118e-01	   4.7017613840130645e-01	   4.8758167221492887e-01	   3.4313035208029619e-01	   3.0409750685685422e-01	  -6.8984723998676098e-02	   5.9422863597258302e-01	  -5.1894910990707033e-02	   3.8263801231297706e-01	  -4.7226104852537271e-01	   8.1763454005270675e-01	  -4.2814794828790037e-01	
   7.9749404478372934e-02	   2.7741041646723091e-01	   3.8469581898620236e-01	   6.4049212554619173e-01	   6.7119333869426945e-01	   2.0979758432882784e-01	   3.9238987716870821e-01	   6.6040301171370230e-01	   6.9997398361568108e-01	   2.9146366642816279e-01	   4.8297139354596763e-01	   6.2908454362665789e-01	   6.2236474788094120e-01	   5.2451530656825274e-01	   0.0000000000000000e+00	   6.5683265627387444e-01	   1.3647328329217134e-01	   2.7938028553911726e-01	   7.9634766293121184e-01	   6.2881949735377607e-01	   1.3715058469320407e-01	   4.9018253997917904e-01	   5.5355227692668174e-01	   4.2688433967186579e-01	   3.2903887729853742e-01	   1.7795901644349288e-01	   5.5107120272178667e-01	   3.3540576112862647e-01	  -1.7729537864341543e-02	   2.3872080116866454e-01	   4.0342521570288320e-01	   4.1347917545333002e-01	   5.1368955354733203e-01	   3.8798303010761748e-01	   7.7622868777449383e-01	   6.2361248426269777e-01	  -2.0434438148764927e-01	   3.1089652638248411e-01	   1.0951855194258198e-01	   2.6606670643229313e-01	  -4.6411146815433367e-02	   2.5532277768246509e-01	   3.0648827148080149e-01	   1.2514838869819425e-01	   5.2496424705689271e-01	   4.0553435773334395e-01	   7.3877578213228268e-02	   2.9715687150201581e-01	   2.4841934131055571e-01	   2.6164899449733514e-01	   3.7497125989391583e-01	  -6.8279048170571344e-02	   8.9174744415776150e-02	  -9.5225813102126494e-02	   3.1653911224227615e-01	  -1.7628860149518288e-01	  -2.7626676514905458e-02	   2.6034137790463063e-01	   4.3233605749404873e-02	   3.0426178347426375e-01	   4.2050070118013294e-01	   3.8579902634570173e-01	   2.7159271416267777e-01	   2.4295028509087055e-01	   7.7679949221800593e-01	   5.6456642489217157e-01	   4.4749596187057167e-01	   4.4392556332704086e-01	   4.5836503713244681e-01	   4.3992619581525538e-01	   6.0904248336531697e-01	   2.4469728118222756e-01	   2.2187007261998956e-01	   2.8549632072271991e-01	   5.7932693251994682e-01	   2.3634928812592637e-01	   5.1373510825644475e-01	   4.4188031749186696e-01	  -1.3225673805378473e-02	   3.7674687772999238e-01	   3.6531345231141599e-01	   3.1060664947572175e-01	   5.7114540965561211e-01	   3.3970944345324572e-01	   6.8708025815351803e-01	   1.9667059682563576e-01	   4.4008880559580488e-01	   1.0536544128124831e-01	   5.9442164384211482e-01	  -1.0233292284112305e-01	
  -1.6791022188747873e-01	   2.2759731863922064e-02	   3.7433134070125018e-01	   6.3867863291098059e-01	   5.1169279538239865e-01	   3.2478874663784468e-01	   3.3091507429237188e-01	   6.2963058142183570e-01	   5.9184406788189159e-01	   4.9543186647386595e-01	   4.2045864653083365e-01	   6.3778320778172692e-01	   4.4489749251320243e-01	   5.6751887665824696e-01	   6.5683265627387444e-01	   0.0000000000000000e+00	  -1.0402011727223526e-01	   1.3582219250923466e-01	   4.8664018902182254e-01	   3.9370138203074512e-01	   8.6828480958365775e-02	   4.4195860316645835e-01	   5.2043278801764681e-01	   5.1463792431051913e-01	   4.4423400471079788e-01	   4.1044860791187299e-01	   5.0682587264294376e-01	   3.7662294810593927e-01	  -6.4100145819847257e-02	   2.9078339681108767e-01	   3.9714183105077527e-01	   3.2902467793258905e-01	   4.7585656734000259e-01	   2.5418919278640267e-01	   6.0576356175444546e-01	   6.8668601469795754e-01	  -2.1444175036981908e-01	   2.7274661609346978e-01	   1.4305212282702789e-01	   1.7769409829943555e-01	  -1.1861080338149270e-01	   2.2753294303870364e-01	   2.9770875296786420e-01	   7.9835822753093519e-02	   4.6963574291941890e-01	   3.1441140077934482e-01	   2.3523785842430070e-01	   3.0134803172175484e-01	   2.1085936746113648e-01	   2.2696412483509160e-01	   3.3116481472554249e-01	   1.5272756471316290e-01	   1.9925389923620729e-01	   2.7186349080898509e-02	   2.8701687470551751e-01	  -1.3885773369524659e-01	  -2.2831478491160470e-01	  -3.4329442650273170e-02	  -2.4057682753057608e-01	   7.3313759746812188e-02	   1.1305711350529893e-01	   2.9037034588424437e-01	   1.4045447469235375e-01	   1.0505182008809874e-01	   4.6812464892022376e-01	   5.2366603378591947e-01	   2.3239749853935532e-01	   3.4161355994973575e-01	   1.4796826000137345e-01	   2.5600779584463473e-01	   5.3619591994095672e-01	   1.4907643781630897e-01	  -6.2795423604618261e-02	   9.3575226299574321e-02	   4.9245853659331723e-01	   5.2925397458602114e-02	   4.6386818510776107e-01	   3.1753718994545271e-01	  -9.5196240571031168e-02	   3.2060725364013454e-01	   3.0201186295791127e-01	   3.4032400342744834e-01	   3.4219687840899526e-01	   2.7375884649616289e-01	   5.2989503124206783e-01	   2.7850193461074668e-01	   2.5530904671586757e-01	  -1.9652759082842700e-01	   4.5614897433103013e-01	  -2.0815268278531956e-02	
   5.1404169304862324e-01	   5.1705806709538882e-01	  -2.6576141017909011e-01	  -1.9538181856661285e-01	  -1.3919960432289369e-01	  -4.3878786151201460e-01	  -5.4985735107113881e-02	  -6.0291901916161239e-02	  -2.5302710013974627e-01	  -4.5952298666784419e-01	   1.3956275976544827e-01	  -2.1536859245560418e-02	  -5.0123148883719035e-02	  -7.8753368707872848e-02	   1.3647328329217134e-01	  -1.0402011727223526e-01	   0.0000000000000000e+00	   6.3683199255205614e-01	   4.2310010998868003e-01	   6.2134277970623075e-01	   1.8829460259434094e-01	   2.4728783926882994e-01	  -3.6765444273432440e-01	  -4.4570018201998762e-01	  -5.2643370752042407e-01	  -5.7708415334324148e-01	  -2.3296438966004790e-01	  -3.1011857840050550e-01	   5.6155803291897621e-01	   4.5874955712600995e-01	   4.9506672079759806e-01	   4.8386339089844377e-01	   5.2926590973939402e-01	   5.8318986965732811e-01	   1.0084791804249629e-01	   8.6808996964244378e-02	   4.4695519925588834e-01	   3.4992697310018395e-01	   3.1609418755399088e-01	   1.8751220034489297e-01	   3.5357623788686643e-01	   3.1309849824149610e-01	   2.6259933877867174e-02	   3.2519802514454027e-01	   2.8467454519519803e-01	   5.1616109679840005e-01	   3.0795918353203322e-01	   3.4301879115413630e-01	  -3.1591193348978530e-02	   3.3925205137122050e-02	  -2.4993573751704778e-01	  -3.9823554644932002e-01	   5.1932452123944227e-02	  -8.3649117556783129e-02	   1.0900410654201903e-01	   2.1440984708512428e-01	   5.9419276294012890e-01	   4.5736524831576891e-01	   6.1300442647365239e-01	   5.7266102900164761e-01	   5.1461403464250699e-01	   3.1662400117544354e-01	   6.1434607688817744e-01	   5.5657602418563190e-01	   2.3328119934509398e-01	   3.3624993426481575e-01	   5.5488885800709764e-01	   5.4508816096131030e-01	   7.7415537583291838e-01	   7.1823252603002408e-01	   3.1258842579777224e-01	   4.8191674494993875e-01	   4.9473555906698263e-01	   6.6508284769586634e-01	   2.3344945579053961e-01	   4.5406194299395208e-01	   4.5059405521695917e-01	   6.4180527251330699e-01	   3.0309365866811289e-01	   1.7239402539521154e-01	   4.4110339814258182e-01	   5.3375861357317711e-01	   1.3379343928248266e-01	   1.1438821693535939e-01	   1.5592419568342145e-01	   3.2427690687909516e-01	   1.3604999809331586e-01	   2.2846182306747220e-01	   5.5288087053776032e-02	   2.2290172234244993e-01	
