   0.0000000000000000e+00	   8.6353870194590776e-01	   5.5848348601142539e-01	   6.6650976809025742e-01	   3.9990439719754811e-01	   6.3758924912972126e-01	   4.8179998991883666e-01	   6.3764355061279998e-01	   2.9466657434093430e-01	   3.7605730362630507e-01	   5.2689389265484610e-01	   7.6031964646336303e-01	   6.1989955310020883e-01	   5.9500986975930725e-01	   6.9808902134047424e-01	   6.8305720615024201e-01	   8.8452116428173677e-01	   8.2842356070768219e-01	   8.8010284632759717e-01	   8.9445951165364468e-01	   3.9239762871715012e-01	   6.6101883059932132e-01	   4.8839041906118885e-01	   5.2677585422242390e-01	   4.7502444018199280e-01	   6.3616110890690580e-01	   6.3317751819890900e-01	   6.1237960956903870e-01	   7.2006282333577187e-01	   6.6486120840994034e-01	   6.6402341795666031e-01	   5.7273465818907665e-01	   8.6568236533838949e-01	   8.7369226787118048e-01	   6.9136931039020566e-01	   7.7875489844124468e-01	   4.1036556731084928e-01	   7.2018507061631276e-01	   5.3217669758301756e-01	   5.2870570778840087e-01	   5.7323353270103938e-01	   4.3401003311207631e-01	   7.5041619508003854e-01	   7.6680176486309171e-01	   7.8324831448654963e-01	   8.0206851932907997e-01	   6.7196247177183865e-01	   7.9704098476163321e-01	   8.5577522871354428e-01	   8.0665978743790412e-01	   7.1867275936107200e-01	   7.7293912162179523e-01	   7.5586753768190962e-01	   7.7856638173109083e-01	   7.4871548903098262e-01	   7.6838587933981928e-01	   8.6683222028874485e-01	   8.7435960671668866e-01	   8.8952323835600211e-01	   8.7399154027573622e-01	   8.8299211204973549e-01	   8.4294834012972286e-01	   8.8146794519460880e-01	   8.7229069497309064e-01	   5.6644015752993782e-01	   7.7459484756854446e-01	   8.9041121685991920e-01	   8.7326431763886259e-01	   9.0983583381604338e-01	   8.8150733552195204e-01	   3.3108290737261303e-01	  -1.6052524850759406e-02	   6.9054079041269145e-01	   7.6217116191143464e-01	   8.3188378026242238e-01	   5.4968748123522848e-01	   8.3201011310539952e-01	   8.7093029895134944e-01	   7.1636661209650065e-01	   6.4695383531987061e-01	   8.5839737566170560e-01	   8.3156805681701718e-01	   6.6034942252597073e-01	   7.6534550475464491e-01	   8.2966375908885592e-01	   8.2930403068254455e-01	   7.1515091832191169e-01	   6.5767335342198396e-01	   6.5985043424531398e-01	   8.6208694161723498e-01	
   8.6353870194590776e-01	   0.0000000000000000e+00	   4.3831441379657188e-01	   6.2316664430589608e-01	   4.0938092864817643e-01	   5.5479252821017744e-01	   3.1359545848679976e-01	   6.0647051144173136e-01	   4.6946441363307556e-01	   4.4859522167346100e-01	   2.4023615641990848e-01	   6.8072020781115028e-01	   3.7295582484255069e-01	   5.3049571375521221e-01	   5.6333707917367459e-01	   6.0405186329478600e-01	   8.8520577992506666e-01	   8.8201159217842062e-01	   7.7026548312424559e-01	   9.1282138368361609e-01	   2.8433715886322719e-01	   6.0956349490225281e-01	   3.6677611993021764e-01	   4.5507246527799733e-01	   1.5146797145436475e-01	   4.2008500741006727e-01	   4.5360988566909693e-01	   4.3143520755222209e-01	   6.0685414499934087e-01	   7.5505991798118632e-01	   6.6126578469853348e-01	   6.3402454463425861e-01	   8.3051702261217120e-01	   8.8161775537448928e-01	   6.4738009466603019e-01	   7.3676199549325239e-01	   3.1948820132945865e-01	   8.3143053262413980e-01	   5.1117273694871479e-01	   6.1422783527481983e-01	   5.5671307505136425e-01	   5.9019424970374323e-01	   6.4426146913912330e-01	   7.4398037093328440e-01	   6.7651582773196361e-01	   7.3848694263168491e-01	   6.5335309672468611e-01	   7.5892453976661978e-01	   7.0853260934235673e-01	   6.9543774410670556e-01	   6.0823076379603225e-01	   6.3965973677682697e-01	   6.9881317866233772e-01	   6.2063850202366011e-01	   7.5034907803390438e-01	   6.4737678600950521e-01	   8.0880968092624372e-01	   9.7132336332898284e-01	   9.1348395223558354e-01	   8.9978833003101699e-01	   8.0574692863820985e-01	   7.8466180668930863e-01	   8.9433717238565114e-01	   9.0773660055794858e-01	   4.6976767979215917e-01	   6.2690471393333080e-01	   8.8046262161598321e-01	   8.2896706339682991e-01	   9.3393113948792128e-01	   7.9743452855100538e-01	   3.5493460673888971e-01	   1.6022791286435981e-02	   8.1409071088118501e-01	   8.0735844198493378e-01	   8.1232815682362269e-01	   2.9306549401638959e-01	   7.8867340783633999e-01	   8.2245872549754484e-01	   6.6895448381454536e-01	   7.8910082997863795e-01	   8.5527550028855648e-01	   6.6629954546860404e-01	   4.6705772174780968e-01	   7.6716524366838479e-01	   7.4141420004965064e-01	   7.3795238314524880e-01	   5.7462081270615772e-01	   5.3100083164266210e-01	   6.5919156825682812e-01	   7.2181568282425146e-01	
   5.5848348601142539e-01	   4.3831441379657188e-01	   0.0000000000000000e+00	   8.8775751808928360e-01	   6.1152594354358714e-01	   5.8433621493295052e-01	   9.3859034420680132e-01	   8.7124421987595335e-01	   4.8051016686112036e-01	   6.5781435436753499e-01	   6.7008040817325432e-01	   7.2915341269231870e-01	   7.0589385112978098e-01	   6.7462051930608913e-01	   3.5597155387694629e-01	   5.3082032708968108e-01	   6.3566439597195812e-01	   4.9311150657952019e-01	   6.5462257469607110e-01	   6.7533060298534808e-01	   3.1124491019201089e-01	   5.9308085313907943e-01	   9.6153917438905701e-01	   9.0456012877319614e-01	   6.6787033336569379e-01	   6.1872220884312190e-01	   3.8606596495566164e-01	   3.4483145074156590e-01	   6.1774977421031296e-01	   4.8755775793231404e-01	   7.0550936656404728e-01	   5.9416252413826198e-01	   6.9950378158612803e-01	   7.0341649851874499e-01	   6.1974153460732995e-01	   7.0151469914902997e-01	   7.2795592490338706e-02	   4.8956397371470350e-01	   6.5692179738627354e-01	   3.8272106888950908e-01	   6.1102266031266406e-01	   3.9691608134589329e-01	   8.4917628660180067e-01	   7.5306664420834535e-01	   7.8606659320023775e-01	   7.4322483469175760e-01	   8.1214370985362672e-01	   8.3695321025879121e-01	   6.2602761479191804e-01	   7.6454214259493347e-01	   8.3314827844982087e-01	   7.9114543857733211e-01	   8.3032728084201479e-01	   7.7172006279435479e-01	   8.1343052578584152e-01	   8.3255770642371985e-01	   2.2713942263813872e-01	   3.4713282572847448e-01	   3.7482478269270325e-01	   4.3608102408499461e-01	   5.3313875199389449e-01	   4.8450594584205908e-01	   6.2707778197483188e-01	   5.2836204489828631e-01	   5.7743379898597913e-01	   8.6299889919766781e-01	   6.8716496895839541e-01	   7.1222708814908919e-01	   4.9141992549218805e-01	   6.9379835047412430e-01	   3.2651341173665699e-01	   3.1979207624472011e-02	   5.1093845722949816e-01	   5.5202561957252017e-01	   5.2576607064367953e-01	   7.2505067584639216e-01	   7.5924662666318155e-01	   7.3992669638043751e-01	   6.6184798375705167e-01	   4.1912993397333786e-01	   7.1135088664167967e-01	   7.7250148098381566e-01	   4.8993865503898593e-01	   4.6528545212282091e-01	   7.3491161949374817e-01	   7.2342318884769052e-01	   5.7092271467483235e-01	   4.5105017097488753e-01	   7.3657862600902557e-01	   8.2988088257896386e-01	
   6.6650976809025742e-01	   6.2316664430589608e-01	   8.8775751808928360e-01	   0.0000000000000000e+00	   5.1624261701966212e-01	   5.1318924927837062e-01	   8.0352435042136894e-01	   9.1705803802538455e-01	   4.7272175087631274e-01	   6.5648704951000969e-01	   6.1038089833703624e-01	   8.5625119852493270e-01	   6.5956956370009578e-01	   7.3492561945383739e-01	   4.7415154975568108e-01	   6.6515229750862714e-01	   7.5609008014447154e-01	   6.1377508645027257e-01	   7.2051457992197832e-01	   7.9225646133695871e-01	   4.3209892285956619e-01	   6.0680542299602847e-01	   9.0740021946580152e-01	   9.0699074824223058e-01	   4.9910171513105850e-01	   5.4529374423247345e-01	   3.1087086057841379e-01	   2.3158517377476356e-01	   7.0845157732698594e-01	   6.3939134793439312e-01	   8.1401011216523478e-01	   7.7110764567982892e-01	   7.6793086356176010e-01	   8.0957777114476293e-01	   6.7395578568918890e-01	   7.5785852604213688e-01	   2.6583317278918661e-02	   6.0844062056904702e-01	   6.4568323596052024e-01	   4.5360031617577934e-01	   5.8526437085324878e-01	   4.9869478406256684e-01	   8.2015927347605366e-01	   7.4181120449311044e-01	   7.8351046872684726e-01	   7.5415699520507484e-01	   7.7277255158272773e-01	   8.1591131316040555e-01	   7.2610215206628625e-01	   7.9607227200208186e-01	   8.4760495759518695e-01	   7.9609647642823500e-01	   8.7998596545931984e-01	   7.6874650030932035e-01	   8.4929813116704000e-01	   8.0882037553135888e-01	   4.0924600062904226e-01	   5.1875371283973548e-01	   5.8079111138534856e-01	   5.9901019576771697e-01	   7.0358573078008291e-01	   6.1900344469397872e-01	   7.2381299037385871e-01	   6.7222439577479820e-01	   6.2603660181570764e-01	   8.7334990049202110e-01	   7.8032094142760089e-01	   7.9018493903644837e-01	   6.5267167013844596e-01	   7.3834183398444719e-01	   5.2299728902080922e-01	   2.7237436470084131e-01	   6.6454991709923961e-01	   6.6937934704865976e-01	   6.2771141735598712e-01	   6.5128732086546193e-01	   8.0498330428306097e-01	   8.1134021012293145e-01	   7.1372096826842468e-01	   5.3076360079556062e-01	   7.9515636847884463e-01	   7.4839662950309127e-01	   3.9968325019500001e-01	   5.8768180450080432e-01	   8.2046804666931483e-01	   7.6140777344943433e-01	   5.6141589687967841e-01	   5.4208596472734871e-01	   8.6289395408758263e-01	   8.6328382679302518e-01	
   3.9990439719754811e-01	   4.0938092864817643e-01	   6.1152594354358714e-01	   5.1624261701966212e-01	   0.0000000000000000e+00	   7.0735300862668282e-01	   5.6220998817302437e-01	   6.4261185495982431e-01	   6.0441651892275594e-01	   6.7218223478944761e-01	   5.2788541636904263e-01	   4.9967659842114392e-01	   4.6710075485397301e-01	   5.1391127921056678e-01	   2.5373192342872941e-01	   3.2403694487837975e-01	   4.3030921372850706e-01	   4.5495952168774978e-01	   5.0878212501007325e-01	   5.2434011577112483e-01	   2.7806561425486254e-01	   4.0464615727372677e-01	   4.9276792591144525e-01	   4.6438505869646279e-01	   3.8715707975104607e-01	   4.4698456241594631e-01	   8.0981337071283827e-02	   9.9583121549898013e-02	   2.7608156429092734e-01	   1.8083049037766841e-01	   4.1715772127765288e-01	   3.7605916466329536e-01	   5.1383944828540495e-01	   5.2308248265737711e-01	   4.5954937323433986e-01	   5.3494844020089705e-01	  -2.8126333983106760e-01	   2.9633953653176637e-01	   1.3528472879492334e-01	   1.4461424687043384e-01	   1.8540001050133292e-01	   6.1374271253466966e-03	   4.8226258094053281e-01	   5.3208257360098632e-01	   4.8426662818215460e-01	   5.1285017951638523e-01	   5.4155298698485088e-01	   5.5518758922777067e-01	   5.0197217523657056e-01	   5.1885830936705135e-01	   4.7551239876133705e-01	   5.3308692369937649e-01	   5.3521754757731332e-01	   4.1452748706950077e-01	   6.1924500746476885e-01	   5.5172699781727508e-01	   1.4630677820448254e-01	   3.2704432998117622e-01	   3.6982367724921322e-01	   4.4604577213851898e-01	   4.3392100972102676e-01	   5.2520541645027485e-01	   5.5900301264203134e-01	   4.8263061451928047e-01	   1.8487170418519938e-01	   6.1407258432390655e-01	   5.8111633811940056e-01	   5.2065572617995381e-01	   4.0524543312253253e-01	   4.6912803492085503e-01	   3.6958706891699444e-01	  -1.0920931656544956e-01	   4.6269052739578359e-01	   5.4776490229070485e-01	   4.1418074287374973e-01	   2.9494198035926111e-01	   4.7926460539054200e-01	   4.1276874683043446e-01	   4.4812382209662532e-01	   4.2416958184175418e-01	   4.1258624093217378e-01	   4.3437898716673895e-01	   2.1899257966277452e-01	   2.6902475246061808e-01	   4.4984249636033935e-01	   6.1710052863417930e-01	   2.6108218094503671e-01	   1.2633270673178096e-01	   5.2589040831723954e-01	   5.5757941894896135e-01	
   6.3758924912972126e-01	   5.5479252821017744e-01	   5.8433621493295052e-01	   5.1318924927837062e-01	   7.0735300862668282e-01	   0.0000000000000000e+00	   5.9533401697048016e-01	   6.6542966987629748e-01	   6.1677808661195166e-01	   6.9537143096653375e-01	   5.6201849664879733e-01	   6.6691805541071802e-01	   6.0932754983938853e-01	   6.3046100433665386e-01	   5.4010138315531420e-01	   5.2518445639932965e-01	   6.0461990307702052e-01	   6.0054488019858820e-01	   7.6294435283744644e-01	   7.0673676572996413e-01	   2.4617380652357707e-01	   5.8319332673498314e-01	   5.0962882061463322e-01	   5.0671880061013863e-01	   6.3001656897540093e-01	   6.6351232297137930e-01	   4.5379816174825693e-01	   4.5253590892791135e-01	   4.4240861503059847e-01	   3.3964189012657631e-01	   4.6567798203859867e-01	   3.9541039481451545e-01	   7.1723181120527757e-01	   7.0462987537724531e-01	   6.7754432260358866e-01	   7.0345433193447948e-01	   9.8415166918178754e-02	   4.6678382684851905e-01	   3.1430093293418304e-01	   3.0092082151068017e-01	   3.8447783774955518e-01	   1.9485665730125623e-01	   6.5123189495297296e-01	   6.2387219242785763e-01	   6.6483364054594285e-01	   6.6486027353029020e-01	   6.6187862031194011e-01	   6.9554825637780104e-01	   7.1225961438409291e-01	   7.0312634614688529e-01	   6.7468883790615430e-01	   6.8742613673249764e-01	   6.7490456946833433e-01	   6.8078843883461415e-01	   7.0082112251417661e-01	   6.3479702941340466e-01	   3.9335648752789226e-01	   5.3463903107348221e-01	   5.8603377198964612e-01	   6.1972896999139748e-01	   6.4656021147138754e-01	   6.6746551410302546e-01	   7.2533144341345612e-01	   6.4690623771521161e-01	   4.5400459896509127e-01	   7.1369515184861654e-01	   7.2433699961212716e-01	   6.6768922299545830e-01	   5.8516308128874039e-01	   6.5744372828157727e-01	   1.1789375611223096e-01	  -2.1804770901242554e-01	   5.1540374909257525e-01	   6.1402367885375508e-01	   5.4954933572671227e-01	   3.7611360420318463e-01	   6.2805556037928068e-01	   6.1027803847771955e-01	   6.6076208285298998e-01	   5.5683361340258919e-01	   6.2912670756790190e-01	   6.5549995395318472e-01	   5.9225873965561870e-01	   4.7738300784902843e-01	   6.3670622951038514e-01	   7.6723389431107503e-01	   4.1112435042139267e-01	   2.8191313368070015e-01	   4.7972246131253993e-01	   7.0775169116437930e-01	
   4.8179998991883666e-01	   3.1359545848679976e-01	   9.3859034420680132e-01	   8.0352435042136894e-01	   5.6220998817302437e-01	   5.9533401697048016e-01	   0.0000000000000000e+00	   8.6676759799587877e-01	   4.2478997772989691e-01	   5.8924806923540296e-01	   7.1569951920273112e-01	   6.8613814907004389e-01	   8.2970687086644634e-01	   6.8785098516955889e-01	   3.2304123527672235e-01	   4.3706988093350480e-01	   5.1293090472578129e-01	   3.9265364408623749e-01	   6.0387154894058503e-01	   5.6204323819839186e-01	   2.9963091670259401e-01	   5.4604999392630160e-01	   8.9452579065964843e-01	   7.9566514630878815e-01	   6.8172646789115388e-01	   5.4463090882240695e-01	   3.2968733340174927e-01	   3.2881251383059329e-01	   5.6741878916050115e-01	   3.5313955295009114e-01	   5.7678659365787610e-01	   4.4942175419997310e-01	   6.1652276019968710e-01	   6.1417196179156264e-01	   4.9656741279170091e-01	   5.8826256809443966e-01	   3.0582407675643554e-02	   3.3515058955905541e-01	   5.2824112406905199e-01	   2.5587095670347093e-01	   4.7912942929326907e-01	   2.2992470066459603e-01	   7.6410032279330442e-01	   6.4653196303239224e-01	   6.9212521027104323e-01	   6.3583273096170512e-01	   7.3121033077158015e-01	   7.5483349887238849e-01	   6.5994754924424659e-01	   7.2118938480627715e-01	   7.9360392729207185e-01	   8.1396634932829581e-01	   7.8974783190065756e-01	   7.2317307181703061e-01	   7.1704984946394656e-01	   7.5798562993019258e-01	   9.7758150747376149e-02	   2.2064639600133551e-01	   2.9037780722249423e-01	   3.5294750619568593e-01	   5.2396256718849132e-01	   4.9988771765408824e-01	   5.4607776771519423e-01	   4.7070693738160729e-01	   4.9913869041114389e-01	   8.3166071748516379e-01	   5.6837041442495662e-01	   6.2024118461287059e-01	   3.3714025138387532e-01	   6.1255958791431020e-01	   2.5782215528590213e-01	  -6.9789994727789906e-02	   3.7079846850576825e-01	   4.2820360610456742e-01	   4.1017535652359249e-01	   7.3113551046337300e-01	   6.1894700000884317e-01	   6.2036480976345099e-01	   5.3139849065515010e-01	   3.2551781483030184e-01	   5.9490405711058680e-01	   7.1944716273477993e-01	   4.4344940779987868e-01	   3.3946127456735953e-01	   6.2873092465548963e-01	   6.7122690372614868e-01	   4.1220731302690017e-01	   2.8437435318311122e-01	   6.5551577978403985e-01	   7.9441865200491801e-01	
   6.3764355061279998e-01	   6.0647051144173136e-01	   8.7124421987595335e-01	   9.1705803802538455e-01	   6.4261185495982431e-01	   6.6542966987629748e-01	   8.6676759799587877e-01	   0.0000000000000000e+00	   6.0687974738397110e-01	   7.4643508814318760e-01	   6.4450408322953745e-01	   8.8167773471169386e-01	   7.9277414291291026e-01	   8.7061388230092718e-01	   5.0930415225576164e-01	   6.3904286011964440e-01	   6.9308908668487290e-01	   6.1781483495955047e-01	   7.7105860775582746e-01	   7.9100457843621408e-01	   4.1051409421017393e-01	   5.8699396177122432e-01	   8.6658988501745404e-01	   8.3342503261787737e-01	   5.1956588560839934e-01	   5.1137058883197684e-01	   2.8849589473490705e-01	   2.5397221177375884e-01	   6.7032706367451966e-01	   5.7508282041372494e-01	   7.2880098037586027e-01	   7.0627738706256826e-01	   7.5688645977715452e-01	   8.0454928336425202e-01	   6.7982223903145411e-01	   7.2773227284041608e-01	   4.0452707687179019e-03	   5.9075430386835448e-01	   5.5982783198850838e-01	   3.9886846456113439e-01	   5.3344824733785623e-01	   3.9739860127343540e-01	   7.8544955688087126e-01	   7.3431704236470630e-01	   7.3211300803411705e-01	   7.1238791242361421e-01	   7.7216344092508682e-01	   8.1612495862039347e-01	   7.9556165789401323e-01	   7.6439086668074763e-01	   8.6628421864259675e-01	   8.2593316973260222e-01	   8.8818603418331632e-01	   7.3858557422436011e-01	   8.7803373055372103e-01	   8.0486485246051287e-01	   3.2480743827758080e-01	   4.7571744753114098e-01	   5.6254972134257031e-01	   5.7104774121787671e-01	   7.5102582408974361e-01	   6.9391805824228037e-01	   7.2447113317827827e-01	   6.7395181219019829e-01	   5.9243219636909816e-01	   8.7746719136494633e-01	   7.6525370229766132e-01	   7.5587103575734660e-01	   5.7496078164783637e-01	   6.8491655193548806e-01	   4.1725012152576246e-01	   1.1927190512319122e-01	   6.5616260136635418e-01	   6.4387821267113043e-01	   6.0275633454317268e-01	   6.0270902054275854e-01	   7.6961813361233244e-01	   7.6584339829060000e-01	   6.4832227773069007e-01	   5.6524663285362420e-01	   7.5144781752229484e-01	   7.2180448060123992e-01	   4.1970646535822265e-01	   5.5498814199007418e-01	   7.8576187614911119e-01	   8.0842554595794924e-01	   4.5120783188344676e-01	   4.0860890077754308e-01	   8.4614443318480492e-01	   8.6430483693435467e-01	
   2.9466657434093430e-01	   4.6946441363307556e-01	   4.8051016686112036e-01	   4.7272175087631274e-01	   6.0441651892275594e-01	   6.1677808661195166e-01	   4.2478997772989691e-01	   6.0687974738397110e-01	   0.0000000000000000e+00	   8.5866361781372036e-01	   8.7689836807335456e-02	   4.2847979459773694e-01	   2.4148545467143467e-01	   4.4698258521991346e-01	   2.4779407619611973e-01	   3.0430781823078640e-01	   4.2104505141075454e-01	   5.2092791136763772e-01	   5.4070390589830597e-01	   5.5783128079261168e-01	   3.2889922351115555e-02	   3.6035242896541292e-01	   4.6303525488903940e-01	   5.0448783654823637e-01	   6.8360146009231848e-02	   1.4304008064111665e-01	   1.6670052248556672e-01	   6.8740527567742168e-02	   3.2531855200203980e-01	   3.7235627322686465e-01	   4.6660048301362833e-01	   5.1396058529424637e-01	   4.7639367142859024e-01	   4.9608983278199748e-01	   4.8169871821944243e-01	   5.3411681816621392e-01	  -1.8729868202715794e-01	   4.8526326941469056e-01	   3.7596324594035530e-01	   4.6020917995630117e-01	   4.3796775463697640e-01	   4.0198940933013588e-01	   3.6364663630026306e-01	   3.6193635895916904e-01	   3.6887972458309370e-01	   3.9769932150433029e-01	   4.3456085568820768e-01	   4.7611897884461607e-01	   4.0962519027409694e-01	   4.0310454439513882e-01	   4.8990961469825633e-01	   4.0146719436309491e-01	   5.8750609826128641e-01	   4.2880473498379856e-01	   6.1865504047893849e-01	   4.5318043226641747e-01	   1.2924559379530592e-01	   3.6098413885012381e-01	   3.9592817175379214e-01	   4.6048332016577026e-01	   3.7830975663317712e-01	   4.1161413613870279e-01	   4.3796354655420000e-01	   3.4912948193597665e-01	   3.5066756498011992e-01	   4.3671415918517875e-01	   5.1942467675569748e-01	   4.6489325469121934e-01	   4.6515869449617941e-01	   4.0274983285480648e-01	  -4.7616351473250508e-03	  -2.3442041155472015e-03	   6.3367028787012580e-01	   5.3609603624360491e-01	   4.0340610741891930e-01	   1.4795143547761733e-01	   4.8113258670052778e-01	   4.2103276571609483e-01	   3.8268015587584436e-01	   5.2927469293368445e-01	   4.6590863302361984e-01	   2.4639268509161671e-01	   1.6665750284652942e-01	   3.0126588176358376e-01	   4.6040485559288330e-01	   4.2237991212458448e-01	   1.7470902702799987e-01	   1.4197237196005047e-01	   5.5287696799561636e-01	   4.8836589359741878e-01	
   3.7605730362630507e-01	   4.4859522167346100e-01	   6.5781435436753499e-01	   6.5648704951000969e-01	   6.7218223478944761e-01	   6.9537143096653375e-01	   5.8924806923540296e-01	   7.4643508814318760e-01	   8.5866361781372036e-01	   0.0000000000000000e+00	   2.8637105575259786e-01	   5.8386883946763524e-01	   3.8714828371468685e-01	   5.5475343867390936e-01	   2.5580134552601730e-01	   3.8657319014853297e-01	   5.2480960320624415e-01	   5.6372254017510037e-01	   5.9197631724817634e-01	   6.1860719878201420e-01	   1.1625439046987981e-01	   3.6421009642821561e-01	   6.6437398600238451e-01	   6.6613000166976921e-01	   2.5169317412408254e-01	   3.0526516917779939e-01	   1.8008263481307982e-01	   6.8459981855721011e-02	   3.6811690462392532e-01	   3.5814712412269889e-01	   6.0615727906804706e-01	   6.1870554798132593e-01	   5.7455865783835958e-01	   5.8384251444339419e-01	   5.8294395441877755e-01	   6.2221248017691089e-01	  -2.3213984155369793e-01	   4.8881831405148746e-01	   4.1211478075521935e-01	   3.8044931483891992e-01	   4.7958215968699891e-01	   3.8079728707142835e-01	   5.0982212100110991e-01	   4.6950901077939250e-01	   4.8403333061772585e-01	   4.8939351210315823e-01	   5.6405374225441407e-01	   5.7198397744531382e-01	   4.6376182695676965e-01	   4.6522406679387673e-01	   5.7523677507149640e-01	   4.5817311826406770e-01	   6.4372340633225433e-01	   4.8498836125626932e-01	   6.6892837990924381e-01	   5.1573628957969908e-01	   1.4470253908840991e-01	   3.4035569783742559e-01	   3.8051859798071141e-01	   4.3198815276465186e-01	   4.7454245365059278e-01	   4.3456009478483809e-01	   5.3547350650785175e-01	   4.1770242728999352e-01	   4.5852212917922874e-01	   5.9229125500195678e-01	   5.8814739584785936e-01	   5.3852309171522139e-01	   4.6994028617815631e-01	   5.1020367376415676e-01	   8.6250085211506747e-02	  -6.6503705430799413e-03	   6.8582912310960209e-01	   5.8613046467246743e-01	   4.8016736009221450e-01	   2.8519278278896759e-01	   5.6940014418326790e-01	   5.1731522436922506e-01	   5.1941470430812764e-01	   5.8321243445495830e-01	   5.6254172410453163e-01	   4.3337594893901499e-01	   1.7223602950649253e-01	   3.3203479711432182e-01	   5.8269769424935836e-01	   5.6855853825276947e-01	   2.0780327211498273e-01	   1.9776061950980661e-01	   6.2327136057125654e-01	   5.9937190863944467e-01	
   5.2689389265484610e-01	   2.4023615641990848e-01	   6.7008040817325432e-01	   6.1038089833703624e-01	   5.2788541636904263e-01	   5.6201849664879733e-01	   7.1569951920273112e-01	   6.4450408322953745e-01	   8.7689836807335456e-02	   2.8637105575259786e-01	   0.0000000000000000e+00	   6.8569677891976744e-01	   8.5543680002174072e-01	   6.8455206222667619e-01	   5.6592318138586151e-01	   5.3123658411973684e-01	   4.6265213926706394e-01	   3.2575664173313024e-01	   6.2267348690940250e-01	   5.0227757932914652e-01	   4.0346696899333939e-01	   4.0845560882107262e-01	   6.4452566450994242e-01	   5.5560087556978444e-01	   7.6427234731159555e-01	   6.8477777800627782e-01	   3.0272357307389314e-01	   2.8149217059017428e-01	   5.3687253808242563e-01	   2.0096456717565353e-01	   3.7227740607837828e-01	   2.9928514218121910e-01	   5.0361722093108285e-01	   5.0595165797784880e-01	   5.3158561559614070e-01	   5.0905978298419075e-01	   1.2322648683547188e-01	   1.9573807691207917e-01	   2.6110468275130050e-01	   7.8142934561269552e-04	   1.8758160245939082e-01	  -9.7478960614686624e-02	   6.0515174652077020e-01	   4.7618634651239333e-01	   5.3628922096116161e-01	   4.7157046562169358e-01	   4.8772013831288796e-01	   5.3456269316838489e-01	   7.0326889776114854e-01	   6.1702045925293469e-01	   6.4324621222135636e-01	   6.5669909248159908e-01	   5.8821084889438335e-01	   5.9500590481078230e-01	   5.2335134425269481e-01	   5.9103454049151427e-01	   2.0865759417974331e-01	   2.0878579186198448e-01	   3.0489555051550782e-01	   3.3418519982482087e-01	   5.8472845935182616e-01	   5.8487685046304061e-01	   4.8656151339846088e-01	   4.7686297952369061e-01	   4.7381495211388858e-01	   7.5511534118395884e-01	   4.8573569563782237e-01	   4.8090426827659777e-01	   2.8455044231175358e-01	   4.6861058305755848e-01	   3.8095941965356184e-01	   7.8666309348012255e-03	   1.4477697468185488e-01	   3.2108317866303521e-01	   3.4226564205163018e-01	   6.1278737806339056e-01	   4.8112775089681858e-01	   5.1965857508946733e-01	   5.2124140480624925e-01	   1.5987604522304200e-01	   4.3945447339004556e-01	   6.8007452300376481e-01	   5.4851615574555368e-01	   3.0953964167314252e-01	   6.1064839766273393e-01	   6.9812995732322758e-01	   4.7930286698141411e-01	   3.4769779145662194e-01	   5.1347658426013376e-01	   6.6576178394267904e-01	
   7.6031964646336303e-01	   6.8072020781115028e-01	   7.2915341269231870e-01	   8.5625119852493270e-01	   4.9967659842114392e-01	   6.6691805541071802e-01	   6.8613814907004389e-01	   8.8167773471169386e-01	   4.2847979459773694e-01	   5.8386883946763524e-01	   6.8569677891976744e-01	   0.0000000000000000e+00	   7.5341198436991086e-01	   9.0548893926283469e-01	   6.5741402803346438e-01	   7.9713139620398232e-01	   7.8039380340576237e-01	   6.5459027926856983e-01	   8.5742514927864621e-01	   8.4928746182448323e-01	   4.0723505264124743e-01	   6.4367263394572838e-01	   7.5740930139984020e-01	   7.6575052642723274e-01	   5.6963752128596190e-01	   6.4139820647005985e-01	   4.0391982641581953e-01	   3.5617554329774898e-01	   7.0697005865297657e-01	   6.7481419482625937e-01	   7.0859066536409976e-01	   7.0722969001635139e-01	   7.7648227805622649e-01	   8.2833432322789369e-01	   7.8831240840857264e-01	   7.7121335406500280e-01	   1.6069056431494538e-01	   6.6516063859201457e-01	   5.5622068883913567e-01	   4.2275696300402588e-01	   5.2640478493228082e-01	   4.5275648651173361e-01	   7.9696252566562986e-01	   7.4543219076696210e-01	   7.7150555127005060e-01	   7.5837470021323439e-01	   7.5038685944193051e-01	   7.9154291352392614e-01	   8.4457857180589568e-01	   7.9115185993954618e-01	   8.6116135723869469e-01	   7.9331228013090793e-01	   8.4534582777929013e-01	   7.7711412474896280e-01	   8.3600637439686110e-01	   7.7603603831707768e-01	   5.0492510253154299e-01	   5.8898224147546352e-01	   6.6367419939392702e-01	   6.4389831905830075e-01	   8.0382918707307294e-01	   7.2097961694654611e-01	   7.4634156972098153e-01	   7.4002987270088061e-01	   6.8837930934929581e-01	   8.5299408291239542e-01	   8.0331148419746645e-01	   7.7388009344590825e-01	   6.6758930283155649e-01	   6.9598174684945946e-01	   4.7138547312285284e-01	   2.0673244741398111e-01	   6.0776164954153133e-01	   6.9722216584610874e-01	   6.6212881817019442e-01	   5.7409057255962714e-01	   8.1891850612547612e-01	   8.3135180028299371e-01	   7.5841706449678281e-01	   5.1718808457365839e-01	   7.8927384722163074e-01	   7.6513241198943049e-01	   5.5973081249090006e-01	   6.6983985043976102e-01	   8.5980519638726216e-01	   8.4423629615403040e-01	   6.0954842919846031e-01	   5.6204687157236699e-01	   7.8927762539918023e-01	   8.3856013164995002e-01	
   6.1989955310020883e-01	   3.7295582484255069e-01	   7.0589385112978098e-01	   6.5956956370009578e-01	   4.6710075485397301e-01	   6.0932754983938853e-01	   8.2970687086644634e-01	   7.9277414291291026e-01	   2.4148545467143467e-01	   3.8714828371468685e-01	   8.5543680002174072e-01	   7.5341198436991086e-01	   0.0000000000000000e+00	   7.8707000303887042e-01	   6.1180130916854059e-01	   5.5240760561125413e-01	   5.3255040309039270e-01	   4.5912970092481081e-01	   7.1422705613134063e-01	   5.8190287155875886e-01	   3.7146945312277174e-01	   4.6511467477211171e-01	   6.6700876252223817e-01	   5.6567380981016624e-01	   6.6456394734374702e-01	   5.3248318956733376e-01	   3.7032953486517972e-01	   3.8090810648262652e-01	   6.2331963337229768e-01	   3.3773483295191126e-01	   4.3942191119224144e-01	   3.5835307202913569e-01	   5.8359688623573702e-01	   5.9971813078798974e-01	   5.1609687476554433e-01	   5.2727227248818320e-01	   1.9151559581882707e-01	   3.1097903755362749e-01	   3.2833379657546230e-01	   1.5701172726736010e-01	   2.7812264762254585e-01	   3.8930924206824778e-02	   6.3716107250758514e-01	   5.3954945658121301e-01	   5.7845281778127422e-01	   5.1991268654618772e-01	   5.5591458948089789e-01	   6.3042276153379595e-01	   8.4352206641801186e-01	   6.8490876672067713e-01	   7.4127390636828894e-01	   7.9878124436623554e-01	   7.2071665576179500e-01	   6.4773003815434227e-01	   6.1114968691424654e-01	   6.5504469873831528e-01	   2.7134098361505560e-01	   3.0629313713852663e-01	   4.1258985271973103e-01	   4.3482988257838340e-01	   7.3024692273253455e-01	   7.1366821513575496e-01	   5.7282401441499786e-01	   5.7917979018837906e-01	   5.1728518743977059e-01	   8.0060978091185087e-01	   5.4592179399339169e-01	   5.7514685986260228e-01	   3.6174956277316728e-01	   5.6722929190163540e-01	   2.6984929372485417e-01	  -1.0167706806392177e-01	   2.6973660965848201e-01	   3.8036634306789957e-01	   4.4853819456085131e-01	   6.6409389659855589e-01	   5.2969637254211666e-01	   5.8421884676255020e-01	   4.3834076475793976e-01	   2.9810472463669579e-01	   5.3284327126052267e-01	   6.9962344660777853e-01	   5.4457840288691317e-01	   4.1089458206009521e-01	   6.4895515004636850e-01	   7.1848502148856741e-01	   4.0520496747783313e-01	   3.2691084775087959e-01	   6.0921014914841165e-01	   7.8490706753478623e-01	
   5.9500986975930725e-01	   5.3049571375521221e-01	   6.7462051930608913e-01	   7.3492561945383739e-01	   5.1391127921056678e-01	   6.3046100433665386e-01	   6.8785098516955889e-01	   8.7061388230092718e-01	   4.4698258521991346e-01	   5.5475343867390936e-01	   6.8455206222667619e-01	   9.0548893926283469e-01	   7.8707000303887042e-01	   0.0000000000000000e+00	   6.0103181184936294e-01	   7.7237257841333473e-01	   5.8404614850790848e-01	   5.0208947675980209e-01	   7.8313333613246927e-01	   7.3376361839660875e-01	   3.8402136247491003e-01	   5.1265300648299594e-01	   7.1369843200383487e-01	   7.1518927381545505e-01	   5.6111311458666246e-01	   5.8654822821699859e-01	   3.3793029814006370e-01	   3.5111213054310331e-01	   5.9291548662492111e-01	   5.7830989579305125e-01	   5.6989200351532965e-01	   6.1823548592012501e-01	   6.6475752739115590e-01	   7.2078935857838444e-01	   7.4833760547836714e-01	   7.0244615442456992e-01	   1.7349870429793426e-01	   6.0519789401425017e-01	   5.0177658410488590e-01	   3.0586222272871011e-01	   4.3265676616650339e-01	   2.9562092631009773e-01	   7.1965781678554563e-01	   6.7613563628615048e-01	   6.5610206253712200e-01	   6.3231651104331577e-01	   6.8154310159792864e-01	   7.2046557497335184e-01	   7.8253146071318513e-01	   6.7935620108990680e-01	   8.5047590573692655e-01	   7.4552592055877054e-01	   7.6835390285274952e-01	   6.9139121721089780e-01	   7.8821267680741003e-01	   6.9981190037658636e-01	   3.1005270308991772e-01	   4.1762034259933084e-01	   5.1204141126131597e-01	   4.9498176242406766e-01	   6.8796880169498109e-01	   6.3919993851395107e-01	   5.9992475441146309e-01	   5.8160080655999680e-01	   6.2985244728528200e-01	   7.8741666285229139e-01	   6.9778657115195553e-01	   6.6782307148429454e-01	   4.6977176923366093e-01	   5.3294230442428137e-01	   3.4913637001034159e-01	   1.6987434718368674e-01	   5.0253734618680745e-01	   5.1340580253341350e-01	   5.2051520229508752e-01	   4.3765556275339812e-01	   7.0871145265492475e-01	   7.0925098804836839e-01	   5.9096141114509093e-01	   4.7005654476720682e-01	   6.4503227145650255e-01	   6.3425799520091375e-01	   5.4206257066566699e-01	   5.7747316259538017e-01	   7.4001770032739400e-01	   7.7632219860947382e-01	   4.6168127251399665e-01	   4.0922568584353525e-01	   7.1007704510112624e-01	   7.3728820317425392e-01	
   6.9808902134047424e-01	   5.6333707917367459e-01	   3.5597155387694629e-01	   4.7415154975568108e-01	   2.5373192342872941e-01	   5.4010138315531420e-01	   3.2304123527672235e-01	   5.0930415225576164e-01	   2.4779407619611973e-01	   2.5580134552601730e-01	   5.6592318138586151e-01	   6.5741402803346438e-01	   6.1180130916854059e-01	   6.0103181184936294e-01	   0.0000000000000000e+00	   7.6597517934600756e-01	   6.2389640638126154e-01	   6.4284902867918770e-01	   7.3905830464052513e-01	   6.5542753211112670e-01	   3.8896882592381110e-01	   4.0716641986676982e-01	   3.7639015145829802e-01	   4.1187183834292890e-01	   4.5608561375271062e-01	   5.0048027536797646e-01	   4.4510405444880080e-01	   4.2639768906884334e-01	   7.4475103411558952e-01	   5.5557807529550374e-01	   3.7029457733819665e-01	   4.3400144485891912e-01	   5.2513947212107137e-01	   5.7463514869700627e-01	   6.5149584542669414e-01	   5.4304480203634986e-01	   4.0745597549480067e-01	   4.6719826371860174e-01	   3.6136829235210782e-01	   4.1414191062593264e-01	   2.9088094072944787e-01	   2.7802428379859639e-01	   5.0185066397590761e-01	   4.5555836569677083e-01	   4.9295674300944181e-01	   4.7198211053124262e-01	   3.8452439553339446e-01	   4.6908992230525981e-01	   7.6817966423765660e-01	   5.9197547860382338e-01	   5.9214211662049365e-01	   5.3119404207021359e-01	   5.7971380602078093e-01	   5.9996336135960715e-01	   5.0745758677484076e-01	   5.6641892007157957e-01	   6.3495632983752093e-01	   5.4364869080219802e-01	   5.9437391836098319e-01	   5.5134010049629179e-01	   7.3837766858790554e-01	   6.8044563220747367e-01	   5.7576277830482625e-01	   6.0171211541639580e-01	   5.1978641000214088e-01	   5.5202683910147143e-01	   5.9368150926089513e-01	   5.2314652300746856e-01	   6.0082151820679253e-01	   4.9769045666148770e-01	   2.9031866248746141e-01	   9.9352132934413070e-02	   3.6101995603652171e-01	   5.0896034734700657e-01	   5.8614197985284444e-01	   3.5645385528537560e-01	   5.5791266802265793e-01	   6.2079953042385561e-01	   4.1228003125773371e-01	   3.1659711399157853e-01	   5.5656984780349805e-01	   5.3274822852610304e-01	   6.5092415851243413e-01	   5.8108325910250369e-01	   6.5864670981136375e-01	   6.1666282052762311e-01	   5.1188958325225831e-01	   5.8232525977282068e-01	   4.6342356233236515e-01	   6.5410770907937010e-01	
   6.8305720615024201e-01	   6.0405186329478600e-01	   5.3082032708968108e-01	   6.6515229750862714e-01	   3.2403694487837975e-01	   5.2518445639932965e-01	   4.3706988093350480e-01	   6.3904286011964440e-01	   3.0430781823078640e-01	   3.8657319014853297e-01	   5.3123658411973684e-01	   7.9713139620398232e-01	   5.5240760561125413e-01	   7.7237257841333473e-01	   7.6597517934600756e-01	   0.0000000000000000e+00	   7.1893284499056165e-01	   6.1113608574593403e-01	   7.2828085585651803e-01	   7.2668135752992002e-01	   3.8790790324301155e-01	   4.2892797604259064e-01	   5.7818351213816421e-01	   6.9145397895258254e-01	   5.1087310101639138e-01	   6.0977959808493121e-01	   4.9962682774680645e-01	   4.7909521756129397e-01	   7.2696915030015641e-01	   8.0897879607908940e-01	   6.6782210188213420e-01	   7.2311177631184798e-01	   6.9675068039805299e-01	   7.2362582549339471e-01	   7.3795455335527516e-01	   7.1698701211324689e-01	   3.1696097397404510e-01	   6.7640837080148930e-01	   5.1944187615075110e-01	   4.5423853044107571e-01	   4.1377602992690238e-01	   3.7973785573259555e-01	   7.0790519447647671e-01	   6.7564939219810549e-01	   6.7516205921447825e-01	   6.5962003706554029e-01	   6.2542197694994139e-01	   6.4705027252915770e-01	   6.9542072083009909e-01	   6.9070918754755251e-01	   7.4139222529397664e-01	   6.2653450925559806e-01	   6.8246549387115052e-01	   7.2301377974038883e-01	   6.9239442419432451e-01	   6.8953139895272431e-01	   6.0006921530747448e-01	   5.6519896003765913e-01	   6.3091569234411804e-01	   6.2184350396204413e-01	   6.4500542552425277e-01	   5.8619617722190454e-01	   6.4090606539884742e-01	   5.9425717439465742e-01	   5.8613606498305904e-01	   6.7634067099571593e-01	   7.5788367872304030e-01	   7.0371352569656631e-01	   6.4534671800627119e-01	   5.7855512649377416e-01	   3.9268710173555121e-01	   2.9514423229383369e-01	   4.4017870881856019e-01	   5.1199073973109666e-01	   5.6100251972644721e-01	   3.2274219087037653e-01	   7.1104106476602336e-01	   7.3023513251362071e-01	   5.6928245048803516e-01	   4.9238123181724947e-01	   7.1638657735142075e-01	   6.4041826266385671e-01	   7.0871600045828242e-01	   7.9948040796411091e-01	   7.7596439091217539e-01	   7.1153197593768680e-01	   6.6673958223905450e-01	   6.9315195731809998e-01	   5.7339571306808845e-01	   7.0130062063105225e-01	
   8.8452116428173677e-01	   8.8520577992506666e-01	   6.3566439597195812e-01	   7.5609008014447154e-01	   4.3030921372850706e-01	   6.0461990307702052e-01	   5.1293090472578129e-01	   6.9308908668487290e-01	   4.2104505141075454e-01	   5.2480960320624415e-01	   4.6265213926706394e-01	   7.8039380340576237e-01	   5.3255040309039270e-01	   5.8404614850790848e-01	   6.2389640638126154e-01	   7.1893284499056165e-01	   0.0000000000000000e+00	   9.1845123397776463e-01	   8.0265235329925799e-01	   9.1871129690125652e-01	   3.0969091873143695e-01	   5.8246463846488372e-01	   5.8367304915781826e-01	   6.3506721012806588e-01	   3.7842281652257470e-01	   5.5062433054037330e-01	   5.4835069522512025e-01	   4.6139743131146721e-01	   7.5777475145854611e-01	   7.8250357109079149e-01	   8.0182676354089444e-01	   7.2765204100971714e-01	   8.7986104098282059e-01	   8.9713158491442768e-01	   7.0351159730544344e-01	   7.7714097231484236e-01	   2.9256429433167441e-01	   7.7351988497706525e-01	   5.8126422259682287e-01	   5.7407188045884472e-01	   6.0771335285199446e-01	   5.4440246974820317e-01	   7.6803008158648567e-01	   7.7804328019294611e-01	   7.5061596600723801e-01	   7.8226097050852983e-01	   7.3113321364296247e-01	   8.0702473390617169e-01	   7.3174049119347251e-01	   7.4516033443693774e-01	   6.7571674946152438e-01	   6.6951221727908306e-01	   7.6883750882779534e-01	   7.1618741345427206e-01	   7.6516834199931349e-01	   7.3132427819994095e-01	   7.8858893942011732e-01	   8.6669171418799773e-01	   8.1772656200835814e-01	   8.3115927277995749e-01	   8.2184234644706256e-01	   7.5187529882342274e-01	   9.0465014713287695e-01	   8.6597496685443887e-01	   6.0377886096429700e-01	   7.3737669404682371e-01	   8.8737164832301418e-01	   8.3839718018301457e-01	   8.8283102992682627e-01	   8.5096932778574963e-01	   3.4520482638324135e-01	  -1.9055403943355032e-02	   7.1117476173690219e-01	   7.7373925267309440e-01	   7.8680088987586594e-01	   4.6521146277904490e-01	   8.2051722491333434e-01	   8.6771710703087157e-01	   7.7349076464322764e-01	   7.6115008455641420e-01	   9.1464330974775154e-01	   8.3269443477104477e-01	   5.8562472650984043e-01	   8.0897883568614748e-01	   8.6467773889518018e-01	   8.2846471797489207e-01	   7.1487233537530326e-01	   6.7664919755543329e-01	   6.9620085212018967e-01	   8.2689014294530638e-01	
