   0.0000000000000000e+00	   2.5865172978179707e-01	   4.3673098114188602e-01	   3.1716561807789512e-01	  -1.8810299790313589e-01	  -9.6397540561267966e-02	   6.6245283750416206e-01	   2.8590128097457279e-01	   4.1905003278576647e-01	   4.8984708408085019e-02	   5.8349333874549847e-01	   3.6285631157612813e-01	   7.5726571633309359e-01	   3.6500664410234601e-01	   5.1591033808373843e-01	   2.6743722041879603e-01	   8.4938766665402543e-01	   2.8146155041144627e-01	   5.7823651694751899e-01	   5.4256545203386408e-01	   3.4000993123114454e-01	   1.8873740209751302e-01	  -2.3950287244728679e-02	   4.4691492342102193e-02	  -2.2423832435936136e-01	  -1.3792993668883224e-01	  -3.2699569771721515e-01	  -2.1671830989692170e-01	   3.9539925801441406e-01	   1.2670886928466082e-01	   3.5731034240838150e-01	   5.2888381066472945e-01	   5.8458882233266407e-01	   4.7214961563918817e-01	  -1.9547651845707024e-02	  -5.6372078750533419e-02	   2.8810392221157355e-01	   2.5405836433101620e-01	   5.2397390798044485e-01	   3.1931940775542483e-01	   6.6927269001779988e-01	   3.7379278052635889e-01	   5.1206224592130734e-01	   4.1210181153547165e-01	   4.5671387661464780e-01	   4.2005213707618438e-01	   5.6359155337050715e-01	   4.3677426499050848e-01	   4.9851740194515975e-01	   3.4144591634048616e-01	   5.0817450552374277e-01	   2.0564000734241134e-01	   4.9693798049454452e-01	   7.6007877055113485e-02	   4.2666748002397364e-01	   3.0879234029885338e-01	   9.6178606594843274e-01	   2.5657323789589626e-01	   8.3956642696665795e-01	   3.1354489531586538e-01	   8.7279640893848254e-01	   3.5064727646746818e-01	   8.0554609919985154e-01	   4.1794420195914683e-01	   2.9163589797341294e-01	   1.6646503836872720e-01	   5.2767056620722486e-01	   4.7510421357038368e-01	   7.0458957905508757e-01	   6.5703305414262081e-01	   3.6341834278974283e-01	   5.4878231344463360e-02	   5.3651552558362114e-01	   2.2441271489349826e-01	   3.0330045461111210e-01	   2.9242927536768726e-01	   3.8646118334927115e-01	   3.1843047892278464e-01	   4.3344874171628078e-01	  -1.1183011512544896e-01	   8.0163859579385766e-01	   6.2644119324224612e-01	   6.0259959874975455e-01	   6.3377070146666403e-01	   6.2372868387297276e-01	   6.5883471096414425e-01	   6.0699943372248277e-01	   6.1200749009338384e-01	   2.0351306234042746e-01	   5.6182616175266809e-01	
   2.5865172978179707e-01	   0.0000000000000000e+00	   4.1676942461624555e-01	   7.7719701236123928e-01	   2.3607458933424252e-01	   2.6747283362156871e-01	   2.7245939390955076e-01	   8.1206794240823266e-01	   5.6831456492767538e-02	   3.2362599506404965e-01	   1.6789867491303365e-01	   8.3369407960903263e-01	   1.3591501006280798e-01	   7.8783436945545393e-01	   5.2647288847152096e-01	   8.3191194014037029e-01	   2.3841676538706319e-01	   8.5643566645457603e-01	   8.3505154762281375e-01	   8.8795743835695562e-01	   5.1932974250179242e-01	   6.0119463202812173e-01	   5.0477198255548061e-01	   5.5297477286519725e-01	   3.2862535436162532e-01	   2.2177029455355424e-01	   1.8251687190449353e-01	   2.6735109320144512e-01	  -6.0917894948663315e-02	   6.4548081080521080e-01	   7.5813078687076607e-01	   7.2421853409222325e-01	   7.8840601408782574e-01	   8.4564531525080788e-01	   1.8210447211949926e-01	   4.2731292032489243e-01	  -4.7725985577930313e-01	   8.2345164261974846e-01	  -2.0262685217874422e-02	   6.1444646228012478e-01	   8.6870992506267841e-02	   7.4552363232991348e-01	   6.2382461172475701e-01	   6.5130263924316534e-01	   6.1717664720595899e-01	   7.4637554525173921e-01	   5.6572552499454187e-01	   7.2500299565663506e-01	   6.5592087280227018e-01	   7.5421373434138506e-01	   3.8885669490884173e-01	   7.2298641021820620e-01	   3.8400250240232692e-01	   4.9484528992903493e-01	   5.1170074460837556e-01	   4.8857281879456294e-01	   2.0543966961142762e-01	   9.7122722484201329e-01	   4.6672652653785962e-01	   8.6892042088954669e-01	   1.6602052339053758e-01	   7.9408122521352142e-01	   1.1823802603622298e-01	   8.1520270588754573e-01	   1.9222533445364579e-01	   7.1962159127258041e-01	   7.8300042837523887e-01	   7.8559524465953257e-01	   7.4386058124654220e-01	   8.0379443740232559e-01	   9.2775942945935969e-02	   1.2093655226747006e-01	   2.2793385965900861e-01	   8.1571861603607321e-01	   5.4000585169579640e-01	   5.4820653339349223e-01	   7.2471095450822565e-01	   7.6666754026515593e-01	   2.3620485005898220e-01	   4.8276272745289039e-01	   4.9352229862421404e-01	   7.8670951258830613e-01	   6.3259219845706682e-01	   6.7099965391572636e-01	   5.1472377062026065e-01	   7.1709417495021854e-01	   7.3434663875358830e-01	   7.5853881529307698e-01	   3.8954958549891849e-01	   4.2387620452784258e-01	
   4.3673098114188602e-01	   4.1676942461624555e-01	   0.0000000000000000e+00	   7.5188419572489218e-01	   1.2251770562172491e-01	   3.0608650999983478e-01	   8.5748652429673200e-01	   6.9557001812394181e-01	   6.2057913271461163e-01	   6.0520407954976041e-01	   4.7131769731693063e-01	   3.5911991795991188e-01	   4.8004672079734229e-01	   5.3676227137123067e-01	   4.6178425721020444e-01	   4.4395486902879261e-01	   3.1670923328392497e-01	   2.1686716843558546e-01	   4.9455505785907683e-01	   4.7000614811472652e-01	   1.6535127415619266e-01	   2.2587773539767775e-01	   7.2016603414824976e-01	   7.2029339535269510e-01	   3.3963943125796825e-01	   3.4405850858027470e-01	  -1.1960612379325563e-02	   1.3506702633689788e-01	  -6.8554318825450697e-02	   1.2785684068234734e-01	   2.6988359437038756e-01	   3.8486347182984099e-01	   6.2207288917596648e-01	   5.8886900625543381e-01	   4.8258091472498754e-01	   4.1770200595289575e-01	   8.1828760267921768e-02	   4.0511648927681820e-01	   1.6294173974028120e-01	   3.8213218854355990e-01	   3.1075258267018208e-01	   4.1345776283801194e-01	   6.3321257783469131e-01	   5.8259135943689788e-01	   7.1415766204697106e-01	   6.2350224389386155e-01	   7.2977545165959889e-01	   7.1828316802223113e-01	   6.9158209449459584e-01	   6.8916615214735510e-01	   7.7296782442489220e-01	   7.3852263982089150e-01	   7.2466518034174787e-01	   5.2962094951405758e-01	   6.7432948035130535e-01	   4.7655906277791860e-01	   4.3200992273346017e-01	   3.9719381724839542e-01	   4.0751895350845618e-01	   3.1264458628112723e-01	   3.9620416508291662e-01	   4.7293189558101645e-01	   3.5742441245798351e-01	   4.1387068495113477e-01	   6.0161420634923879e-01	   5.5164541624267815e-01	   6.5185336706289498e-01	   5.9103477154564799e-01	   6.2729942900914692e-01	   5.9413895123496885e-01	  -1.3449078864782688e-01	  -2.1185248012371269e-01	   3.2278552370716990e-01	   2.0684155829630868e-01	   2.2417605362123505e-01	   2.0588271672085853e-01	   6.1020127237000288e-01	   5.3390601302216012e-01	   2.0089513389747626e-01	   3.1865466411974727e-02	   4.8541041785488104e-01	   4.9229600439858401e-01	   5.2200733436436009e-01	   4.7964173955918221e-01	   6.0147228143984588e-01	   5.8091355550128576e-01	   6.9278981347024227e-01	   4.7202062778917075e-01	   5.5250873460407557e-01	   4.9770413246761647e-01	
   3.1716561807789512e-01	   7.7719701236123928e-01	   7.5188419572489218e-01	   0.0000000000000000e+00	   3.5830866175763765e-01	   4.3494017309686372e-01	   6.0478665896241113e-01	   9.1461308561818178e-01	   3.6647016382986231e-01	   6.1106372317231061e-01	   1.9128885450213906e-01	   7.4774297611570861e-01	   2.5569994083274211e-01	   8.2988296928655902e-01	   4.7004781518321859e-01	   7.9070693573886963e-01	   2.1967616293597222e-01	   6.4557223971533173e-01	   7.0328750395951445e-01	   7.8312887994843738e-01	   4.7069728514259712e-01	   4.6818696887136474e-01	   6.9031183576433275e-01	   8.2647090500966103e-01	   5.2137807370133660e-01	   5.1012615278047735e-01	   2.5150937668596207e-01	   4.0267919024803722e-01	  -1.2383650486375444e-01	   4.0724120774682043e-01	   5.9420427292324773e-01	   6.9257648673404992e-01	   8.3143309748337757e-01	   9.0547467129833459e-01	   4.5856071165823886e-01	   6.2462145898135679e-01	  -3.4580646652471075e-01	   7.2676461455480879e-01	   2.8701384207916569e-02	   5.1226735155419068e-01	   2.3144221724856368e-01	   6.6859026043318392e-01	   7.0296499735451867e-01	   7.0919001285097605e-01	   7.6110790242540949e-01	   8.2843308922638470e-01	   6.8501799003527442e-01	   8.0080652513563710e-01	   7.1957584464048752e-01	   8.1445470828202504e-01	   5.6573206203290538e-01	   8.3126660129003649e-01	   5.4216572744990388e-01	   4.5885073859300807e-01	   5.6799743228676092e-01	   4.7170021015709457e-01	   2.9140457234101758e-01	   7.5276719095606615e-01	   4.6418006934543632e-01	   7.0799372009154793e-01	   2.8087072751329079e-01	   7.9725837489140461e-01	   2.5995220163124699e-01	   7.1757469857201717e-01	   5.3454694231631594e-01	   8.9189917786404416e-01	   8.4887467605509159e-01	   8.9632284029895692e-01	   7.0225676335327381e-01	   7.8649205990294968e-01	   7.6286077616743178e-02	  -2.6809355197322131e-02	   2.0638062644279495e-01	   6.1999655543721310e-01	   4.5858486021812378e-01	   5.4328556437946662e-01	   7.4680341971872644e-01	   7.5030084120168927e-01	   1.8518384002244173e-01	   2.6967102982374913e-01	   5.2112019345310545e-01	   7.2271241796557018e-01	   5.8402269674817375e-01	   6.9702053995151048e-01	   6.0183755329149191e-01	   7.9055865085916777e-01	   7.6128263582834510e-01	   6.8556505857662320e-01	   4.3762842417947828e-01	   6.0749687834986876e-01	
  -1.8810299790313589e-01	   2.3607458933424252e-01	   1.2251770562172491e-01	   3.5830866175763765e-01	   0.0000000000000000e+00	   5.5833629825240283e-01	   3.9286055676012968e-02	   2.0505346493924753e-01	   2.5380440644169922e-01	   3.3450201621900433e-01	  -2.6148946722736272e-01	   1.4102821929516174e-01	  -2.6986804834487726e-01	   1.6514745506401182e-01	  -1.0082591996290109e-01	   7.7969596844550057e-02	  -1.4976968041648575e-01	   2.6984540216673747e-01	   1.1767877617511312e-02	   9.1268157751229900e-02	   3.8892447864424740e-01	   3.2638454307749321e-01	   1.6188154385194672e-01	   2.7907162515884709e-01	   6.4441999448986576e-01	   6.7093393590303563e-01	   8.3994555553177019e-01	   7.6907468350761632e-01	  -4.3846318454088734e-04	   1.6518176264733656e-01	   1.2424525832583821e-01	   1.3888946149902595e-01	   1.2247739214606768e-01	   2.3035858465429143e-01	   4.2712794110681540e-01	   4.1046375003019353e-01	  -3.0404289976852722e-01	   1.9309116727554765e-01	  -7.0494479620000147e-02	   8.9606522352039752e-02	  -3.7160014951797160e-01	   1.7540182009974439e-01	   1.6970662794512734e-01	   1.9118491217186642e-01	   1.3482134006862723e-01	   2.3497415630976670e-01	   6.0446634213456987e-02	   2.0948035798548897e-01	   1.1119899374816096e-01	   2.3499996658146230e-01	   2.6815137454762387e-02	   2.6592477132461884e-01	  -4.2388787690372590e-02	  -8.5646977977720723e-02	  -8.7012160081281542e-02	  -1.3969325231688401e-01	  -1.4454661066471547e-01	   2.3964097547900864e-01	   3.6432929785965774e-02	   2.5164265035796596e-01	  -1.9659712755100572e-01	   1.6438374156982716e-01	  -1.9598089135526503e-01	   7.1698704601506319e-02	   2.3890091534646407e-01	   3.7500665111126646e-01	   2.6810379389401634e-01	   3.1842466178878437e-01	  -1.4433344726283426e-02	   3.6098670325929991e-02	   1.5221685892571904e-01	   2.1846550748505650e-01	  -1.2091094111478069e-01	   2.3692142393345594e-01	   1.7351888059987430e-01	   3.2540059506941632e-01	   2.5892987128412359e-01	   2.3472950417133254e-01	   9.4532057124329993e-02	   2.5331658894985309e-01	   4.2662674268850891e-02	   1.0136154908849247e-01	  -9.5318292694790193e-03	   8.1412108135509031e-02	   6.6346060805168153e-02	   1.0315544891243456e-01	   4.0653606455285193e-02	   1.0704806938923058e-02	  -9.0350712509962103e-03	  -9.8799324774806713e-02	
  -9.6397540561267966e-02	   2.6747283362156871e-01	   3.0608650999983478e-01	   4.3494017309686372e-01	   5.5833629825240283e-01	   0.0000000000000000e+00	   1.8498106694706404e-01	   3.5262908719390584e-01	   3.2239136989271999e-01	   6.6980391920404903e-01	  -7.1716781349107694e-02	   2.1729109685472697e-01	  -7.3279050834315795e-02	   2.9036409503428551e-01	   2.5513282752226731e-03	   1.7217874672803643e-01	  -1.3909801457315357e-01	   2.6131111902135157e-01	   1.0984208181530423e-01	   1.1271664613266115e-01	   2.2737792117920486e-01	   3.1772439711084527e-01	   2.8469275125458593e-01	   4.0375643892457297e-01	   4.5631196074543284e-01	   6.1280618062143133e-01	   4.6114034649150459e-01	   6.7032201242635037e-01	  -1.5370591181949342e-01	   6.3113285012773315e-02	   1.1666673592057041e-01	   1.1567293580274277e-01	   1.9052261665784806e-01	   2.4674141823355861e-01	   2.1367102031777480e-01	   4.1757097768275053e-01	  -4.6818908532990938e-01	   2.9813248140926335e-01	  -1.8315074797115863e-01	   1.1773584364069958e-01	  -2.3649381531844962e-01	   1.4842026646603676e-01	   1.8954519775543438e-01	   1.2989219013883918e-01	   2.3420804409283152e-01	   3.3584320399797857e-01	   8.4538595335510738e-02	   3.1052052907344480e-01	   2.6144276054876930e-01	   3.7366725834791786e-01	   1.3824379490710770e-01	   4.7030913481383058e-01	   1.4957760068751946e-01	   2.5574952451880878e-01	   3.3969181226959660e-02	   7.5060584832124300e-02	  -5.5478935546448220e-02	   3.3323332698742802e-01	  -3.6265729516592633e-03	   2.9571775549898621e-01	  -1.0465693056241576e-01	   2.9936027712991820e-01	  -3.5520869407383242e-02	   2.3256848074948508e-01	   1.7948169027964028e-01	   4.3244311975468919e-01	   3.5611890918417410e-01	   4.4754743388795060e-01	   1.0032144184963376e-01	   2.1929115252912962e-01	  -1.3809236979652043e-01	  -1.4513041631838752e-01	  -7.7572671142448729e-02	   2.6137903011293767e-01	   7.3512620711014179e-02	   1.9015906578493424e-01	   2.6699230794251083e-01	   3.4123067405018159e-01	   1.3426686949670304e-02	   1.0504482677065543e-02	   1.0150193386759919e-01	   2.0080745653349724e-01	   4.2314872738975162e-02	   1.9526779752461254e-01	   4.6981988614760779e-02	   2.5557507671095187e-01	   2.6903750889265732e-01	   1.7767874946848256e-01	   3.6567654984534285e-02	   1.9017046223352865e-01	
   6.6245283750416206e-01	   2.7245939390955076e-01	   8.5748652429673200e-01	   6.0478665896241113e-01	   3.9286055676012968e-02	   1.8498106694706404e-01	   0.0000000000000000e+00	   5.7679775414407075e-01	   7.7079353007585016e-01	   4.9487434875974634e-01	   7.0386935335300049e-01	   3.5644754458790262e-01	   7.7590589326108916e-01	   4.7615588999572439e-01	   6.4701099407228857e-01	   3.6709083871942294e-01	   5.1574281543371714e-01	   2.2742957108107184e-01	   5.4129633776543873e-01	   4.6884364723958261e-01	   2.4114206056951626e-01	   1.0346506664632982e-01	   4.9647318108395389e-01	   4.6023790451470686e-01	   7.3268705909988921e-02	   1.3169150494623089e-01	  -2.0827795536427288e-01	  -4.4194917126690297e-02	   1.5540568306460251e-01	   1.0559830200905464e-01	   1.9575293207925937e-01	   3.4081224752050210e-01	   6.1048480238349900e-01	   5.4627700895613107e-01	   2.7325461180826488e-01	   1.5339458269756118e-01	   2.7776346043786271e-01	   3.0746491631399148e-01	   2.8536934635812383e-01	   2.4580824259261974e-01	   4.8202004758961714e-01	   4.1985963519745995e-01	   5.8955721983955933e-01	   5.0750799761137977e-01	   6.5093009361744247e-01	   5.7965386685737474e-01	   6.5098196143739051e-01	   5.9019334666576584e-01	   6.6630395912671059e-01	   5.7106753539761435e-01	   6.6300900441441257e-01	   5.7256245263852001e-01	   6.4102611190999470e-01	   3.9727848074630057e-01	   5.7643702451939427e-01	   4.2584387765840603e-01	   6.2426851416877638e-01	   2.5537176623473568e-01	   5.6221292992854566e-01	   2.4259590544504123e-01	   6.6260639467553595e-01	   4.6890317829234129e-01	   6.3592051367233016e-01	   4.3969016018591578e-01	   5.9140032423720990e-01	   4.4157098156731700e-01	   5.9518047460398582e-01	   5.4664279233402990e-01	   6.1643696326063058e-01	   6.1613269181460562e-01	  -2.1912763733983306e-02	  -1.6891028420466705e-01	   4.3737146504782043e-01	   1.9815946448262545e-01	   2.6645958056345542e-01	   3.1656903967365951e-01	   6.1312922693581207e-01	   4.6680032635578828e-01	   2.1791830423374828e-01	  -8.5813702930895491e-02	   5.5961733328865315e-01	   5.3061707163777161e-01	   6.0674243859013832e-01	   5.3431091472123948e-01	   6.0664282691225957e-01	   6.1147794888907647e-01	   6.6502383037267332e-01	   4.7752127063415584e-01	   4.2783902996232781e-01	   6.6104938159501958e-01	
   2.8590128097457279e-01	   8.1206794240823266e-01	   6.9557001812394181e-01	   9.1461308561818178e-01	   2.0505346493924753e-01	   3.5262908719390584e-01	   5.7679775414407075e-01	   0.0000000000000000e+00	   3.8726016624815218e-01	   6.1051859230513961e-01	   3.2922129623172125e-01	   8.1047556384310326e-01	   3.5360539449117978e-01	   8.9473928120037582e-01	   6.1762875615528756e-01	   8.5679321627948557e-01	   2.2063971119479736e-01	   6.8707810787351076e-01	   7.2204074012133168e-01	   7.8913773152842936e-01	   4.4600477067891714e-01	   4.3780018436603252e-01	   7.0049067688750855e-01	   7.8848942019958057e-01	   3.1291868235796461e-01	   3.1090333101146173e-01	   6.5369235219733424e-02	   2.0588604977246244e-01	  -6.0079677087605782e-02	   4.6117204171295761e-01	   5.7518909298988441e-01	   6.7496021032809983e-01	   8.0757695070623570e-01	   8.7602880503527136e-01	   2.9711134965421282e-01	   5.0247766998280174e-01	  -3.5662866380169522e-01	   7.2061009350503680e-01	  -1.2834025763487980e-01	   4.5625615677518905e-01	   1.7518102387711429e-01	   7.1959277800441357e-01	   6.7492424645037663e-01	   6.3664377820004470e-01	   7.4610322147933772e-01	   8.4763343456238349e-01	   6.6134237537861251e-01	   7.6373179071649422e-01	   7.7018917497817307e-01	   8.0420781124705032e-01	   5.8581318763588286e-01	   8.3004986609818754e-01	   5.9759183547351946e-01	   5.3727141012110458e-01	   6.4894017966634032e-01	   4.4445122086518185e-01	   2.3496877229801730e-01	   7.7037806055403668e-01	   4.0086958556556490e-01	   7.0037467792114361e-01	   3.0169593993283927e-01	   8.8162855249452265e-01	   3.4489891538636608e-01	   8.4136734527975587e-01	   3.9197188129857957e-01	   8.7711081964554638e-01	   7.8496614008429133e-01	   8.2406210864743490e-01	   7.2297967980893374e-01	   7.7080872040086201e-01	   4.5096303109983270e-02	  -7.8706696963634758e-03	   3.0803446652832717e-01	   6.2913603887091807e-01	   4.6535677237464446e-01	   4.3847180087198789e-01	   7.9574437408584586e-01	   7.5717193939882599e-01	   2.4545758145895932e-01	   3.2136656109949646e-01	   5.2008967023807751e-01	   7.3435781885671036e-01	   6.4647068433247123e-01	   6.8193063521517594e-01	   6.4103025427188265e-01	   7.4657977449718693e-01	   7.4607919157394909e-01	   6.4572871467955917e-01	   5.6833208531066171e-01	   6.1673769906702502e-01	
   4.1905003278576647e-01	   5.6831456492767538e-02	   6.2057913271461163e-01	   3.6647016382986231e-01	   2.5380440644169922e-01	   3.2239136989271999e-01	   7.7079353007585016e-01	   3.8726016624815218e-01	   0.0000000000000000e+00	   5.4714130977135311e-01	   5.9740381256937014e-01	   9.6454156333271701e-02	   6.6332870997764637e-01	   2.7865990020872777e-01	   5.4509299491253715e-01	   1.1639622749672145e-01	   3.8407698689501085e-01	   7.3886692291101785e-02	   2.1609986197984793e-01	   1.6458017753974141e-01	   1.5046869890278203e-01	  -4.8682700854903907e-02	   3.2657113156988155e-01	   3.0221850378498494e-01	   7.9275699169210095e-02	   2.2911200069044524e-01	  -6.6780842964920206e-02	   6.6516336421953176e-02	   2.0833265506937851e-01	   1.2537904312325834e-02	  -4.2565858613134694e-02	   1.1429730564662671e-01	   2.8277840097586737e-01	   2.3987619599244692e-01	   2.6767322344162187e-01	   2.0304258790589912e-02	   1.7424383020517784e-01	   3.2498163893506592e-02	   1.9340116187617468e-01	   8.3486304972495342e-03	   9.9449773340349795e-02	   2.3382037760991886e-01	   3.8592581664858805e-01	   2.9887646358030850e-01	   4.7590134640897253e-01	   3.9421921156901713e-01	   4.4767005773305812e-01	   4.0473723579688603e-01	   4.7858432518183947e-01	   4.1818514345118701e-01	   5.2115899072540495e-01	   3.9244462963797544e-01	   5.4191958627010917e-01	   2.4096668104243379e-01	   3.8005363433672062e-01	   5.4616739311117810e-02	   4.2398474320419044e-01	   6.8138635559254493e-02	   3.7469367728029035e-01	   5.3194097591394374e-02	   4.9956647110881969e-01	   2.6627087095488439e-01	   4.8139259021752978e-01	   2.0173251755170657e-01	   5.3503778119120415e-01	   2.6239259899362327e-01	   3.2888418452683543e-01	   2.9520763709134751e-01	   3.7899477644618018e-01	   3.3038102390507357e-01	  -4.9092913011075802e-02	  -1.0472013144412462e-01	   2.6644453433053811e-01	  -1.0661200381002829e-01	   2.8775800879189947e-02	   3.0602836013146874e-02	   4.0060302401622416e-01	   1.9337419391935484e-01	   2.2153954835231374e-01	   4.3512923287778775e-02	   4.2622027022295550e-01	   3.1859498235544759e-01	   4.2368989221980502e-01	   2.9866463392375076e-01	   4.9788772969326123e-01	   3.3344131329262650e-01	   4.3078020018084029e-01	   2.0780585602973714e-01	   5.0645939655704719e-01	   4.1915663016736937e-01	
   4.8984708408085019e-02	   3.2362599506404965e-01	   6.0520407954976041e-01	   6.1106372317231061e-01	   3.3450201621900433e-01	   6.6980391920404903e-01	   4.9487434875974634e-01	   6.1051859230513961e-01	   5.4714130977135311e-01	   0.0000000000000000e+00	   1.9090881933408782e-01	   4.0041345704439879e-01	   2.2780704433848264e-01	   5.9868845637168522e-01	   2.4870667990983530e-01	   4.5040994835786818e-01	  -5.4105647965805220e-02	   3.1380778412002525e-01	   2.0270569311714903e-01	   2.1344800737330069e-01	   1.1622458268381888e-01	   1.6803381763570555e-01	   5.5133177076740147e-01	   6.3181035191059576e-01	   3.7228811127656269e-01	   5.1226889583131363e-01	   2.4651865664766248e-01	   4.3944293365529546e-01	  -1.6078748425431080e-01	   7.9849677527960294e-02	   7.3983557832107638e-02	   1.4062927758011334e-01	   2.8025280987276863e-01	   3.8311426488713629e-01	   3.5396814451736680e-01	   4.0631696671156792e-01	  -2.8805137670185371e-01	   4.1307299442330747e-01	  -1.3333607028113792e-01	   1.3578972557223673e-01	   3.1230161283346911e-02	   2.5488637116271884e-01	   3.8460638039323458e-01	   2.8577636575886317e-01	   4.5546243357554478e-01	   4.9393761440803574e-01	   3.5766544773324455e-01	   4.6712514373308911e-01	   4.4541642892604350e-01	   5.2925030467823964e-01	   4.2304595832403102e-01	   6.7833750967757522e-01	   4.7091725059941664e-01	   4.7923042612391520e-01	   2.9208366288911281e-01	   2.9107529863590953e-01	   5.7002829936719124e-02	   3.6370842835614003e-01	   1.3012785778905556e-01	   3.3000569464567442e-01	   1.2944547987064900e-01	   5.2535805543355296e-01	   1.2810851931877665e-01	   3.8417031146270453e-01	   4.3484027364513056e-01	   6.2673507419454699e-01	   4.2909722989668309e-01	   4.8771468041919053e-01	   2.9885705613254632e-01	   3.4430068753608167e-01	  -2.2758191201103756e-01	  -2.4699316188289580e-01	   1.1839781435384880e-01	   2.3433137314305835e-01	   9.4501296417427966e-02	   1.6342380385194366e-01	   4.3036343001146837e-01	   4.3489163763701938e-01	   3.4952839931227123e-02	   1.2907692095047771e-01	   2.3137509699463132e-01	   3.1772789739288448e-01	   2.1086066388261182e-01	   3.0670907531344327e-01	   2.3516387212491138e-01	   4.0862048032054044e-01	   4.1289840054454441e-01	   2.5299202949364730e-01	   3.3558476511581087e-01	   4.5229007720281028e-01	
   5.8349333874549847e-01	   1.6789867491303365e-01	   4.7131769731693063e-01	   1.9128885450213906e-01	  -2.6148946722736272e-01	  -7.1716781349107694e-02	   7.0386935335300049e-01	   3.2922129623172125e-01	   5.9740381256937014e-01	   1.9090881933408782e-01	   0.0000000000000000e+00	   2.5083058972834260e-01	   8.5861668923180523e-01	   3.1826201122233161e-01	   7.3541320960063938e-01	   2.2027302672460758e-01	   4.9233274069307020e-01	   1.0367458696609877e-01	   4.5173711778975850e-01	   3.0776831612689542e-01	   9.5565821725010797e-02	  -4.1292284034161686e-02	   2.2616740299059235e-01	   3.5710897224627627e-02	  -3.3518702391033073e-01	  -3.2615145878226320e-01	  -5.0756527826136488e-01	  -4.7222114653739555e-01	   1.3395222113159808e-01	   1.3777257834507362e-02	   1.4009407092132590e-02	   1.2906294999378548e-01	   4.1328473450993919e-01	   2.5602555654223019e-01	  -5.5988616394382823e-02	  -3.0769304106709017e-01	   3.1803321753050462e-01	   1.3288813255766593e-01	   2.7886586276342812e-01	   2.5445696954175645e-01	   4.4131680968292736e-01	   3.0787648288597991e-01	   4.4378435173517794e-01	   3.4496275315844871e-01	   4.6326950242410003e-01	   3.3957636309794442e-01	   4.7261334935510430e-01	   3.8970887468294657e-01	   5.4615499651701471e-01	   3.6030474073213281e-01	   5.4639151499381977e-01	   3.4491166856480726e-01	   5.4929638488291910e-01	   4.3890069301490819e-01	   5.6074676263384804e-01	   3.6400589911811992e-01	   5.2284084124088925e-01	   1.7016312943691136e-01	   4.3995721806626303e-01	   1.1897525903297794e-01	   6.6975727733531931e-01	   3.3583270472947224e-01	   6.0049651708755891e-01	   3.5067306653919228e-01	   2.9473355572255167e-01	   1.2786340578537475e-01	   3.4618366456036104e-01	   2.1984473237607910e-01	   5.2026648156053834e-01	   4.2135448009430698e-01	  -1.8981969485123162e-01	  -2.5529220474543451e-01	   4.1569171982660974e-01	   6.0593980760224680e-02	   1.3667357327311763e-01	   1.6844089333188345e-02	   4.9993247563570520e-01	   3.3112030207708582e-01	   6.2065603215423329e-02	  -1.2290178027338738e-01	   3.7527344654078998e-01	   3.5150060370244296e-01	   5.3591086653277398e-01	   2.8524638494168542e-01	   5.6676773426771110e-01	   4.0971088788555626e-01	   5.4308797710005530e-01	   3.5225382621976098e-01	   4.7883824388752216e-01	   4.7323100171557353e-01	
   3.6285631157612813e-01	   8.3369407960903263e-01	   3.5911991795991188e-01	   7.4774297611570861e-01	   1.4102821929516174e-01	   2.1729109685472697e-01	   3.5644754458790262e-01	   8.1047556384310326e-01	   9.6454156333271701e-02	   4.0041345704439879e-01	   2.5083058972834260e-01	   0.0000000000000000e+00	   2.9399005905655035e-01	   9.1093519328082484e-01	   5.7003292319674603e-01	   9.2071718385331214e-01	   3.2217746476942105e-01	   8.6112082643852395e-01	   7.3264259131776266e-01	   8.4340552195544960e-01	   5.8801889517817130e-01	   5.1475337339265481e-01	   4.1512812904616281e-01	   5.3447346203663315e-01	   2.2166692587270115e-01	   2.0070925744568774e-01	   1.1089356064617935e-01	   1.7914334137631502e-01	   9.4539143019729766e-02	   6.0663832309837717e-01	   6.7206901684359133e-01	   7.5038803362093920e-01	   7.9799694507935248e-01	   8.7316675169546976e-01	   4.4811268965543688e-02	   4.2388680337723794e-01	  -3.7724624992692024e-01	   7.8377843386124524e-01	  -5.3419790881817836e-02	   4.2014791785444844e-01	   2.6705515504963756e-01	   6.5519554474849917e-01	   5.7216221892603292e-01	   5.4125995074376743e-01	   5.5306329609042848e-01	   7.9207911803859810e-01	   4.4578619276296888e-01	   5.7933597448982577e-01	   6.5814952054304154e-01	   6.6511907661566982e-01	   2.9889437427547694e-01	   6.3485071419661210e-01	   2.8701427271356295e-01	   3.6326614690499837e-01	   3.7223022638570502e-01	   5.5363736170559052e-01	   2.7497238664453383e-01	   7.9896908993639426e-01	   4.9774623919753808e-01	   7.9500659538778173e-01	   3.3590103928699544e-01	   9.0412639266321682e-01	   3.7457468707049196e-01	   9.1599224575765614e-01	   1.2876955499161422e-01	   7.8748250939744158e-01	   7.0483386772388101e-01	   7.7994127918975187e-01	   6.5401030849074915e-01	   7.4931634538678749e-01	   2.1637489437470864e-01	   1.4237366474223823e-01	   2.6016275361695801e-01	   8.2198551510704043e-01	   5.4013758346791652e-01	   5.7718347616278964e-01	   6.5441140729849545e-01	   7.6100180519167737e-01	   2.7440716180985941e-01	   3.6346591802764905e-01	   5.5617149531899468e-01	   7.7479373360472403e-01	   6.6091776702856042e-01	   7.9742251762370508e-01	   4.5450934944336657e-01	   7.6233713732055519e-01	   6.5376768905790350e-01	   7.4788492073348578e-01	   2.1127987981616186e-01	   6.3576217364739840e-01	
   7.5726571633309359e-01	   1.3591501006280798e-01	   4.8004672079734229e-01	   2.5569994083274211e-01	  -2.6986804834487726e-01	  -7.3279050834315795e-02	   7.7590589326108916e-01	   3.5360539449117978e-01	   6.6332870997764637e-01	   2.2780704433848264e-01	   8.5861668923180523e-01	   2.9399005905655035e-01	   0.0000000000000000e+00	   3.8263051605059578e-01	   7.0446822095851103e-01	   2.6543678405993765e-01	   6.1682946240296099e-01	   1.6743587344158026e-01	   4.4457493652885260e-01	   3.5328310868829249e-01	   1.8313404541982792e-01	  -4.1481596190971706e-02	   1.0591555790162613e-01	   3.2331723755774748e-02	  -3.2397577951073747e-01	  -2.2829211370536895e-01	  -5.0637387936510936e-01	  -3.6077913357648578e-01	   3.0029427234445177e-01	   5.1305604624567819e-02	   6.9245617628633127e-02	   2.2768399431057795e-01	   4.5482475757569502e-01	   3.4560969330514157e-01	  -2.5290672198544993e-02	  -1.8421217566252429e-01	   3.3512105007451454e-01	   1.7631724246566982e-01	   2.8592691680026883e-01	   1.2059419706480290e-01	   5.2183220716307344e-01	   3.3569349016955574e-01	   5.1252702679140283e-01	   3.8044564239268874e-01	   4.9562342188633213e-01	   4.1788068285884522e-01	   5.1175749266229120e-01	   4.0895070981723908e-01	   5.3049333276287380e-01	   3.5154221932082969e-01	   5.1905279744522592e-01	   3.0653301583851150e-01	   5.3798347909972533e-01	   2.8566793550639724e-01	   4.3829778655509399e-01	   2.8681606903289325e-01	   6.8557003228192204e-01	   1.2614462786847164e-01	   5.7341128295833177e-01	   9.8125077548446946e-02	   7.6441307030826855e-01	   3.4825121202865972e-01	   7.4474025439570901e-01	   3.9567789841332179e-01	   3.0469161734995742e-01	   1.3611537201645035e-01	   3.7308268411413281e-01	   3.2952987585968579e-01	   5.6544937436520437e-01	   5.4607113183562828e-01	  -1.0144923004039468e-03	  -1.4751892521868221e-01	   4.8073800864021921e-01	   7.7251126074139115e-02	   1.9886785083481656e-01	   1.8147311039128633e-01	   4.4254934178769434e-01	   3.0096901347379151e-01	   1.9898234077044086e-01	  -8.1187452812271882e-02	   5.5062721069630016e-01	   4.8121902660669114e-01	   5.5711623359169637e-01	   4.3982037822817149e-01	   5.4704419747198318e-01	   5.3420564373422552e-01	   5.0067288404248234e-01	   3.8361895836597548e-01	   3.5760283257530479e-01	   6.2432712504101462e-01	
   3.6500664410234601e-01	   7.8783436945545393e-01	   5.3676227137123067e-01	   8.2988296928655902e-01	   1.6514745506401182e-01	   2.9036409503428551e-01	   4.7615588999572439e-01	   8.9473928120037582e-01	   2.7865990020872777e-01	   5.9868845637168522e-01	   3.1826201122233161e-01	   9.1093519328082484e-01	   3.8263051605059578e-01	   0.0000000000000000e+00	   5.7373115372649930e-01	   9.1586615067928279e-01	   2.7686217545143554e-01	   7.3769547750362618e-01	   6.7815684077666627e-01	   7.6671788769590410e-01	   4.4780837246930277e-01	   4.4785335447298669e-01	   5.8105632503936444e-01	   7.1055211461183510e-01	   3.0681988960205192e-01	   2.9381164572228019e-01	   1.0479688028797672e-01	   2.0094577107180389e-01	  -3.7228728194491439e-02	   4.4271171066326465e-01	   5.7465675348743384e-01	   6.9691343233401204e-01	   7.8859334677699833e-01	   8.5443357629760008e-01	   2.5730193526501061e-01	   5.0862254709663057e-01	  -3.3371014105664809e-01	   7.2926791188502049e-01	  -1.2806424511118525e-01	   4.2311290835282844e-01	   2.4353308851788813e-01	   6.1852506035738031e-01	   6.5083325489342725e-01	   5.9443364059736536e-01	   6.5645110143927821e-01	   8.1440850377813012e-01	   5.7604940678977257e-01	   6.5596832640210634e-01	   7.0135699037822741e-01	   7.2681069535671194e-01	   4.9856692320658069e-01	   7.5139558914505589e-01	   5.0719286692431365e-01	   4.9356554872010899e-01	   4.7179825532047603e-01	   5.2790007861809907e-01	   3.0107416373410295e-01	   7.7026111321741753e-01	   4.8575137343396246e-01	   7.2391088740887510e-01	   3.8112781315614047e-01	   9.0378359779766404e-01	   3.9861421283298559e-01	   8.6438277781556216e-01	   3.2597607683893937e-01	   8.6027491844844683e-01	   7.5236056662829087e-01	   8.1593449866967060e-01	   7.1440355655325094e-01	   7.7132228208860942e-01	   3.4293998288697371e-02	  -2.6890026343781001e-02	   2.7425970959415308e-01	   6.6216827380945620e-01	   5.2783767275528226e-01	   4.7287448249010844e-01	   7.0980497570849899e-01	   7.8037186085881638e-01	   2.3304586334418131e-01	   3.3653911462031111e-01	   5.4072232678832000e-01	   7.3372207052711402e-01	   6.1418349755633350e-01	   7.2355213216034819e-01	   5.8320585850918338e-01	   8.0963145385427471e-01	   6.8613716075509235e-01	   6.6955478118556422e-01	   4.2499409212918354e-01	   6.7781176963018019e-01	
   5.1591033808373843e-01	   5.2647288847152096e-01	   4.6178425721020444e-01	   4.7004781518321859e-01	  -1.0082591996290109e-01	   2.5513282752226731e-03	   6.4701099407228857e-01	   6.1762875615528756e-01	   5.4509299491253715e-01	   2.4870667990983530e-01	   7.3541320960063938e-01	   5.7003292319674603e-01	   7.0446822095851103e-01	   5.7373115372649930e-01	   0.0000000000000000e+00	   5.9632515007394304e-01	   5.1803359330854515e-01	   5.1151019975401790e-01	   7.4668940610104473e-01	   6.6940784333455372e-01	   4.1441215156325695e-01	   1.9814612495962813e-01	   4.5719081625585734e-01	   3.1496792259752637e-01	  -6.4822432497406934e-02	  -8.4122551109817034e-02	  -2.8973496592603504e-01	  -2.0092961102060630e-01	   2.6570160929080111e-01	   4.7537836406357159e-01	   5.3175499079112498e-01	   5.5521736457091286e-01	   6.4533306457305040e-01	   5.8664272636891712e-01	   6.5660472553007221e-02	  -1.4970089409663743e-02	   8.1940987694020181e-02	   4.2991076488386692e-01	   7.9620393239043019e-02	   2.5864387281458717e-01	   2.6870149006522254e-01	   5.5790970062285450e-01	   5.2155527921566835e-01	   4.9825703760123297e-01	   6.4325533225601139e-01	   6.2433114854045302e-01	   5.4585857727079434e-01	   5.4205663427138018e-01	   7.0558806877593028e-01	   5.6931492537215900e-01	   5.1538045234262775e-01	   4.6935616676313996e-01	   5.1504084176399290e-01	   3.9599401294600833e-01	   5.7836030931922511e-01	   3.8123816286852319e-01	   4.1413512611089515e-01	   5.2522039169508039e-01	   5.7437616000236791e-01	   5.0000937219889752e-01	   6.0101753240496125e-01	   5.8783635390265609e-01	   5.4081399229417804e-01	   6.2281742166175080e-01	   4.0660496327713352e-01	   4.5632323068931147e-01	   6.0267765477890711e-01	   5.2037511245489276e-01	   7.1346060211446383e-01	   6.9100820734121804e-01	   7.4764314439619922e-02	   1.3081067101682808e-01	   4.4000407059080626e-01	   3.6863575657962389e-01	   4.5503085276503746e-01	   3.7974898487017827e-01	   6.3855898010485024e-01	   5.2977902083454509e-01	   2.8044117163723065e-01	   2.6119081635600871e-01	   5.0819201635462996e-01	   6.0719667368648222e-01	   8.4249520047651960e-01	   6.1194577262604122e-01	   6.5924384145701409e-01	   5.3803247595190218e-01	   6.8289763564412298e-01	   5.8720570195076660e-01	   5.8263819089596691e-01	   5.4423679315661466e-01	
   2.6743722041879603e-01	   8.3191194014037029e-01	   4.4395486902879261e-01	   7.9070693573886963e-01	   7.7969596844550057e-02	   1.7217874672803643e-01	   3.6709083871942294e-01	   8.5679321627948557e-01	   1.1639622749672145e-01	   4.5040994835786818e-01	   2.2027302672460758e-01	   9.2071718385331214e-01	   2.6543678405993765e-01	   9.1586615067928279e-01	   5.9632515007394304e-01	   0.0000000000000000e+00	   2.2025860465414793e-01	   7.9519151746961925e-01	   7.4617692052792206e-01	   8.3066286773411169e-01	   4.8961532413362774e-01	   4.2419737158859816e-01	   6.1439223248448516e-01	   6.7840212610113437e-01	   3.3110080930543506e-01	   2.9130178741443535e-01	   7.5521061927898120e-02	   1.5081787411150982e-01	  -1.1469798344806905e-02	   6.1688043419310290e-01	   7.0170105725913257e-01	   7.3900821136312289e-01	   7.7401615559120851e-01	   8.4729082581178894e-01	   1.8687164678305188e-01	   4.5208569785339775e-01	  -3.3685678780430472e-01	   7.9629682048589556e-01	  -1.2281309956040662e-01	   3.9133098227301388e-01	   2.1542299865055986e-01	   6.8225805977641940e-01	   6.1697308893634617e-01	   6.1696729408631978e-01	   6.3285447586513088e-01	   7.8384073892881645e-01	   5.5389967474878921e-01	   6.4592371550179239e-01	   6.6903557621868537e-01	   7.2945798497722381e-01	   3.6761697121879156e-01	   6.8508544769185720e-01	   4.0874532022742660e-01	   4.5567835935261092e-01	   4.2222587506422982e-01	   5.2874567735322375e-01	   1.7380332609791016e-01	   7.8682553020709445e-01	   4.1117952308653438e-01	   7.5294762703532503e-01	   2.1207310436309415e-01	   8.4620124142225550e-01	   2.6483723620404870e-01	   8.4626376247695645e-01	   1.9896755018286955e-01	   7.9717664191216275e-01	   7.0153040629838725e-01	   7.5890735221079364e-01	   6.7330923230622008e-01	   7.5434903950644117e-01	   1.0255043159021576e-01	   8.3360206704384238e-02	   2.9587857656657612e-01	   7.3750394023973820e-01	   5.6809378068540273e-01	   5.5310017115057086e-01	   6.7632804331954066e-01	   7.5250785362233430e-01	   2.3098272071888848e-01	   4.2996585890526523e-01	   4.8733390110959907e-01	   7.4526293902091090e-01	   6.6735399168281018e-01	   7.6634880973817399e-01	   5.0522226790530700e-01	   7.4960301922837347e-01	   6.6390720590991226e-01	   7.1863106990457792e-01	   3.2997739519545977e-01	   6.2022596458148593e-01	
   8.4938766665402543e-01	   2.3841676538706319e-01	   3.1670923328392497e-01	   2.1967616293597222e-01	  -1.4976968041648575e-01	  -1.3909801457315357e-01	   5.1574281543371714e-01	   2.2063971119479736e-01	   3.8407698689501085e-01	  -5.4105647965805220e-02	   4.9233274069307020e-01	   3.2217746476942105e-01	   6.1682946240296099e-01	   2.7686217545143554e-01	   5.1803359330854515e-01	   2.2025860465414793e-01	   0.0000000000000000e+00	   2.8771992837976101e-01	   4.9071396816069612e-01	   5.0820413816517818e-01	   2.5303578272531391e-01	   1.8417747544570962e-01	  -8.4400197424314427e-02	  -1.2855447633624416e-02	  -2.2828178246665648e-01	  -1.0242384571887654e-01	  -2.0165797707849098e-01	  -1.8117811170011866e-01	   6.3110283733512773e-01	   3.5358768337189533e-01	   3.9106426791098536e-01	   5.8239966936167931e-01	   5.1316425672017429e-01	   4.1080929634805663e-01	  -8.9794543333558935e-02	  -1.4065568158385763e-01	   3.6902220482917797e-01	   1.7620350467975171e-01	   4.9278644929522986e-01	   2.5278389674612511e-01	   5.3803818750742882e-01	   3.4300288787656846e-01	   4.0927936730014558e-01	   3.7604011480200850e-01	   4.1764220343502134e-01	   4.2526186310994402e-01	   4.9208814622214558e-01	   3.6191466404253425e-01	   4.8235145647843547e-01	   2.7923687550729204e-01	   4.3640866569631820e-01	   5.8200597634682188e-02	   3.9160244324744664e-01	   1.4593422885241580e-02	   2.9506466116491242e-01	   1.4598867893547846e-01	   8.6205120829067206e-01	   2.1979035853202455e-01	   7.5000384684319232e-01	   2.7066036261442949e-01	   7.7488131546266570e-01	   2.6093799142690544e-01	   7.0313361468073965e-01	   3.4219352329031266e-01	   2.4690243309213572e-01	   7.6289674225398729e-02	   4.3194701301586791e-01	   3.6548204025325481e-01	   5.7297262488374034e-01	   5.0876055876694948e-01	   4.2738232570723900e-01	   2.2153277884050682e-01	   5.0620817335317636e-01	   1.8822218933923027e-01	   2.9592295239415650e-01	   2.2150030662519268e-01	   3.1298932358732684e-01	   2.4541652975010966e-01	   5.8051812158668792e-01	   1.8795790888049219e-01	   8.2959194202092434e-01	   5.8899042357723896e-01	   6.6253416622330885e-01	   6.4705039932129260e-01	   6.0904301022730545e-01	   4.9749240458873334e-01	   5.0261704574764821e-01	   5.6301078565432272e-01	   2.4225851742714946e-01	   4.2147043997506317e-01	
