   0.0000000000000000e+00	   3.4816241043243801e-01	   2.4321570734379544e-01	  -4.6583366886758748e-01	  -4.8564311703963392e-01	  -5.9259595068204163e-01	   3.8728660244451679e-01	  -4.0576315033281407e-01	  -7.1426099154549028e-01	  -7.0636745478409613e-01	   7.2237637866827653e-01	  -1.2077549587188874e-01	   4.1871562204643464e-01	  -5.4075818752723726e-01	  -2.8450867625288229e-01	  -4.4559396088780212e-01	   5.6543228999789941e-01	   2.1300427803346600e-01	   2.7131725946138752e-01	   5.2452400287553513e-01	   3.9150739813964563e-01	  -1.3462216910318434e-01	  -2.1631428534776420e-01	  -3.1931664262733017e-01	  -5.2210288467412336e-01	  -5.5205092443338410e-01	  -3.4050107488862469e-01	  -2.9803126575717392e-01	   5.8880107383063907e-01	  -4.0800534942040456e-01	   1.0354492157199816e-01	   4.7090491108883442e-01	   2.3106952813767595e-01	   1.8981564456146460e-01	  -6.8035465672331595e-03	  -1.1465267605318313e-01	   6.5762290457391270e-01	   2.5235126130080532e-01	   3.5608278077076810e-01	   3.2950794673114175e-01	   5.6744091728807644e-01	   1.1279076479757105e-01	   5.6608405355496119e-02	   4.6429660361189701e-02	   2.0608500912505984e-01	   4.2090471928873457e-01	  -1.6795018104929152e-01	  -5.1119704536218028e-03	   3.8373788600541781e-01	   4.3114260440072283e-01	   9.7189724905000857e-02	   2.3074040342612623e-01	  -6.5675118629327650e-02	   3.8556885772636690e-01	  -1.6245449193148931e-01	   8.3270648447485562e-01	   9.4452104736795173e-01	   2.2926162224368701e-01	   8.5135851324666412e-01	   4.4936971435885975e-01	   7.6602939057573172e-01	   3.4739845760419624e-01	   7.9730687254484334e-01	   3.2498409084944047e-01	  -6.8614015325231051e-02	   2.6484529603252993e-01	   4.7155926817944782e-01	   5.0925892184807575e-01	   6.1154679626532293e-01	   6.2230444880586400e-01	  -3.1248204614776776e-01	   6.6810511176149823e-01	   2.7933697595227980e-01	   2.5760947425801628e-01	   1.2075279917591991e-01	   4.9859144131609529e-01	   5.1391452173437553e-03	   5.9643678797757005e-01	   1.6688058096955274e-01	  -5.2594433671451102e-01	  -2.9807116919498544e-01	   2.8299221696082322e-01	  -9.0904096950596383e-02	   1.1534287868825516e-01	  -2.6593285892876695e-01	   7.5023624660451060e-01	   2.1072633878904351e-01	   5.3811288906381305e-01	  -6.4698437942664710e-01	   7.6909275585442138e-01	
   3.4816241043243801e-01	   0.0000000000000000e+00	  -2.5145781486470953e-01	   4.5499226541739629e-02	  -4.2214577833557088e-02	  -4.2424880219795941e-01	  -1.1758136791064482e-01	   1.6961204523786086e-01	  -2.1223931360607351e-01	  -5.2020954086794324e-01	   2.9320440106683537e-01	   2.2112117340299953e-01	   4.9273031301506946e-02	   1.6747056142356920e-01	  -1.0070983861039036e-01	  -2.6622517040624671e-01	   6.2996665235078353e-02	   6.3492208083215274e-01	   3.4440975716736505e-01	   5.9339016218181961e-01	  -1.2305894743791596e-01	   4.7487952265198807e-01	  -2.5811415946373645e-01	  -3.1714296098911227e-01	  -4.8687545315436670e-01	  -5.6944651344763852e-01	  -2.4591689177080162e-01	  -4.2351509953376482e-01	  -5.2080075047967148e-02	   4.9239610834518693e-01	   1.7884952693087552e-01	   1.8599427217923090e-01	   7.5631763049359202e-02	   3.8990610382486163e-01	  -4.5583481285240160e-02	   1.9545030321441575e-01	  -1.0298363323755885e-01	   1.5285708875531545e-01	   1.3841515737781945e-01	   1.1495353562474256e-01	  -1.6196902161425211e-01	   3.2233345582584766e-01	  -1.0320900283423182e-01	  -5.7023701211041736e-02	  -1.8536285235976616e-02	   4.7749076479219271e-01	  -1.2696788116451552e-01	   2.4207458970637079e-02	   5.4454765191703669e-01	   4.0311071639664486e-01	   4.2521091220310647e-01	   1.7917235838651946e-01	   3.4303099767015177e-01	   2.2059419899538577e-01	   4.6764276051965220e-01	   8.4324397790670275e-02	   3.4155974618586105e-01	   8.7218247177964781e-01	   5.0011286088279960e-01	   7.6113535028974044e-01	   5.1278654070724627e-01	   7.8017792471032954e-01	   3.3705998949518146e-01	   7.1366296667885276e-01	   1.2667053300647424e-01	   2.6729702979448078e-01	   3.8381097214107229e-01	   3.1835871520807746e-01	   6.8745151320493536e-01	   5.7997183729766189e-01	   2.1566204652507340e-01	  -4.1447024804247314e-02	   2.7063388050107340e-01	   5.7898960432976243e-01	   3.5130557766165099e-01	   2.5400002475674616e-02	   3.4445914952099621e-01	   3.8012528380147270e-01	  -1.0789512855624214e-01	   2.8651834227181222e-01	   1.1946399768903229e-02	   1.2497056936459200e-01	   1.4152497268144579e-01	   2.5500853901664672e-01	   6.2909731784160025e-02	  -6.3611692153097907e-02	   3.6936489056755617e-01	   1.4168828933760899e-01	   3.1101910230915442e-01	  -7.4713371051948863e-02	
   2.4321570734379544e-01	  -2.5145781486470953e-01	   0.0000000000000000e+00	   4.7233752286647013e-01	   4.2252497499261121e-01	   4.1991766707134831e-01	   8.4022049572786695e-01	   2.9728747674731693e-01	   2.8054572732352429e-01	   1.1474044393191929e-01	   4.1929345665248180e-01	   2.6235136018847260e-01	   6.9805289602936393e-01	   1.7986541927206719e-02	  -1.8155904566873207e-01	  -1.7861408823055595e-02	   1.7549527393430012e-01	  -1.9729299115157928e-01	   5.0200913039183792e-01	   2.8793534179840180e-01	   1.7882991886115560e-01	  -1.0830588058059372e-01	   8.5296742670277381e-01	   7.6872746258949043e-01	   5.8701624782599426e-01	   5.1218549930889445e-01	   4.4699084018627888e-01	   4.0446456530390323e-01	   2.4950012068627159e-01	  -4.1546676397026255e-01	  -1.7021839378935089e-01	   1.1183128454516553e-01	   2.9826535825431894e-01	   4.6669369203431038e-02	   4.4624142955972401e-01	   3.3332366377026951e-01	  -2.2941102557386493e-03	  -1.2280354665662843e-01	  -1.5839726480412897e-01	  -1.4200987541470372e-01	   2.7995872265889787e-01	   2.1762212200752890e-01	   2.3564708039113771e-01	  -1.0180277776832382e-01	   3.5432018311063995e-01	   1.3956668665486621e-01	  -2.5786876484785927e-02	   1.2371906528262515e-01	  -1.1214303697420469e-01	   2.4098770236611824e-01	   1.6112375945124213e-01	   4.3293453695009476e-01	  -1.9250571715135306e-01	   2.7161381537660234e-02	  -3.6429793604244964e-01	   3.3435171196133029e-01	   9.1349729508573327e-02	  -5.0644584867648701e-01	  -1.0067929072336759e-01	  -4.8891101713191554e-01	   2.7456263626058924e-01	  -2.1485320329273833e-01	   2.1267655711886793e-01	  -1.7850393559292860e-01	   4.2980525727024821e-01	   2.7117835626504633e-01	   1.9418350062539425e-01	   5.3085813382701345e-02	   1.0679020705509179e-01	   1.9520842618399542e-01	  -1.8385327057636164e-01	   2.6407205802869993e-01	   1.7156298253175950e-01	  -7.7086112492145958e-03	   1.9064381708798681e-01	   3.4472666783541539e-01	   8.0986070439595464e-02	   1.9968476742821140e-01	   1.2820203941769173e-01	  -4.6266877537011925e-01	   1.9748855401577897e-01	   8.5957333595211002e-02	  -1.0643265684791284e-01	  -5.6627317911544711e-02	   2.7584256190946121e-01	   3.7170335460396220e-01	  -3.1318043593638994e-01	   1.5160837814075359e-02	  -2.1041062389210749e-01	   3.8240980522252460e-01	
  -4.6583366886758748e-01	   4.5499226541739629e-02	   4.7233752286647013e-01	   0.0000000000000000e+00	   8.0575040128695519e-01	   6.1778319322614705e-01	   3.4325259581680956e-01	   9.1947014059116516e-01	   7.9208024137189148e-01	   4.8223116323348364e-01	  -3.2137122477046060e-02	   6.8917740460807708e-01	   3.3752257925238016e-01	   7.2967803755442961e-01	   1.9832390814400572e-01	   3.4648178413299974e-01	  -3.2467161492019370e-01	   2.3768757126456517e-02	   5.4562906393594268e-01	   2.4849059474279434e-01	  -3.1333855715175202e-01	   3.2100636663474980e-01	   7.7000919058682182e-01	   8.0467149480362843e-01	   6.3548315319667781e-01	   5.7834610627884320e-01	   5.4648088540425277e-01	   4.0819978390552236e-01	  -3.1909191215488897e-01	   3.8739389890998399e-01	  -4.2566142706457914e-02	  -1.0638011244807802e-01	   1.1846681945330721e-01	   1.6775764948409533e-01	   4.4200214986598618e-01	   5.4536207952733728e-01	  -7.2389890484377428e-01	  -2.3130341665725024e-01	  -3.7481158934229231e-01	  -3.7405760567856150e-01	  -4.9703991026837779e-01	   2.0779856153363119e-01	   1.4016788440449518e-01	  -1.6450550397376607e-01	   8.7630976713323663e-02	  -5.5028735305318272e-04	   4.5286077022924566e-02	   6.3007758693249039e-02	  -1.8459784129555662e-01	  -1.9922406591485267e-02	   3.5305152247587235e-01	   2.8582231826033816e-01	   1.5705882729889009e-01	  -1.8199696673746235e-01	   1.6933372694080062e-01	  -4.6271735551158572e-01	  -5.9996312857547573e-01	  -1.5215358481703473e-01	  -5.4732358012296001e-01	  -3.0230949799335044e-01	  -8.0893236854828465e-02	   9.4389119128730936e-02	  -2.8219623246427716e-01	   7.7190812838596138e-03	   6.4625202252770342e-01	   4.3315156037244790e-01	   2.4223521689283784e-02	  -8.8286345518645004e-02	   3.0592845659468598e-02	   8.2498626009633869e-02	   3.7697458296704389e-01	  -3.7471477860567370e-01	   1.8970525095140356e-02	  -1.2889005920619494e-02	   2.5078662510329419e-01	  -1.5316010856993612e-01	   3.3327165134275083e-01	  -1.3582341174304066e-01	  -1.1205476187604987e-01	   2.4147382051189259e-01	   5.1923573762840491e-01	  -7.0556784401587025e-02	   1.5637820912032963e-01	   4.7285611551396718e-02	   6.3311661236447891e-01	  -3.8217982739554929e-01	  -1.8786392977913441e-01	  -4.3787542483504049e-01	   6.9704832137171580e-01	  -4.4123226783124853e-01	
  -4.8564311703963392e-01	  -4.2214577833557088e-02	   4.2252497499261121e-01	   8.0575040128695519e-01	   0.0000000000000000e+00	   7.1699997416514538e-01	   1.4150040790477819e-01	   6.0355145776906194e-01	   9.0484634849616874e-01	   3.2440082268783599e-01	  -2.7985185021007641e-01	   2.4884845891283075e-01	   9.5263471776805761e-02	   4.4357306339903962e-01	   6.2798578118454115e-02	   4.5416135516712301e-02	  -3.6499665506910628e-01	  -2.2901519856009228e-01	   3.0919819947848193e-01	   3.8708533054717879e-02	  -1.9262915216103610e-01	   3.2044312711484496e-01	   7.1795234709826450e-01	   7.2653369301956672e-01	   7.4543822216462641e-01	   6.3057126023850696e-01	   7.2188678976549236e-01	   3.8809923295003756e-01	  -4.9533437024394472e-01	   1.6544678093829537e-01	  -2.2122732047101443e-01	  -2.7866959945393738e-01	   7.5097596308656464e-02	   1.6318026736314112e-01	   3.1998348366874785e-01	   3.8137965606632845e-01	  -7.0020073871936972e-01	  -4.4314737315423969e-01	  -4.6309213448094427e-01	  -4.3945941805936312e-01	  -3.9103517912295926e-01	   1.1621587695311256e-01	  -4.3052621459547871e-02	  -3.0052763331998233e-01	  -1.1172502985663352e-01	  -1.6545232507670682e-01	  -2.7870063856084426e-02	  -9.2208057714827985e-02	  -2.2909218356209202e-01	  -1.7046538790735605e-01	   1.3318135479621734e-01	   9.4243723630195536e-02	   5.5267887379451937e-02	  -2.3044588844907074e-01	   8.1925808404180303e-02	  -4.7810761151460324e-01	  -5.8733437189284288e-01	  -8.8546018628144138e-02	  -5.3982916851659746e-01	  -3.3501166711056218e-01	  -2.6804168414101848e-01	  -1.3914424363174258e-01	  -3.4932805113068216e-01	  -1.4609502001669400e-01	   3.7645286840627062e-01	   5.0039899643156041e-02	  -1.2669219674388149e-01	  -3.3479851443262371e-01	  -1.3605059231971936e-01	  -1.4087640428728784e-01	   2.1313599877533321e-01	  -4.5197189749759870e-01	   1.6458869691984547e-02	  -1.8839276242963696e-02	   1.4057534754132056e-01	  -1.7403955653872552e-01	   1.7246934409103309e-01	  -2.4246714181940152e-01	  -2.7617561043513428e-01	   1.4611231354632581e-01	   3.5123280839951543e-01	  -3.3739255184627182e-01	  -7.5203955182418125e-02	  -1.8321632244817654e-01	   5.4377423391481350e-01	  -4.6498532423985794e-01	  -2.0678898019126291e-01	  -4.0109853611185031e-01	   6.0288313066979848e-01	  -4.7617009466892568e-01	
  -5.9259595068204163e-01	  -4.2424880219795941e-01	   4.1991766707134831e-01	   6.1778319322614705e-01	   7.1699997416514538e-01	   0.0000000000000000e+00	   2.7756965316335652e-01	   4.1525953340282035e-01	   8.4867199075693045e-01	   7.6045825634108399e-01	  -2.9299503134082822e-01	   1.6319272444706090e-01	   1.4359942117620514e-01	   3.9516095806559659e-01	   1.5255511703055887e-02	   2.3801337959216690e-01	  -4.3007877751722801e-01	  -3.9962200359191569e-01	  -1.1806277039951389e-01	  -3.9947772123646486e-01	  -6.7562586042588579e-02	   4.4850080038306990e-02	   6.5300586117835824e-01	   7.0139472699426286e-01	   8.3849110311744668e-01	   9.3715006272397239e-01	   6.0926278866729910e-01	   5.8560793417856871e-01	  -3.7796349452406119e-01	  -5.5057397456236751e-02	  -4.4479676068914853e-01	  -5.1712319579772048e-01	  -3.2031078371344016e-02	  -1.4616819671178796e-01	  -3.5937512099135691e-02	   1.0214810512789234e-01	  -5.7253489098721799e-01	  -4.6027842767708232e-01	  -3.3145612246518319e-01	  -3.4878584414039027e-01	  -2.6779459482069734e-01	  -1.3990428023360627e-01	  -8.9085426651154098e-02	  -3.0579742099686003e-01	  -5.9599512578561026e-02	  -2.7856530357006332e-01	   4.2812121372077877e-02	  -1.0073634914198392e-02	  -2.9786657638869912e-01	  -1.3278378630805859e-01	   1.4114605827052838e-03	   1.6819064463360719e-02	  -1.6493815813961404e-01	  -3.2988851629921095e-01	  -1.1415383537920121e-01	  -3.8880424231169503e-01	  -6.0148030906282879e-01	  -5.2016547558700321e-01	  -7.4841449451242803e-01	  -7.2020212073586320e-01	  -3.8852845190912433e-01	  -3.9553624530818682e-01	  -3.7956145624805965e-01	  -2.7715245223874085e-01	   1.1918518936731219e-01	  -2.1239552687397301e-01	  -5.1071994609322480e-01	  -6.1327215136844981e-01	  -5.3760207893549428e-01	  -5.0924795478167129e-01	  -3.2257024016266012e-02	  -3.8414752441922662e-01	  -2.5275436697058118e-01	  -3.9423486566268362e-01	  -1.4601210939153303e-01	  -3.7447005271561012e-01	  -1.5117218092576343e-01	  -5.1305416652569080e-01	  -4.0547629087272384e-03	   1.6771523994681764e-02	   3.2604608597053719e-01	  -3.5250737314779090e-01	  -1.6459854003183327e-01	  -2.0441610955002770e-01	   2.6697781632359824e-01	  -3.7818904731929337e-01	  -4.7078055544423636e-01	  -4.1769563679425459e-01	   3.3154515560451903e-01	  -2.9921836838747495e-01	
   3.8728660244451679e-01	  -1.1758136791064482e-01	   8.4022049572786695e-01	   3.4325259581680956e-01	   1.4150040790477819e-01	   2.7756965316335652e-01	   0.0000000000000000e+00	   3.1430133381056535e-01	   9.1006595236166360e-02	   1.4302780262241460e-01	   7.1469857881284904e-01	   3.7650607076078041e-01	   8.8655158372523357e-01	   3.9015560597490825e-02	  -2.6374337795978936e-01	  -8.3511836996211106e-02	   2.6477484099035486e-01	  -2.2708029895021142e-02	   5.1775563832050875e-01	   3.3716760595871559e-01	   1.7388959635521936e-01	  -2.1247629107604882e-01	   6.0768791437981506e-01	   5.2327181858681693e-01	   2.9211481835970227e-01	   3.2885768266625781e-01	   1.2629988579741167e-01	   1.8363799834229674e-01	   4.2505534245268833e-01	  -3.6668583854183523e-01	  -8.7733946732796664e-02	   1.8419562389781072e-01	   4.4090327691162789e-01	   1.9087034717943688e-01	   2.3111296386451480e-01	   2.2563459292346252e-01	   8.5320387769689199e-02	  -3.4982991056419666e-02	   1.2046932693372002e-02	  -2.4371183240982051e-02	   2.7171177634300925e-01	   1.5838217199302432e-01	   1.2759802337206733e-01	  -1.5402306565889543e-01	   3.9420697466715604e-01	   2.0450499724764887e-01	  -1.1904383510951448e-01	   2.9710498422302312e-03	  -2.2350982885897146e-02	   3.0619772228206410e-01	   1.4329256144898891e-01	   3.4718086002037063e-01	  -2.6061681032293871e-01	  -1.1850623441827664e-02	  -3.5381352625462603e-01	   4.1502765540137559e-01	   2.4925292478192573e-01	  -4.6775506217827967e-01	   2.3264516140318409e-02	  -3.5600343827111053e-01	   5.7205563855842989e-01	   1.2348471591552332e-01	   4.7061323514777298e-01	   1.3130904512643560e-01	   4.7910141692600117e-01	   4.3572169608555861e-01	   1.4845444312735134e-01	   7.3771890235641069e-02	   1.7505369891509587e-01	   2.4919995627478436e-01	  -1.8366671209203844e-01	   3.5963885081078184e-01	   1.7543080054927873e-01	  -6.2802741876095636e-02	   1.4731267946430340e-01	   3.0131932305521225e-01	   2.4471327997582028e-02	   1.7589569208744693e-01	   1.6874026123394720e-01	  -5.6231103719353404e-01	   1.7105976385694888e-01	   1.2512258586590216e-01	  -1.5934964576416735e-01	  -6.6492532439122898e-02	   1.6088236784509782e-01	   4.5305528798746075e-01	  -3.0914134239496960e-01	   4.1613845944050987e-03	  -2.7836727552020807e-01	   5.1270468202293373e-01	
  -4.0576315033281407e-01	   1.6961204523786086e-01	   2.9728747674731693e-01	   9.1947014059116516e-01	   6.0355145776906194e-01	   4.1525953340282035e-01	   3.1430133381056535e-01	   0.0000000000000000e+00	   6.0883289884016256e-01	   4.3468960007891422e-01	   8.9248950152407067e-02	   7.9067984243599199e-01	   3.4478972510454797e-01	   7.9779947649770089e-01	   2.3174728359759586e-01	   3.8310974330320990e-01	  -2.6353972541997939e-01	   2.0952942598691560e-01	   5.9694424533036639e-01	   3.6918589685601899e-01	  -3.5078308973984362e-01	   3.3141940341449250e-01	   5.9080812708190733e-01	   6.3067084759381231e-01	   4.0926255561039748e-01	   3.5843837264105760e-01	   3.4320263457331213e-01	   2.5361220951673613e-01	  -1.8974766666434828e-01	   5.1594986546475929e-01	   1.7192335491239408e-01	   7.2117065740771924e-02	   2.3748759213521745e-01	   2.9896786800871011e-01	   4.5200473275875075e-01	   6.0004238178851210e-01	  -6.1657277902957563e-01	  -3.0891321636543557e-02	  -2.4962730851529355e-01	  -2.5179092661066138e-01	  -4.8546065269424576e-01	   2.7792319773264890e-01	   1.8051827705537132e-01	  -6.1045742710568063e-02	   1.3807402427902393e-01	   1.1085112284118087e-01	   9.3629795725524739e-02	   5.7246837978544803e-02	  -8.9902916580425721e-02	   1.8709889497287545e-02	   4.0934921588718426e-01	   2.7631067650143126e-01	   2.3981816552042581e-01	  -1.4812343230561359e-01	   2.6618150264631257e-01	  -4.5693836455717596e-01	  -5.5314609072951715e-01	  -5.7058849309214815e-02	  -4.1510828978766434e-01	  -1.1646202549858814e-01	   3.1055444530026961e-02	   3.3990036293440556e-01	  -2.0235557462116030e-01	   1.9157168638329991e-01	   7.0654943199731035e-01	   6.2987259828249853e-01	   1.0820233176194807e-01	   9.4042418171617653e-02	   1.3875168577059868e-01	   2.2760892319398943e-01	   5.4138917909065043e-01	  -3.0709205525455602e-01	   2.9304531103569079e-02	   5.1185599462215861e-02	   3.1382879841754829e-01	  -1.1533914800912515e-01	   4.3609038564643510e-01	  -4.7544340917555050e-02	  -1.4903463945439110e-01	   2.4754390383232600e-01	   4.5775002451816754e-01	  -3.7864760451904941e-02	   1.8040493522764184e-01	   5.9228172864536674e-02	   5.3658774127918574e-01	  -3.9030082556997714e-01	  -1.2761048920539028e-01	  -4.4119637956446989e-01	   7.1196903028065073e-01	  -4.4122143166642513e-01	
  -7.1426099154549028e-01	  -2.1223931360607351e-01	   2.8054572732352429e-01	   7.9208024137189148e-01	   9.0484634849616874e-01	   8.4867199075693045e-01	   9.1006595236166360e-02	   6.0883289884016256e-01	   0.0000000000000000e+00	   6.2087856895673810e-01	  -3.6836439145035876e-01	   2.8676085650410427e-01	   5.4801960493574206e-02	   5.7038741998350073e-01	   2.2208797928431184e-01	   2.5858211463766045e-01	  -5.0769323460387594e-01	  -2.3936902528256901e-01	   1.0841265916670395e-01	  -2.4900426005890994e-01	  -2.7223408342948041e-01	   2.2121855445962196e-01	   6.3248750011267185e-01	   6.7837782794866008e-01	   7.7907239843920939e-01	   7.6320592739409809e-01	   6.6235319790938985e-01	   4.6334131313881499e-01	  -5.7201823396790630e-01	   2.4236630730627789e-01	  -2.2610461622940242e-01	  -4.0685819644185306e-01	  -3.7545515680159247e-03	   2.7718741882133281e-02	   1.5860688493009384e-01	   2.5293145917707238e-01	  -7.8203390644548232e-01	  -5.0194396040161859e-01	  -4.8186420124046386e-01	  -4.9057027667529335e-01	  -5.0739553130582271e-01	  -6.5139695225400474e-02	  -7.9658937527800872e-02	  -2.7892557215291985e-01	  -1.1205227693773603e-01	  -3.2738945985216827e-01	   2.1511254261633202e-02	  -1.1145916161766670e-01	  -3.1401824299721248e-01	  -2.6244077839318858e-01	   9.2797016798609730e-02	  -2.7330780600444284e-02	  -5.0185258543495462e-03	  -3.5329028941457685e-01	   7.2596003431022835e-02	  -6.7006142996432549e-01	  -7.7896523250136662e-01	  -2.4743245586134235e-01	  -7.6324867596884527e-01	  -5.1201563591470411e-01	  -3.9044707037301779e-01	  -2.1678263315506963e-01	  -4.8074852677753943e-01	  -2.1111469880293118e-01	   3.6606640609982394e-01	  -6.6714781578036841e-02	  -3.3998223087267365e-01	  -5.1909099063722874e-01	  -4.0073446598324464e-01	  -4.2691518402255957e-01	   2.4776619993608026e-01	  -5.5772313249430627e-01	  -1.5112923790313559e-01	  -2.4731513263860394e-01	  -2.1424612860211898e-03	  -4.1966351507133087e-01	   7.3650491042302618e-02	  -4.7812319848776219e-01	  -2.5336207205594874e-01	   2.6332528654375176e-01	   3.8024460190365861e-01	  -3.6880848488559193e-01	  -6.7738289946371738e-02	  -2.0284770617312756e-01	   5.3793694105492451e-01	  -6.0360638276878442e-01	  -3.0348853963208927e-01	  -5.1827343760100386e-01	   6.8131368221753685e-01	  -5.8744538708388394e-01	
  -7.0636745478409613e-01	  -5.2020954086794324e-01	   1.1474044393191929e-01	   4.8223116323348364e-01	   3.2440082268783599e-01	   7.6045825634108399e-01	   1.4302780262241460e-01	   4.3468960007891422e-01	   6.2087856895673810e-01	   0.0000000000000000e+00	  -3.0519579775217837e-01	   2.9413545875628166e-01	   7.3161130444967762e-02	   4.6901958329971960e-01	   2.4802322749077121e-01	   5.8515046487636690e-01	  -4.7228880938911816e-01	  -3.1169530988422844e-01	  -1.8327353254291043e-01	  -4.8093952801697654e-01	  -1.0189905443940421e-01	  -9.7119048706924282e-02	   3.7410112116060734e-01	   4.7221157326040464e-01	   5.6364784687884950e-01	   7.4672923542843384e-01	   2.4654460703513920e-01	   4.8700507086678413e-01	  -3.5350896173994550e-01	   4.8818396637633613e-02	  -1.4534202628699702e-01	  -3.3183022601988338e-01	  -2.4368313820384235e-02	  -1.7525357335064548e-01	  -4.1417729861730488e-03	   9.8480010222123132e-02	  -4.6543929589444621e-01	  -1.8531141463572601e-01	  -1.9729464843516825e-01	  -1.9782418719079431e-01	  -3.2066719768016522e-01	  -1.6717183351533502e-01	   5.7604504496917897e-02	  -2.4742528623774060e-02	   7.5060980473576872e-02	  -2.8649383479613133e-01	   1.6335701386501644e-01	   3.9491227667666634e-02	  -3.7981194427305187e-01	  -1.9327048873513158e-01	  -4.4933725274802494e-02	  -8.5957008584072486e-02	  -1.6147448772989129e-01	  -3.5729001522301851e-01	  -5.1726973509873347e-02	  -4.8965037279493900e-01	  -6.8779680728344184e-01	  -5.8617961480286307e-01	  -7.5307483734054292e-01	  -6.2081973308615435e-01	  -4.3373107991797766e-01	  -3.4641203274168431e-01	  -4.7480737409522028e-01	  -3.1019442528554136e-01	   1.8422383961012459e-01	  -8.4653233609823839e-02	  -4.3434872761243731e-01	  -4.2262874953079538e-01	  -5.5938070705643272e-01	  -5.2800809858667597e-01	   1.6247102683846398e-01	  -3.0665573549936209e-01	  -2.4434020430624914e-01	  -5.3609725583270618e-01	  -1.5252510084165560e-01	  -3.6441777150957422e-01	  -5.4063127436033323e-02	  -5.2471132341611659e-01	   1.1102759953808111e-02	   1.0910580757726587e-01	   2.8156563953145158e-01	  -2.3782143402944791e-01	  -7.4875743180424087e-02	  -2.1887464429387005e-01	   1.7701593685713990e-01	  -3.9925509804219350e-01	  -3.8431963007628150e-01	  -4.6132257177814173e-01	   3.4724400994053450e-01	  -3.4490107298945855e-01	
   7.2237637866827653e-01	   2.9320440106683537e-01	   4.1929345665248180e-01	  -3.2137122477046060e-02	  -2.7985185021007641e-01	  -2.9299503134082822e-01	   7.1469857881284904e-01	   8.9248950152407067e-02	  -3.6836439145035876e-01	  -3.0519579775217837e-01	   0.0000000000000000e+00	   3.5003557675536745e-01	   8.0894510154951893e-01	  -1.3747711282207191e-02	  -1.1207388671423890e-01	  -1.7092860151442449e-01	   4.9219485135873631e-01	   4.1121428728516934e-01	   5.4335325933953194e-01	   5.5782923730816492e-01	   2.2226704798100183e-01	  -1.3518974769619496e-01	   1.0909181193079079e-01	   6.3086145201291044e-03	  -2.4606238504133260e-01	  -2.4431841032336934e-01	  -1.6790883386759656e-01	  -1.3763630142943850e-01	   5.9321058854294040e-01	  -1.3825427975409629e-01	   2.4316645815082860e-01	   5.0182627803074231e-01	   5.6381513317154275e-01	   4.1505084600205161e-01	   1.3065925081763349e-01	   1.4921448350084585e-01	   3.4012426797540130e-01	   1.5839448560678659e-01	   9.7738243768400623e-02	   1.0053559358299230e-01	   3.1679647681118667e-01	   1.2633638958268462e-01	   2.4958022586967513e-02	  -3.4638374732679250e-02	   2.6425997651871147e-01	   3.0038832263438731e-01	  -1.5940227394390477e-01	  -4.7983733029337838e-02	   2.0456687067543500e-01	   3.4362627499062059e-01	   2.6692885336934924e-01	   2.4878200962509461e-01	  -6.7463563754290551e-02	   1.5354268080942154e-01	  -2.3045306372615731e-01	   5.0780259027114361e-01	   6.1332112748661871e-01	   3.3069137904185315e-02	   4.7350028632579055e-01	   1.7007708469116187e-01	   8.8777064502645153e-01	   5.2253096179704872e-01	   7.4775721980491050e-01	   4.8685101274164455e-01	   4.2569422409596819e-01	   5.3053416495691008e-01	   3.6674578636622535e-01	   3.8118482970127365e-01	   5.2843608164264633e-01	   5.1958206116475603e-01	  -5.8209444780431809e-02	   5.1452643895882655e-01	   2.6459214382633212e-01	   1.0923501640867853e-01	   2.3929729472759345e-01	   2.9815614347676278e-01	   2.3767538294235135e-01	   5.0720429010305046e-01	   8.6957892330623787e-02	  -3.9833905807726139e-01	  -9.4658776991759980e-02	   1.8399165602761866e-01	  -1.8872490058718666e-01	   3.3500588379511261e-02	  -2.3827992859795136e-03	   4.9266580207634980e-01	  -1.6258145764136334e-01	   7.2753752957621348e-02	  -3.2881092130049305e-01	   5.2298210324855976e-01	
  -1.2077549587188874e-01	   2.2112117340299953e-01	   2.6235136018847260e-01	   6.8917740460807708e-01	   2.4884845891283075e-01	   1.6319272444706090e-01	   3.7650607076078041e-01	   7.9067984243599199e-01	   2.8676085650410427e-01	   2.9413545875628166e-01	   3.5003557675536745e-01	   0.0000000000000000e+00	   5.6423559550010216e-01	   7.2272358079361221e-01	   3.7004654659448138e-01	   5.3075465041027792e-01	  -1.4514665126879894e-01	   3.0067115009599626e-01	   5.7671793180022191e-01	   4.0204357768408144e-01	  -2.3394501699813072e-01	   1.3155205735521239e-01	   3.9841036172849831e-01	   4.3095836089861239e-01	   1.3270417237064389e-01	   1.6789103603963562e-01	   1.4283673183635037e-01	   2.6952907464524944e-01	   4.1412708078467968e-02	   4.6865996107281893e-01	   3.0141556033515349e-01	   2.7983608963061890e-01	   2.4550177736934820e-01	   2.5631840045979487e-01	   3.3162345417904204e-01	   4.2970183492105063e-01	  -3.3897716284621587e-01	   1.2149009568326687e-01	  -1.4867630850800789e-01	  -1.3301903202669588e-01	  -4.3792384378544152e-01	   1.6999359221861976e-01	   1.9323471467966849e-01	   6.2611863612678328e-02	   2.4278126057558269e-01	   1.6591258707012452e-01	   7.8031963273598307e-02	   1.1527665184383327e-01	   4.1208398589949576e-02	   1.4471799785982681e-01	   4.3428245945623523e-01	   2.7022125585174817e-01	   1.3806660564391129e-01	  -7.5381020963419712e-02	   8.6460808842608289e-02	  -2.3870838891471932e-01	  -2.4460926932852550e-01	  -3.1547115544331802e-02	  -1.4420211106916617e-01	   1.9405655808365629e-02	   2.7516121306401264e-01	   4.2690328642454656e-01	  -5.4944303857044018e-04	   2.3351877646505076e-01	   6.5682672831420996e-01	   6.7256070753298158e-01	   2.3459990323921115e-01	   3.0019947011199755e-01	   2.3127571509852418e-01	   3.0622511756013993e-01	   4.7916855112405365e-01	   9.2907263572607538e-04	   1.1936431898089115e-03	   5.6553063662479496e-02	   2.5458041755580496e-01	  -6.6492453624198138e-04	   4.2990080233083661e-01	   1.1241206582292708e-01	   3.1714954247692204e-02	   2.4560814044234874e-01	   2.4425604481864760e-01	   9.7042389861004275e-02	   1.5430806142831494e-01	   1.6760867650556160e-01	   3.2537479814174697e-01	  -1.1543144333265742e-01	  -1.8186579139689607e-01	  -3.5728773475511844e-01	   4.1818395653315860e-01	  -1.6469033785008247e-01	
   4.1871562204643464e-01	   4.9273031301506946e-02	   6.9805289602936393e-01	   3.3752257925238016e-01	   9.5263471776805761e-02	   1.4359942117620514e-01	   8.8655158372523357e-01	   3.4478972510454797e-01	   5.4801960493574206e-02	   7.3161130444967762e-02	   8.0894510154951893e-01	   5.6423559550010216e-01	   0.0000000000000000e+00	   1.7574822877641857e-01	   1.6575168719967039e-02	   7.5790538515902672e-02	   2.0266361500598110e-01	   8.3587927411323676e-02	   5.6663830078048838e-01	   3.8076083733878829e-01	   1.9973286753326353e-01	  -1.7941651165820793e-01	   4.9979797385028829e-01	   4.1326938909591432e-01	   1.6678498272536735e-01	   2.0758658536312857e-01	   1.2604414477364398e-01	   1.9134599138875161e-01	   3.4808432175299586e-01	  -1.8277747738299036e-01	   1.0576887315954388e-01	   3.5137791384431916e-01	   5.4618931129275305e-01	   3.4755158374292072e-01	   2.8069884831706304e-01	   3.0478647812772902e-01	   6.1586828395093884e-02	  -3.3349337028628259e-02	  -2.2648299832954400e-02	  -5.3083565514453146e-02	   9.1057315644544501e-02	   1.2696774195090843e-01	   1.4511200889810075e-01	  -7.9865774165570252e-02	   3.8218257068149852e-01	   2.1857756523999400e-01	  -8.0473053121342258e-02	  -1.6083663891521292e-02	   6.1206570315873995e-02	   3.2125978595580285e-01	   3.0320779594153124e-01	   3.0988576204466178e-01	  -2.1416098507212186e-01	  -2.0610737172209726e-02	  -2.5141608418512174e-01	   3.2430649553207946e-01	   2.5313930805625251e-01	  -2.7258194869746627e-01	   1.2040396410775739e-01	  -1.6670315989963641e-01	   6.6315425300525987e-01	   2.6747769359410861e-01	   4.9079630833052151e-01	   2.0467792839304166e-01	   5.8908092912518850e-01	   5.1339077592085580e-01	   2.6203910625903593e-01	   2.0163527915093526e-01	   2.6083050944494085e-01	   2.9511630845851838e-01	   2.6828701924268061e-02	   4.1765750871374629e-01	   1.9467614367948854e-01	  -2.1778678413281623e-02	   1.9351991522486287e-01	   2.9183740431021488e-01	   1.9590262233623962e-01	   2.6379989186040836e-01	   7.0689065819903169e-02	  -4.0286573866423508e-01	   1.6453305364214077e-02	   4.0885874045229918e-03	  -2.4713397805814347e-01	  -9.6775492522621909e-02	   1.9401029639830275e-01	   3.4722326471756859e-01	  -3.5793713001161148e-01	  -1.4674352675457872e-01	  -1.7261081426375302e-01	   4.1232078294984442e-01	
  -5.4075818752723726e-01	   1.6747056142356920e-01	   1.7986541927206719e-02	   7.2967803755442961e-01	   4.4357306339903962e-01	   3.9516095806559659e-01	   3.9015560597490825e-02	   7.9779947649770089e-01	   5.7038741998350073e-01	   4.6901958329971960e-01	  -1.3747711282207191e-02	   7.2272358079361221e-01	   1.7574822877641857e-01	   0.0000000000000000e+00	   4.4152844719442214e-01	   5.7973763478220985e-01	  -2.9458048025723249e-01	   3.8833152548222905e-01	   3.1628604219215301e-01	   1.0807874379973589e-01	  -3.9560173232919027e-01	   2.9172033752518017e-01	   3.5096044606583321e-01	   4.0172611581528395e-01	   3.3232649527811026e-01	   3.3540898664678315e-01	   3.7402482406834092e-01	   2.6242845500691780e-01	  -2.3651595676022127e-01	   6.9728528316763938e-01	   1.4393677909381389e-01	  -8.1034312039096904e-02	   1.3007329319172442e-01	   2.2446777253906458e-01	   1.5476187350957005e-01	   3.6139941951486737e-01	  -5.7179258959916701e-01	  -2.8433305518222093e-02	  -4.0298967558308701e-01	  -3.2393972245911890e-01	  -5.5853198727726738e-01	   1.4116324136999936e-01	   8.1943633466485741e-02	   4.7038266112690866e-02	   2.8777473519008348e-02	  -6.9674480717847277e-03	   2.1991869470867570e-01	   1.3066583058705156e-01	  -1.5501967411438024e-02	  -3.3964166823033347e-02	   4.4745251199661362e-01	   1.2251782716938928e-01	   3.5422618853516563e-01	  -1.2575576958149703e-01	   2.5458379899165406e-01	  -6.1889408259294287e-01	  -5.9485696978380309e-01	   3.7806625492030857e-02	  -5.1921370345492335e-01	  -1.3623501785517916e-01	  -9.3090670530723160e-02	   3.0176239551145223e-01	  -2.5581841635926916e-01	   2.4183623822110983e-01	   4.9459035402598950e-01	   3.3782351333621685e-01	  -1.4769975292694518e-01	  -7.6028570135109011e-02	  -7.5705678091614924e-03	   1.6981014787305535e-03	   4.4036916669478232e-01	  -4.9042675945961556e-01	  -1.0032064039784272e-01	  -2.5273581308128557e-02	   1.8411575341165581e-01	  -4.4983693004049474e-01	   4.4430283187683806e-01	  -7.7884091270982461e-02	  -1.2096976776380601e-01	   5.0381534167592712e-01	   3.8612023445708993e-01	  -5.8511931919901297e-02	   1.0875036346306052e-01	   8.2020501790529943e-02	   4.4268348958148385e-01	  -5.9674256075050192e-01	  -3.1293833532112886e-01	  -5.6440677626771540e-01	   7.5928954994480091e-01	  -6.0507488086339301e-01	
  -2.8450867625288229e-01	  -1.0070983861039036e-01	  -1.8155904566873207e-01	   1.9832390814400572e-01	   6.2798578118454115e-02	   1.5255511703055887e-02	  -2.6374337795978936e-01	   2.3174728359759586e-01	   2.2208797928431184e-01	   2.4802322749077121e-01	  -1.1207388671423890e-01	   3.7004654659448138e-01	   1.6575168719967039e-02	   4.4152844719442214e-01	   0.0000000000000000e+00	   7.3934183293721967e-01	  -2.2728033252374572e-01	   1.0764834021039066e-01	  -7.8077626313242752e-03	  -2.0135192871596141e-01	  -5.6353479845877769e-02	  -4.2477049967453245e-02	  -3.2206696522287290e-02	   1.1457813683639059e-02	   8.2841292635541824e-02	   8.4619617239998168e-02	   2.7581840021204229e-01	   3.9032135089001418e-01	  -1.5896805189295499e-01	   3.9685480580683791e-01	   4.1493084652150003e-01	   2.5901510512365555e-01	   6.9993408279305901e-03	   8.3433350440982407e-02	   2.0898260341185579e-01	   1.0168456413088874e-01	  -1.4603834464447618e-01	  -3.3487777928158040e-02	  -2.5144071471339613e-01	  -3.0074103886743964e-01	  -3.0123081561344928e-01	  -1.7963720724441926e-01	   2.2028758743296983e-01	   2.7069463610465572e-01	   4.8125473223880715e-02	  -2.0312431031619138e-01	   2.6565360866991405e-01	  -7.1559640091753093e-04	  -1.5973102955258564e-01	  -2.4840124209428277e-01	   2.2931248048146244e-01	  -1.3067203663748378e-01	   6.5725632571723785e-02	  -1.5656260046806891e-01	   1.4416936496999930e-01	  -4.6982780563818893e-01	  -3.7631687445322115e-01	  -1.1438575090525399e-02	  -1.6136388549840247e-01	   3.2724313437231083e-02	  -1.5655383814497631e-01	  -6.8558787178304437e-02	  -2.3340721242074675e-01	  -2.2353085102421055e-01	   3.0911047301042749e-01	   1.0084024494520330e-01	   1.2100201594418010e-01	   1.8472769280805806e-01	  -7.7430575487486789e-02	  -1.6928106980707827e-01	   4.9072504856017773e-01	  -1.2213547386651305e-01	  -1.8450991809142561e-01	  -1.5798644412892243e-01	   8.5234200546410704e-02	  -2.1358309890737229e-01	   3.5592797016810529e-01	  -4.7683727655933345e-02	  -2.0899405473084243e-01	   3.5908948034918065e-01	  -8.6050937706195665e-02	  -7.8029582072248249e-02	   7.4677708670544907e-02	  -5.1385871793944984e-03	   3.1266140679013660e-01	  -3.8415867272316195e-01	  -7.7597944425038173e-02	  -2.7350563211056694e-01	   3.9496389661316766e-01	  -4.2327130180716355e-01	
  -4.4559396088780212e-01	  -2.6622517040624671e-01	  -1.7861408823055595e-02	   3.4648178413299974e-01	   4.5416135516712301e-02	   2.3801337959216690e-01	  -8.3511836996211106e-02	   3.8310974330320990e-01	   2.5858211463766045e-01	   5.8515046487636690e-01	  -1.7092860151442449e-01	   5.3075465041027792e-01	   7.5790538515902672e-02	   5.7973763478220985e-01	   7.3934183293721967e-01	   0.0000000000000000e+00	  -2.9796584376692453e-01	   1.6445986951394844e-02	   5.6434959239465531e-03	  -2.0550474944642569e-01	  -9.1630966953668638e-02	  -1.1421469722236045e-01	   1.8270331163926029e-01	   2.5513408324840881e-01	   2.2507437128401497e-01	   2.9766512257335187e-01	   1.7288227417519514e-01	   4.7634073830628809e-01	  -1.3820806797842250e-01	   3.2695102283122368e-01	   2.5659431390803006e-01	   1.1350465406244220e-01	  -1.0294498904322599e-02	  -9.9421377264653180e-02	   2.3576698170184002e-01	   1.8575142084184115e-01	  -1.8436037958373244e-01	   1.6808082499228647e-01	  -1.7083573411516717e-01	  -1.3016054842810165e-01	  -2.8408915602234236e-01	  -1.1756158751548072e-03	   2.1634464072635007e-01	   2.6730711967867760e-01	   9.4499053000503791e-02	  -1.9046807276682545e-01	   2.4412911197663079e-01	   9.8412176229669954e-02	  -2.2684068166205357e-01	  -1.3201368864972862e-01	   1.6082564418377154e-01	  -5.1346170843322360e-02	   9.0305849619735160e-02	  -1.3899407813937081e-01	  -2.8687851537451958e-02	  -4.6870188247708899e-01	  -4.6382744778297580e-01	  -2.9374064450409759e-01	  -4.1399531471624901e-01	  -2.4180565882666286e-01	  -2.8326604634202535e-01	  -1.8180494106962861e-01	  -3.5992387762453687e-01	  -3.0444653076691147e-01	   2.6056916656561913e-01	   1.2071642616222657e-01	  -7.0683637429137719e-02	   5.4894504772202861e-02	  -1.5725914321902129e-01	  -1.4503203383022867e-01	   3.8543095670429006e-01	  -1.1952302087012676e-01	  -2.1528109829717917e-01	  -2.1644124230560854e-01	   4.7853588663095935e-02	  -1.8931315269595456e-01	   3.4387298748514428e-01	  -4.7686161426711345e-02	  -1.3615984357622252e-02	   3.2206552239563307e-01	   1.0382192327578281e-01	   2.2734260875932520e-02	   9.8518740340080069e-02	   2.9631716153194328e-02	   1.8752799766808648e-01	  -3.1935442961641908e-01	  -2.3098723533056531e-01	  -3.4994000231470351e-01	   3.1368599639493921e-01	  -3.6217518564518275e-01	
   5.6543228999789941e-01	   6.2996665235078353e-02	   1.7549527393430012e-01	  -3.2467161492019370e-01	  -3.6499665506910628e-01	  -4.3007877751722801e-01	   2.6477484099035486e-01	  -2.6353972541997939e-01	  -5.0769323460387594e-01	  -4.7228880938911816e-01	   4.9219485135873631e-01	  -1.4514665126879894e-01	   2.0266361500598110e-01	  -2.9458048025723249e-01	  -2.2728033252374572e-01	  -2.9796584376692453e-01	   0.0000000000000000e+00	   3.2206285614910124e-01	   2.0771712455537655e-01	   3.3691313028047520e-01	   2.8896270820751446e-01	  -1.8075752690161961e-01	  -1.0361182825581389e-01	  -1.7307317678850537e-01	  -2.5083393699754503e-01	  -3.0961999667030476e-01	  -2.6840727929510433e-01	  -4.0506750850145967e-01	   7.9456112599921702e-01	  -2.1396574553589759e-01	  -6.1366386614790436e-02	   1.2031314748657621e-01	   1.9690434594461892e-01	   1.3462989031857583e-01	   7.2609211342093610e-02	  -1.3722859607669047e-02	   5.1841974641857946e-01	   1.2950031430164094e-01	   7.3035583831934842e-02	   3.3091003488212208e-03	   5.6687187909169956e-01	   1.0905798124761000e-01	  -1.2474431852319265e-02	  -8.2716463739481813e-02	   6.5292826900259074e-02	   1.7069872300430966e-01	  -1.3624820054771686e-01	   3.3309200299610681e-03	   5.4708458981891472e-02	   4.9033536554487493e-02	  -3.3813166286485966e-02	   9.8057471693663828e-02	  -2.8795383447632123e-02	   1.4409467383801600e-01	  -2.5556909992344867e-01	   4.8279529296127766e-01	   5.6946817917721493e-01	  -2.2941507453232174e-02	   3.5034728874686583e-01	   1.1046370825281726e-01	   3.7578323008772174e-01	   1.7385348743695897e-01	   5.9978814622335064e-01	   3.6996716206579905e-01	  -1.3121691118533113e-02	   2.0262146677366372e-01	   2.2964694363200008e-01	   3.0277469289387265e-01	   4.0743134274920345e-01	   3.1916376519939665e-01	  -4.2311697216397204e-01	   1.5765478851326514e-01	   2.0112147900471752e-01	   1.9682459072007391e-01	   1.6179405589052670e-01	   3.1149189255552945e-01	   5.8833846428694533e-02	   4.5983492710650237e-01	   4.7622423917810647e-01	  -1.8503776214253870e-01	   2.5289933844816193e-01	   5.0591981137560205e-01	   1.7671408591120735e-01	   2.9282767661210563e-01	  -3.4914100302649818e-02	   5.0278233052921095e-01	   7.8445021383560520e-02	   3.2705570808134887e-01	  -4.1313212751601924e-01	   4.7219502800447943e-01	
