   0.0000000000000000e+00	   8.6869236621320434e-01	   7.7826350583728576e-01	   7.7033640249069268e-01	   7.2800370497524858e-01	   7.2603541297087659e-01	   8.2677788624617410e-01	   8.0915402022608118e-01	   7.5723168101470495e-01	   7.6714021626394757e-01	   8.7353547670359444e-01	   7.9475558168438198e-01	   8.6681075879829605e-01	   6.4851874609648252e-01	   4.8279550919976502e-02	   1.8859260002116998e-01	   8.7677126101150815e-01	   8.6220202172908689e-01	   9.0262822805227927e-01	   8.7573933294304385e-01	   5.6619584974992043e-01	   6.0814658899159113e-01	   7.0309458425976579e-01	   7.3171705298889045e-01	   6.7127722581031257e-01	   6.5336429110801530e-01	   5.8542186663622253e-01	   6.4077935188929092e-01	   8.7603606675655121e-01	   7.4314837211079787e-01	   6.5406287301338550e-01	   6.7638481152717078e-01	   8.9423592008007913e-01	   8.6797407756568234e-01	   7.6989503266108894e-01	   8.0006527474932887e-01	   7.2268553951651471e-01	   6.9108668662643069e-01	   8.0164200690485288e-01	   6.7232396290688312e-01	   7.2474584456084346e-01	   6.8575321268795886e-01	   7.9307922642932360e-01	   7.7257746912777214e-01	   8.2751490313921217e-01	   8.4233144425747508e-01	   8.1218852422892174e-01	   8.0036903837470363e-01	   8.4239411946491416e-01	   7.5130649211752965e-01	   7.6395109554004614e-01	   7.7777850461717712e-01	   7.0457034726816847e-01	   8.1598640341499085e-01	   6.6176583630388619e-01	   8.0265592003980024e-01	   9.4146870585941966e-01	   8.4620945517352086e-01	   8.8793449059299578e-01	   8.8441197893102286e-01	   8.1771747118659555e-01	   8.0610647366112875e-01	   8.9949572796378463e-01	   8.4709325226813403e-01	   7.5751899697296143e-01	   8.5164057114889147e-01	   8.6230596817238370e-01	   8.6843777868560224e-01	   8.4417062206042393e-01	   7.7848256884340405e-01	   8.1373397149232218e-01	   7.7507643937737225e-01	   8.6942871167694036e-01	   8.3403952893772826e-01	   7.6183130420092549e-01	   7.8655908924730222e-01	   8.6552202962334168e-01	   8.8152230285826283e-01	   7.3397934293668332e-01	   7.5877905538838764e-01	   8.1975247359120895e-01	   8.4345373277468794e-01	   8.1876581115335689e-01	   8.4958203287256939e-01	   8.0041446739219768e-01	   8.1364474470324766e-01	   8.0944760122078485e-01	   8.4175095603163208e-01	   6.8520520253139250e-01	   7.7054232838467318e-01	
   8.6869236621320434e-01	   0.0000000000000000e+00	   8.3960324679617471e-01	   8.9171084296660608e-01	   7.4863546745495579e-01	   8.3634215375732512e-01	   7.9368224947139965e-01	   9.1738566733898352e-01	   7.3850438340954372e-01	   7.5301657631740437e-01	   7.9406614011705223e-01	   9.3769545328459070e-01	   8.7966346336638024e-01	   8.1039872345999675e-01	   1.0806288981531123e-01	   2.9405621235198165e-01	   9.3381109827666986e-01	   8.9918341760152987e-01	   9.4488617538687025e-01	   9.5619754733891060e-01	   6.4763972258051805e-01	   7.3974342393934667e-01	   8.5535875019215746e-01	   8.5673020920198084e-01	   7.8817240411766543e-01	   7.3849191346754606e-01	   6.8238471730463146e-01	   7.0079676314354888e-01	   8.6200787601565665e-01	   8.9802475740633048e-01	   7.8472047150584689e-01	   8.1207762247931292e-01	   9.4603587061426864e-01	   9.7276590654914963e-01	   7.9960949585971597e-01	   8.6685452976548405e-01	   5.9624521872350322e-01	   8.5484194755666820e-01	   8.5605169575433160e-01	   8.2123106948258484e-01	   7.1027813464306355e-01	   8.6689604698193767e-01	   8.4667682917923659e-01	   8.4324060445147875e-01	   8.5821805101188564e-01	   8.7476292114839604e-01	   8.6809839637857722e-01	   9.1208039267908481e-01	   8.3735016172379684e-01	   7.4511859347745724e-01	   7.7026229629130916e-01	   7.7146422052735353e-01	   7.1300474423467597e-01	   8.7348198759081574e-01	   8.1706012143599449e-01	   8.8272142394741304e-01	   8.1887987542703511e-01	   9.7235152574602679e-01	   6.3525876366671641e-01	   8.6711843727630056e-01	   5.5880621051284385e-01	   8.0790350454188764e-01	   7.8572407980732706e-01	   8.6136150668576117e-01	   6.2519120796821315e-01	   9.1201022809651922e-01	   9.2907917178676336e-01	   9.2974773727891891e-01	   9.6136517419458967e-01	   9.0969250475055496e-01	   9.0176655117359461e-01	   8.2667073092191024e-01	   9.2679480144069903e-01	   9.4508759701633183e-01	   9.2909357150311478e-01	   8.6864381434812743e-01	   9.4397000303311973e-01	   9.0997403987713943e-01	   8.1913001699369026e-01	   8.5883117116161256e-01	   9.4688146169440524e-01	   9.5662287807439428e-01	   8.9920723040014183e-01	   9.1222096172224809e-01	   8.5412884860616511e-01	   8.4822298085410452e-01	   9.3605224869871062e-01	   8.9890319798772211e-01	   8.3252824156184635e-01	   7.7710259272370530e-01	
   7.7826350583728576e-01	   8.3960324679617471e-01	   0.0000000000000000e+00	   9.4100896515550947e-01	   8.5597986701702988e-01	   8.9425681519184186e-01	   9.6752765253639650e-01	   8.4220447831130563e-01	   8.1600864926934169e-01	   6.1303547813871861e-01	   7.4559467076190655e-01	   8.7694401776628295e-01	   8.0709764913453019e-01	   5.8845857652724043e-01	  -1.9264382135221264e-01	  -1.6275045534341868e-02	   8.2999495516210264e-01	   8.3046783451183648e-01	   9.0838632110558515e-01	   8.8629112539997801e-01	   5.3759133349306609e-01	   6.1058640223482019e-01	   9.4187687910567430e-01	   9.3633857302193801e-01	   8.8064261166703139e-01	   8.3672874271726672e-01	   6.6795705618731660e-01	   7.4006948381458859e-01	   7.9106740856753344e-01	   7.6811666966616421e-01	   5.4650634364016049e-01	   6.1218615977464552e-01	   8.2196876105286187e-01	   8.4055820769373879e-01	   8.6326867882680003e-01	   9.3559145624583140e-01	   5.6705758838140652e-01	   6.8490980400331924e-01	   7.7072347942390718e-01	   6.6578258212595531e-01	   6.5920261136731861e-01	   7.4768712134464721e-01	   9.2651724941229308e-01	   9.2066428056923177e-01	   9.5410096330921879e-01	   9.1335049456144890e-01	   9.3470039545631300e-01	   9.4898720338547782e-01	   9.1859143951396871e-01	   8.9474591682462412e-01	   9.2395473093364744e-01	   8.8105851613601738e-01	   8.6994443892572226e-01	   9.1513749535447153e-01	   8.6344992443942437e-01	   8.9608057293908172e-01	   7.2856759104624647e-01	   8.0371060024696472e-01	   5.9297772461729092e-01	   7.3185272400318491e-01	   5.3032662389523066e-01	   6.2860783103087470e-01	   7.3086998310958540e-01	   7.0709766497593418e-01	   7.7804429095951744e-01	   8.9546557144149641e-01	   9.2695107058530257e-01	   9.2678283581292364e-01	   8.1222840891119097e-01	   7.0864191473019611e-01	   8.4678378955838662e-01	   7.9848096805814173e-01	   8.6814101235128405e-01	   7.6073284179043155e-01	   8.1307159225020920e-01	   7.1732317768892029e-01	   8.4307597935917022e-01	   7.6133958815162717e-01	   8.0011770188704334e-01	   8.7740060055838254e-01	   9.0561720753007191e-01	   8.8432890986794144e-01	   7.4069410538280189e-01	   7.6341064400203962e-01	   9.4894504778202859e-01	   9.1712007336321533e-01	   7.6206143167997975e-01	   8.0361000292888274e-01	   8.9474867181177431e-01	   9.1189426475027846e-01	
   7.7033640249069268e-01	   8.9171084296660608e-01	   9.4100896515550947e-01	   0.0000000000000000e+00	   8.8730445809874148e-01	   9.5051200886061760e-01	   8.9116964627062223e-01	   9.1380585133571191e-01	   7.7050545111355151e-01	   6.7933538554878492e-01	   7.1051902505061537e-01	   9.4262058669814297e-01	   8.0222580465387727e-01	   6.8160896868744603e-01	  -1.7380734321118030e-01	   3.2219482579370191e-02	   8.3764700940287273e-01	   8.3925877235982593e-01	   8.8125910228049520e-01	   8.9444001271418894e-01	   6.3685218044611258e-01	   7.4018456948255051e-01	   9.0819596706169770e-01	   9.1880559080314927e-01	   8.6972347794575522e-01	   8.5486912276206728e-01	   7.7913369872857408e-01	   7.8246772425364264e-01	   7.6720865758268275e-01	   8.1932251521338118e-01	   5.9278141937582918e-01	   6.2970172957611914e-01	   8.5230681292000721e-01	   9.0789434721358320e-01	   8.5221287656269307e-01	   9.3050906620115459e-01	   5.1728526725087931e-01	   7.4701926456810153e-01	   7.8439486639910272e-01	   6.9509064620604555e-01	   5.9020243846699050e-01	   7.9188319917031402e-01	   9.0247479640096029e-01	   9.1119909699166080e-01	   9.2256290087086201e-01	   9.2130372153438111e-01	   9.1917451845756593e-01	   9.4687238264419027e-01	   8.9771454182519184e-01	   8.8194533947599796e-01	   8.9251830916387365e-01	   8.9090217545807437e-01	   8.5616124357373580e-01	   9.1445874190168774e-01	   9.0184440971714008e-01	   9.0938466164278131e-01	   6.8485584797073029e-01	   8.5206890370782473e-01	   5.5898807088407054e-01	   7.9218136369330872e-01	   4.8601463191803917e-01	   7.2559647232317204e-01	   7.0364946794942740e-01	   7.9777865389007130e-01	   6.7528697580437680e-01	   9.1044130080927532e-01	   9.2306251071097656e-01	   9.3095796402603059e-01	   8.5130426416630078e-01	   7.5943761035023649e-01	   8.7406545702596827e-01	   8.1835220641302964e-01	   9.0540667628789584e-01	   8.1642426616500785e-01	   8.7659487775487377e-01	   7.3958823054814538e-01	   8.6745951887473383e-01	   7.9848988011556288e-01	   7.7781674447870497e-01	   8.7049159879916993e-01	   9.3113236587238335e-01	   8.9372982693051206e-01	   7.4042306490597831e-01	   7.6415504389842548e-01	   9.2719684715052497e-01	   8.7792630124824178e-01	   8.0512945443795525e-01	   7.6325010804284954e-01	   9.2604831330113035e-01	   8.8077540526349229e-01	
   7.2800370497524858e-01	   7.4863546745495579e-01	   8.5597986701702988e-01	   8.8730445809874148e-01	   0.0000000000000000e+00	   8.7824765572184493e-01	   8.2587163990830392e-01	   7.2372327952284599e-01	   7.4083527312258901e-01	   5.0381512692107933e-01	   7.1756996433582099e-01	   8.3992676677277278e-01	   6.2720494312544950e-01	   4.2692237549252643e-01	  -4.2924072238564737e-01	  -2.3846851826490120e-01	   7.2518749023014117e-01	   8.1052076431796727e-01	   8.0270842587059610e-01	   7.8760690059560901e-01	   4.9902531702367042e-01	   6.3261198383270945e-01	   8.0549843150321077e-01	   8.1524841022564343e-01	   8.5143854980308231e-01	   9.0131269128181535e-01	   8.3931357110655280e-01	   8.4370691446960122e-01	   6.7210629013985412e-01	   6.3785308782587047e-01	   3.6588193599003782e-01	   4.5926562514116942e-01	   7.7317327073989572e-01	   7.9394252338553550e-01	   7.8630074638459158e-01	   8.7659780623123496e-01	   4.6382608889634958e-01	   4.9220347472412640e-01	   6.0594912620243058e-01	   4.3149462187606280e-01	   4.0511177106304741e-01	   5.5466221461843368e-01	   8.5611836282942066e-01	   8.5170883577188783e-01	   8.4611194173558069e-01	   8.7681856267027825e-01	   8.8357802397800522e-01	   8.5451470108721517e-01	   8.5807502205347941e-01	   9.0692876947621981e-01	   8.8376974976304590e-01	   8.9074800006575772e-01	   8.5673724746391944e-01	   8.9032852003338536e-01	   7.8570736825440157e-01	   8.1286018095309953e-01	   6.4235340341099878e-01	   7.1108104315261167e-01	   5.8266722167018514e-01	   6.6469526508039389e-01	   4.9287802593045449e-01	   5.3639401031582712e-01	   6.7330180106623616e-01	   6.5428998723745901e-01	   7.4712906996457495e-01	   7.6831186172562660e-01	   8.7044652021892321e-01	   8.3821838633970791e-01	   7.1882093994445762e-01	   5.9933035463488282e-01	   8.0487525502774926e-01	   7.9447946070360054e-01	   8.5053505778681493e-01	   6.5585890630539234e-01	   7.2575281406499270e-01	   6.0419678815553457e-01	   7.4396099764383194e-01	   7.1463608197683881e-01	   6.5754849175350705e-01	   7.6323250819497357e-01	   8.3337593055963743e-01	   7.6842189148095685e-01	   5.3063003472289694e-01	   6.1061422920115738e-01	   8.8418326648734080e-01	   8.5550600980905167e-01	   6.0431504780701661e-01	   6.8448134683967199e-01	   8.1358441672473991e-01	   8.7765830728472272e-01	
   7.2603541297087659e-01	   8.3634215375732512e-01	   8.9425681519184186e-01	   9.5051200886061760e-01	   8.7824765572184493e-01	   0.0000000000000000e+00	   8.3935222453253588e-01	   8.5260749929501556e-01	   7.6170182384050444e-01	   6.9613122867296218e-01	   6.3607551206872137e-01	   9.0971296578760441e-01	   7.4107688545766881e-01	   6.2669254757720716e-01	  -1.3337038608622692e-01	   5.3296360496666084e-02	   8.0307368198409734e-01	   8.2650595603240695e-01	   8.2749733116668589e-01	   8.5265763766659519e-01	   6.3749029401092150e-01	   7.0415991845986703e-01	   8.4695908124453201e-01	   8.5568405230298772e-01	   8.3869727605028288e-01	   8.3457251979649538e-01	   8.5412797570850574e-01	   8.4918113338541068e-01	   7.6748719495200890e-01	   8.1101458272916316e-01	   5.6850278011902122e-01	   5.8599473955080705e-01	   8.0168243104023673e-01	   8.6042275875919050e-01	   8.1487464521330555e-01	   8.6840317193058469e-01	   5.0610430743301615e-01	   6.8501020091940257e-01	   7.7773322139087631e-01	   6.3180893019826057e-01	   5.6203212128190150e-01	   7.4883575398641578e-01	   8.8305874007556573e-01	   8.8145957841933409e-01	   8.7675325076838795e-01	   8.8189865310531257e-01	   8.9798066881478189e-01	   8.9932241568137916e-01	   8.8750393511006709e-01	   8.5615217252192277e-01	   8.7545139387781723e-01	   8.6218026723234531e-01	   8.4464068597919462e-01	   8.9868382213131770e-01	   8.7782081092343023e-01	   8.3328046530886368e-01	   6.5880738253117599e-01	   8.0356290332574931e-01	   5.1796224295949878e-01	   7.2785211042302544e-01	   4.2986291384143460e-01	   6.4451975789749993e-01	   6.4299391263465877e-01	   7.0641793056032520e-01	   6.4475286154359790e-01	   8.3312802498162664e-01	   8.8535277050308048e-01	   8.6666392493984490e-01	   8.1989349655014054e-01	   6.9033593463664333e-01	   8.2533074969797793e-01	   7.6103382985668222e-01	   8.8576784234046857e-01	   7.6857961565707789e-01	   8.0344588108484905e-01	   6.4852222773187895e-01	   7.7892872590395434e-01	   7.0849209518722911e-01	   7.7128126318021462e-01	   8.8595706359065873e-01	   9.0004191341078355e-01	   8.6141526142136871e-01	   6.9045009943893709e-01	   7.0998836030800505e-01	   8.8215156885296797e-01	   8.3212152458300803e-01	   7.4874995207993966e-01	   6.9439263479530222e-01	   8.9020712218445697e-01	   8.0667016799046920e-01	
   8.2677788624617410e-01	   7.9368224947139965e-01	   9.6752765253639650e-01	   8.9116964627062223e-01	   8.2587163990830392e-01	   8.3935222453253588e-01	   0.0000000000000000e+00	   8.1318525546455356e-01	   8.0813394314004705e-01	   6.2054128037966394e-01	   8.1375581366371286e-01	   8.3332398134448205e-01	   8.3713585623466047e-01	   5.5254446926258693e-01	  -2.2393019028476463e-01	  -7.4163107175081205e-02	   8.1750451242344857e-01	   8.2248582176962770e-01	   8.8572232203044443e-01	   8.3406609714592750e-01	   5.3346577005106011e-01	   5.6030079252353104e-01	   8.6443497632914656e-01	   8.7199167678835421e-01	   7.9533451808771682e-01	   7.7709661457379497e-01	   5.9113416624878967e-01	   6.7865902732623073e-01	   7.9749635274253139e-01	   6.9414502897641006e-01	   4.8608412568204157e-01	   5.3064550980027814e-01	   8.0881680115520183e-01	   8.0317422803188387e-01	   8.5260353267745559e-01	   9.0000759705456224e-01	   6.3428367673981101e-01	   6.1750044434527418e-01	   7.5677408613455599e-01	   6.0216554578295578e-01	   6.5588571046406496e-01	   6.7735397549782095e-01	   9.0231231525143163e-01	   9.0277351310551068e-01	   9.3562784181063674e-01	   8.9536983119258928e-01	   9.1010116288076337e-01	   9.0396449194820860e-01	   9.1365403434776793e-01	   8.8953368835655811e-01	   9.3254309427184490e-01	   8.9830987124092065e-01	   8.9312161413566771e-01	   9.0556048629885832e-01	   8.3010971362665820e-01	   8.9217356069527121e-01	   7.8037614944587275e-01	   7.5837767616167739e-01	   6.8457303669422620e-01	   7.2931617574643526e-01	   6.7585982663012178e-01	   6.7506883050721900e-01	   8.1290173325610349e-01	   7.5132922115959344e-01	   8.2252907551323862e-01	   8.7745648372222229e-01	   8.8660229271907665e-01	   8.9313622014759830e-01	   7.4989863874072049e-01	   6.4589834529752110e-01	   8.0100571269934118e-01	   7.9490978033009452e-01	   8.4883152616636881e-01	   7.0951835997442658e-01	   7.4976847866325325e-01	   7.0062842525798419e-01	   8.2748062586476356e-01	   7.6512910400371692e-01	   7.7691029633243047e-01	   8.2469819760796736e-01	   8.5496784869751030e-01	   8.3449372537478839e-01	   7.0819774076060060e-01	   7.2672231251622943e-01	   9.3981331092320586e-01	   9.1015374387832892e-01	   7.1860269237060836e-01	   7.7832154669596632e-01	   8.6670199538802550e-01	   9.2779008905720350e-01	
   8.0915402022608118e-01	   9.1738566733898352e-01	   8.4220447831130563e-01	   9.1380585133571191e-01	   7.2372327952284599e-01	   8.5260749929501556e-01	   8.1318525546455356e-01	   0.0000000000000000e+00	   7.5971644641232983e-01	   8.5722701261278766e-01	   7.1853874921846850e-01	   9.1841881381105350e-01	   8.9714470148466063e-01	   8.6282191093208938e-01	   1.1197683751893470e-01	   3.1234591528950345e-01	   8.5055852911027219e-01	   7.5848801180873870e-01	   8.6551933769805689e-01	   9.1559352167683083e-01	   5.6301077140416322e-01	   6.1643269150922197e-01	   8.5046975465331975e-01	   8.7819546408888938e-01	   7.6048621145171125e-01	   6.5386439140552555e-01	   6.2946085390336304e-01	   6.0416335781776342e-01	   7.9815314796094861e-01	   8.7223013165488039e-01	   7.6577601326344025e-01	   7.5809011541983373e-01	   8.7393562157700910e-01	   9.2248964842890124e-01	   7.4598403882898268e-01	   8.4460572104967302e-01	   5.7763181670571184e-01	   8.8096324413469840e-01	   8.7317549826327867e-01	   8.6271286384607915e-01	   7.1168007657761656e-01	   8.7095854346435964e-01	   8.0152209458858814e-01	   8.2113606112367410e-01	   8.4268782484359184e-01	   8.6073777638915827e-01	   8.2349920766712414e-01	   8.9597396937181439e-01	   8.1283628063238478e-01	   7.1746193164493222e-01	   7.4201747948534169e-01	   7.6583393764785490e-01	   6.8606576798869057e-01	   8.3505936357451804e-01	   8.0050933801084367e-01	   8.7587834618343541e-01	   6.9451893550486310e-01	   8.4815417689778494e-01	   6.0615538906875910e-01	   8.7419040171819273e-01	   5.7335191324353130e-01	   8.6799100761792558e-01	   7.4477788956026925e-01	   8.8775119929691781e-01	   5.5549834143864540e-01	   9.5414842273643630e-01	   8.5880189799441653e-01	   9.2005929977190026e-01	   8.9285799001188648e-01	   8.8806353690827600e-01	   8.2674671676070899e-01	   7.6834922953680962e-01	   8.3289119422731828e-01	   8.6054668283130542e-01	   9.0207774606467506e-01	   7.9671671379951836e-01	   8.9411267991392962e-01	   8.5457882710525745e-01	   7.4701432522984557e-01	   7.8556649689846370e-01	   8.9556430565616507e-01	   8.9035624628617061e-01	   8.6703874254849167e-01	   8.7719619178518782e-01	   8.0691462257179236e-01	   8.0205006512080246e-01	   9.0932794435407638e-01	   7.6712486314605721e-01	   8.1835515216488830e-01	   7.5104681152693575e-01	
   7.5723168101470495e-01	   7.3850438340954372e-01	   8.1600864926934169e-01	   7.7050545111355151e-01	   7.4083527312258901e-01	   7.6170182384050444e-01	   8.0813394314004705e-01	   7.5971644641232983e-01	   0.0000000000000000e+00	   7.2356166526241517e-01	   7.3669967928820346e-01	   7.7333748165223293e-01	   7.9142187477541359e-01	   5.8396495527733672e-01	   5.1554480280264158e-04	   1.1888192256109757e-01	   7.1881892375367062e-01	   6.9887282286287400e-01	   8.1580516248966806e-01	   7.9721143458182375e-01	   3.9638500724196035e-01	   4.9471631245638747e-01	   8.0258069782815655e-01	   8.0633125590213617e-01	   8.0347541146389223e-01	   7.6029529970892606e-01	   6.1274829831090138e-01	   6.7495738871264099e-01	   7.0330326925880993e-01	   6.7745351407311760e-01	   5.5051038850891476e-01	   6.1075156731991320e-01	   7.5231946118884985e-01	   7.3559695899428279e-01	   7.3458952458938098e-01	   7.7981432475647083e-01	   5.5574699421087814e-01	   6.1310571035360906e-01	   6.7132814838832344e-01	   5.9722589112381141e-01	   5.3614881232114819e-01	   6.2804476880329863e-01	   7.8454384816714107e-01	   7.8283425143826002e-01	   8.0870930633735982e-01	   7.9072110750814006e-01	   7.9588272452803577e-01	   7.9548505003609971e-01	   7.8313483091485359e-01	   7.4057783363334373e-01	   7.5908284766529199e-01	   7.4442557379199226e-01	   6.7864213777035032e-01	   8.0055876046922214e-01	   6.8582436433068816e-01	   7.6738732710778590e-01	   6.7522295400876342e-01	   6.8403567740699145e-01	   6.1603403946593571e-01	   6.9752966079992185e-01	   5.9278622777636614e-01	   6.0584821898735208e-01	   6.9711269292922096e-01	   6.6216405488576202e-01	   7.6625683664697752e-01	   8.1094130466371905e-01	   7.9880259028008194e-01	   8.0732497425847505e-01	   7.1328061052460867e-01	   6.5940434683934956e-01	   7.0968501255596361e-01	   6.8007944351786465e-01	   7.7224681094746472e-01	   7.1423399702782964e-01	   7.5927466841166691e-01	   6.6607891250719897e-01	   7.5398682398958372e-01	   7.5125705197842430e-01	   6.3634714395619230e-01	   6.9291511677586892e-01	   7.9985200126121536e-01	   7.7206164575349656e-01	   7.0514336614975159e-01	   7.3692048961379886e-01	   8.0261227638395993e-01	   8.2178015354271716e-01	   7.1990834903160406e-01	   7.4698795239416060e-01	   6.9456522262098686e-01	   7.3149464767258676e-01	
   7.6714021626394757e-01	   7.5301657631740437e-01	   6.1303547813871861e-01	   6.7933538554878492e-01	   5.0381512692107933e-01	   6.9613122867296218e-01	   6.2054128037966394e-01	   8.5722701261278766e-01	   7.2356166526241517e-01	   0.0000000000000000e+00	   6.1895902432879990e-01	   7.2415010603788121e-01	   8.3333710750846990e-01	   8.2381579309066211e-01	   4.1519455298254332e-01	   5.5554073175371421e-01	   7.4140453038992227e-01	   5.9509031309662730e-01	   6.9846298564142084e-01	   7.6626668919543606e-01	   4.6346405879177860e-01	   4.4954679488710819e-01	   6.0593077785324079e-01	   6.6983101151261371e-01	   5.4492603908768322e-01	   4.3637007845591974e-01	   4.8547941578608234e-01	   4.5374050026532298e-01	   7.7285402947065718e-01	   7.9494101110720594e-01	   8.0302645844260678e-01	   7.4933736575898213e-01	   7.2687321874379629e-01	   7.6024287745536712e-01	   5.7155485976570675e-01	   6.1750364238219468e-01	   6.1904572567097960e-01	   7.9827100967768294e-01	   7.8580364451112572e-01	   7.9343302733523058e-01	   6.8305475511390346e-01	   7.2882520749779456e-01	   6.1380349169535608e-01	   6.1596793660622307e-01	   6.3287480359787951e-01	   6.6494538036060902e-01	   6.2262953807429144e-01	   6.6267059474875323e-01	   6.4312570644584377e-01	   4.7186460718833795e-01	   5.2445939676477871e-01	   5.4107447872283509e-01	   4.4411676371979480e-01	   6.5698463422805398e-01	   5.4412692947979857e-01	   6.5964583051959014e-01	   6.7178917663801274e-01	   6.7992416193535099e-01	   6.3821265559798945e-01	   7.8162471542841905e-01	   5.8539033676941066e-01	   7.8960751313819166e-01	   6.7607667346845379e-01	   7.4898814212476506e-01	   4.2877162710753058e-01	   7.9295874703189229e-01	   6.5443240453566098e-01	   7.2376605371468905e-01	   7.4724092458642011e-01	   7.7482999963492016e-01	   6.4773942561885667e-01	   5.9262692378143500e-01	   6.5545692543677592e-01	   7.5443981070227817e-01	   7.4041134358604421e-01	   6.9261097641527236e-01	   7.0989407707454610e-01	   7.3168435734575044e-01	   6.2977599118534044e-01	   6.3599281355108750e-01	   7.2001097683487358e-01	   7.4865563762474563e-01	   8.3696622565546108e-01	   8.3716422353155107e-01	   5.6343794568614880e-01	   6.1745301890600579e-01	   8.2380175615588980e-01	   6.4230216014531405e-01	   5.2491967697061293e-01	   4.7704653638064232e-01	
   8.7353547670359444e-01	   7.9406614011705223e-01	   7.4559467076190655e-01	   7.1051902505061537e-01	   7.1756996433582099e-01	   6.3607551206872137e-01	   8.1375581366371286e-01	   7.1853874921846850e-01	   7.3669967928820346e-01	   6.1895902432879990e-01	   0.0000000000000000e+00	   7.8943880340520289e-01	   8.5915587417521122e-01	   6.0674674727943412e-01	  -6.9250385351574933e-02	   4.7378200786633420e-02	   8.2459970461427179e-01	   8.0145633266216054e-01	   8.5539383563458526e-01	   7.9044373334364859e-01	   5.0181212466531544e-01	   5.7098732398084429e-01	   7.1002905423586582e-01	   7.3001324066988038e-01	   6.7388737001030863e-01	   6.6576487034371068e-01	   4.9706148970818209e-01	   5.8284809122941728e-01	   8.1400598484353670e-01	   6.4749438368145484e-01	   5.7200906583632860e-01	   6.0743573972805809e-01	   8.4402822769829988e-01	   8.0587208351683159e-01	   7.7123164836694991e-01	   7.9767408962517183e-01	   7.3843546647913827e-01	   6.1236813877907648e-01	   6.7425566270580117e-01	   5.5668355024850313e-01	   5.7160281378748889e-01	   5.9850849463119182e-01	   8.2183639248383100e-01	   8.2075371915445983e-01	   8.0342479259424271e-01	   8.1691745520671111e-01	   8.2624267502602500e-01	   7.9035131333718955e-01	   7.9454819809633792e-01	   7.2775791603416429e-01	   7.8484934583477473e-01	   7.8473155187930954e-01	   7.3774426392832704e-01	   8.4598073155181774e-01	   6.6702543961085270e-01	   8.0074641545203895e-01	   8.4115037242160451e-01	   7.7187085367497599e-01	   7.8199446601125810e-01	   7.3009364508416308e-01	   7.9281206105481317e-01	   7.0627796925527364e-01	   9.2473933248157492e-01	   8.1689257435097362e-01	   8.0784855455593485e-01	   8.0990047865465187e-01	   8.2437471857508737e-01	   8.1312054525776911e-01	   7.2372424699725435e-01	   6.7690004058682274e-01	   7.4818177502393302e-01	   7.5762212897520786e-01	   8.1181454762007144e-01	   7.3129913425542981e-01	   7.3371728651225099e-01	   7.4843354362135694e-01	   8.2494831228118315e-01	   8.4318312524461803e-01	   7.1776939932402450e-01	   6.9454896827424428e-01	   8.0903534123389875e-01	   8.0902650496206330e-01	   7.3878463594635357e-01	   7.8444639347154943e-01	   8.3922503383777469e-01	   8.8087768607720629e-01	   7.4320498232037180e-01	   8.1570106514650020e-01	   6.8093774907997429e-01	   7.9849578990686343e-01	
   7.9475558168438198e-01	   9.3769545328459070e-01	   8.7694401776628295e-01	   9.4262058669814297e-01	   8.3992676677277278e-01	   9.0971296578760441e-01	   8.3332398134448205e-01	   9.1841881381105350e-01	   7.7333748165223293e-01	   7.2415010603788121e-01	   7.8943880340520289e-01	   0.0000000000000000e+00	   8.4524995349840415e-01	   7.8790267162603822e-01	  -5.1212501840904659e-02	   1.6311131299180853e-01	   8.7734124338553610e-01	   8.8641063354434579e-01	   9.1548431214276571e-01	   9.3125647602679318e-01	   6.3937739004076088e-01	   7.5118693690785021e-01	   8.7888574662790719e-01	   8.8806063683534753e-01	   8.4834125218605094e-01	   8.3240985869420925e-01	   7.7403621111575305e-01	   7.8778507634653705e-01	   8.2677172477400673e-01	   9.0179615642564848e-01	   6.9041806152019447e-01	   7.2838191411050368e-01	   9.2277453265496401e-01	   9.5603427579362232e-01	   8.4148695392438566e-01	   9.1515350522314942e-01	   5.7606727892669340e-01	   7.8360883596731978e-01	   7.9629457028919459e-01	   7.2068454893600387e-01	   5.8360062374843213e-01	   7.9478400626261636e-01	   9.0437597275775694e-01	   9.2221376977417635e-01	   8.8561702802772557e-01	   9.0969166272320856e-01	   9.1493918881160297e-01	   9.4014503171103292e-01	   8.5521059334254268e-01	   8.0238690336782259e-01	   8.4634192606556335e-01	   8.4161059672648664e-01	   8.0264202551374542e-01	   9.4261729458899812e-01	   8.8454185960178533e-01	   8.9288752110166991e-01	   7.2039185269516304e-01	   8.9985269033517790e-01	   5.4808262073245806e-01	   7.8232244365968295e-01	   5.2343443794818389e-01	   7.5832290594371132e-01	   7.5130197701705725e-01	   8.4393058080047534e-01	   6.5695123175820236e-01	   9.1098651284198673e-01	   9.3114401282083814e-01	   9.1707609850135363e-01	   8.8908298315481704e-01	   8.1898238773297005e-01	   8.9282341158448442e-01	   8.3370119628962913e-01	   9.2412808753411824e-01	   8.7369811132483910e-01	   9.0799055167021958e-01	   7.9692275071963392e-01	   9.0375508793759796e-01	   8.4643731265409206e-01	   8.0849937492521273e-01	   8.5763406875590409e-01	   9.5987284251666272e-01	   9.3170336385154362e-01	   8.0221342764498993e-01	   8.2610171689762368e-01	   9.0542938685692664e-01	   9.0508969780990933e-01	   8.5957494337480544e-01	   8.2139519125516158e-01	   8.9301970334172398e-01	   8.3025560160282774e-01	
   8.6681075879829605e-01	   8.7966346336638024e-01	   8.0709764913453019e-01	   8.0222580465387727e-01	   6.2720494312544950e-01	   7.4107688545766881e-01	   8.3713585623466047e-01	   8.9714470148466063e-01	   7.9142187477541359e-01	   8.3333710750846990e-01	   8.5915587417521122e-01	   8.4524995349840415e-01	   0.0000000000000000e+00	   8.3993043577888227e-01	   2.1360663940582114e-01	   3.4556413263372376e-01	   9.0799601395144114e-01	   7.7994981473869707e-01	   8.7542234108329653e-01	   8.6246659168079021e-01	   5.7778128421051655e-01	   5.8343671666994623e-01	   7.9851137558785179e-01	   8.2363515484399108e-01	   7.0021537899923736e-01	   6.0258482560467286e-01	   4.7770235332221422e-01	   5.3691799467003032e-01	   8.7730535499629791e-01	   8.0810077998351881e-01	   7.8595860316897659e-01	   7.6506450229443257e-01	   8.6674979589236267e-01	   8.7071052554669182e-01	   8.0858830261980030e-01	   8.1700401469444928e-01	   7.4764604430605475e-01	   8.5227803895617882e-01	   8.6454184001515555e-01	   8.2196183656784505e-01	   7.6296202458732720e-01	   8.2614310389045398e-01	   8.2896488103390209e-01	   8.3228462990364194e-01	   8.3098163662573876e-01	   8.0994783950435945e-01	   8.3441224511487300e-01	   8.5598896185128737e-01	   8.1807262214548349e-01	   6.7645741633858003e-01	   7.5879170364243198e-01	   7.4994676225679169e-01	   7.0540007756242096e-01	   8.3944966421073364e-01	   7.6560977504338135e-01	   8.5046975565745364e-01	   8.2084916243881223e-01	   8.3810136411817693e-01	   7.1234891652088117e-01	   8.2613954630743658e-01	   7.1253775291785804e-01	   8.4111602841146826e-01	   8.6409507087713866e-01	   8.8123110881180322e-01	   6.6764241312072392e-01	   9.1031487618635964e-01	   8.2987036809995784e-01	   8.6375897706572058e-01	   8.3406713278810174e-01	   8.1117799181420835e-01	   7.7796615342616682e-01	   7.2882243295432514e-01	   8.0285864067951507e-01	   8.4288583304819309e-01	   8.3101038481273637e-01	   8.0057720254685871e-01	   8.9237070884683356e-01	   8.7259406457379962e-01	   8.3199038480779519e-01	   7.9955101676415907e-01	   8.7099582178452395e-01	   9.0176978181193679e-01	   9.1215818453383757e-01	   8.9859025090551392e-01	   8.1187266505948230e-01	   8.1853672557207446e-01	   8.9583502793846526e-01	   8.1023741756324119e-01	   7.6385191208729997e-01	   7.3223342109571243e-01	
   6.4851874609648252e-01	   8.1039872345999675e-01	   5.8845857652724043e-01	   6.8160896868744603e-01	   4.2692237549252643e-01	   6.2669254757720716e-01	   5.5254446926258693e-01	   8.6282191093208938e-01	   5.8396495527733672e-01	   8.2381579309066211e-01	   6.0674674727943412e-01	   7.8790267162603822e-01	   8.3993043577888227e-01	   0.0000000000000000e+00	   4.5498623219188961e-01	   6.3447174093825254e-01	   7.4561979336396544e-01	   5.9774978692889014e-01	   7.0243962028982598e-01	   7.7286784381233742e-01	   5.1804775916641921e-01	   5.3311728329442698e-01	   6.5336791364965419e-01	   6.8427481952614144e-01	   5.7749779631760023e-01	   4.4019835289518183e-01	   4.4995828007178734e-01	   3.9591625742904935e-01	   7.0286191681262011e-01	   8.5950902033870569e-01	   8.4942944065523263e-01	   8.1988828397608227e-01	   7.5035245037929155e-01	   7.9989822504452623e-01	   6.0173771738552018e-01	   6.4491858679195746e-01	   5.2974495617222761e-01	   8.9216255964601676e-01	   7.9370336428902055e-01	   8.7408268925253230e-01	   6.7114174114314618e-01	   8.5579081408908020e-01	   6.1763594059198668e-01	   6.3856798752984623e-01	   6.1072676618902388e-01	   6.2201304575173089e-01	   6.1586992022475662e-01	   6.9730002524640522e-01	   5.6487056861497609e-01	   3.9819841875295320e-01	   4.8597914752443139e-01	   4.9888568070369588e-01	   4.1992976895779910e-01	   6.4123693036198137e-01	   6.0877590705616902e-01	   6.5414748979074577e-01	   5.7825114200730787e-01	   7.6384422391484286e-01	   4.1984441808333339e-01	   7.2065728566591947e-01	   4.3058152795663118e-01	   7.9903868919487331e-01	   5.8798382244473535e-01	   7.8631545805736258e-01	   3.2685881699680530e-01	   7.8678920780911166e-01	   6.6244351488598840e-01	   7.0626161540856836e-01	   7.8736238782661871e-01	   8.0836879899547320e-01	   6.4384807947441169e-01	   5.6688491577298972e-01	   6.3529734703073037e-01	   8.1115889502550509e-01	   8.0275072923085466e-01	   7.2906864739515409e-01	   7.7919539490238765e-01	   7.7902329662849357e-01	   6.5414104137570939e-01	   6.4528730530494516e-01	   7.3428317899511586e-01	   7.8260804672708162e-01	   8.6706635129980314e-01	   8.2596428683389289e-01	   5.6234439604289332e-01	   6.0014725999477425e-01	   8.4553464090335795e-01	   6.3936714928482208e-01	   6.0335703580003097e-01	   4.4374990877306536e-01	
   4.8279550919976502e-02	   1.0806288981531123e-01	  -1.9264382135221264e-01	  -1.7380734321118030e-01	  -4.2924072238564737e-01	  -1.3337038608622692e-01	  -2.2393019028476463e-01	   1.1197683751893470e-01	   5.1554480280264158e-04	   4.1519455298254332e-01	  -6.9250385351574933e-02	  -5.1212501840904659e-02	   2.1360663940582114e-01	   4.5498623219188961e-01	   0.0000000000000000e+00	   9.5224468577428656e-01	   1.0008489302248492e-01	  -1.1824784601304003e-01	  -1.6851896157184916e-02	   7.7189113903644857e-02	   6.6831876182067512e-02	  -3.5580154250674449e-02	  -1.0539816789389103e-01	  -7.6442392788632380e-02	  -2.0660319245696171e-01	  -3.5705499703532539e-01	  -1.9292088957180198e-01	  -2.2989040797216209e-01	   1.9065322418747910e-01	   2.5889358535868001e-01	   5.9944802801735930e-01	   5.0023962117748932e-01	   1.4473886742245486e-02	   5.2858282467656593e-02	  -9.5846842215385100e-02	  -1.8328496068336494e-01	   1.5044252165071612e-01	   3.9873889819900066e-01	   1.9413896653990875e-01	   4.1121252954434390e-01	   3.1676714222460001e-01	   2.7427982855772975e-01	  -1.4305350033182751e-01	  -1.5961736226473677e-01	  -1.6092570152312971e-01	  -1.6477742082412900e-01	  -1.7429298736162552e-01	  -1.2194893225156528e-01	  -1.6786177395730711e-01	  -4.3173595478016891e-01	  -3.4290588783678866e-01	  -3.7330417697733309e-01	  -4.2394817067753343e-01	  -1.9030937447477542e-01	  -2.2631149832135755e-01	  -1.8921557247624132e-01	   9.0556785746382193e-02	   9.8683859879676136e-02	  -4.2281775243577348e-03	   9.2475058900056001e-02	  -2.9467316944114870e-02	   1.3151761277337704e-01	  -2.9161438988288983e-02	   3.0776131720037320e-02	  -2.4816461559813902e-01	   3.2437873536303734e-04	  -1.1278147081517678e-01	  -7.1411080801870641e-02	   1.5504252462716994e-01	   2.4921509524506674e-01	  -4.7994542276837165e-02	  -1.3585796464225841e-01	  -1.2332035914720046e-01	   2.5640369363701465e-01	   1.0056907962615248e-01	   1.8255340769869902e-01	   3.1223004129876445e-02	   7.4994309174022472e-02	   6.3510805254000741e-02	  -1.2000657311463381e-02	  -3.4273983518522524e-02	   9.5723817296888683e-02	   4.0817197657234172e-01	   3.1937916624206886e-01	  -2.8698426709651109e-01	  -2.0540907146216039e-01	   2.8307389466025873e-01	   6.8327379076201858e-02	  -2.7140250635374374e-01	  -4.4244257480463711e-01	
   1.8859260002116998e-01	   2.9405621235198165e-01	  -1.6275045534341868e-02	   3.2219482579370191e-02	  -2.3846851826490120e-01	   5.3296360496666084e-02	  -7.4163107175081205e-02	   3.1234591528950345e-01	   1.1888192256109757e-01	   5.5554073175371421e-01	   4.7378200786633420e-02	   1.6311131299180853e-01	   3.4556413263372376e-01	   6.3447174093825254e-01	   9.5224468577428656e-01	   0.0000000000000000e+00	   2.6332880048386065e-01	   6.5214329535380602e-02	   1.6591341109981417e-01	   2.7694866807669410e-01	   1.7579967571047553e-01	   1.1637338003916398e-01	   7.2300539728728880e-02	   1.0460718253158335e-01	  -2.7241735222638185e-02	  -1.9034287953513007e-01	  -1.9541153385740632e-02	  -7.9996878074155398e-02	   3.2846404190364875e-01	   4.5664120256363938e-01	   7.1709711630665351e-01	   6.4041488927393064e-01	   1.8507380090497477e-01	   2.3981042466631866e-01	   4.4311727224431482e-02	   3.9643027485439814e-03	   2.0183654612208546e-01	   5.6334572413324968e-01	   3.2754327435258834e-01	   5.6138816955509552e-01	   3.9973143147951340e-01	   4.2411987358030095e-01	   1.7679741794311948e-02	   4.9517214078359595e-03	   5.6221266014510485e-03	   8.0426803582244848e-03	  -1.3516258425711511e-02	   6.0279464853541381e-02	  -2.2733454638745414e-02	  -2.9036078582295655e-01	  -1.9210628018119025e-01	  -2.2696678979638663e-01	  -2.9235942613294286e-01	  -9.6661435970504181e-03	  -7.5594388267537602e-02	  -2.3852490158885326e-02	   2.0960571670146946e-01	   2.7288145482055653e-01	   7.2718321312719394e-02	   2.4933252399194503e-01	   2.7891464362128599e-02	   2.8198774004395438e-01	   8.4564237764847949e-02	   2.0380277251449513e-01	  -1.5475462308708179e-01	   1.8982067567842545e-01	   7.5138400684202605e-02	   1.1821156811609181e-01	   3.3834551244037608e-01	   4.3470730598237606e-01	   1.1778581270650865e-01	   1.0309532788857273e-02	   4.5757247830915393e-02	   4.2607334564273119e-01	   2.8327000306832933e-01	   3.4930901318768953e-01	   2.0571139459513907e-01	   2.4543818234611559e-01	   1.8914570174575721e-01	   1.6149712148468892e-01	   1.5193102824945365e-01	   2.7164803725986575e-01	   5.4827970059511921e-01	   4.6882902150386907e-01	  -1.2550030607914839e-01	  -3.4986231174623503e-02	   4.3219637893834284e-01	   2.0370719958506250e-01	  -1.0336392628569882e-01	  -2.8397155559653686e-01	
   8.7677126101150815e-01	   9.3381109827666986e-01	   8.2999495516210264e-01	   8.3764700940287273e-01	   7.2518749023014117e-01	   8.0307368198409734e-01	   8.1750451242344857e-01	   8.5055852911027219e-01	   7.1881892375367062e-01	   7.4140453038992227e-01	   8.2459970461427179e-01	   8.7734124338553610e-01	   9.0799601395144114e-01	   7.4561979336396544e-01	   1.0008489302248492e-01	   2.6332880048386065e-01	   0.0000000000000000e+00	   9.0314454526605181e-01	   9.0890718843873375e-01	   9.0917844541481774e-01	   6.9847708481124415e-01	   7.1193486363866976e-01	   8.1422276091243795e-01	   8.3903191323854232e-01	   7.5306667572549035e-01	   7.1196131331043633e-01	   5.9937025966829527e-01	   6.7291273042782629e-01	   9.4277072672945872e-01	   8.3307548144247145e-01	   7.7822809928462244e-01	   7.8059513901150113e-01	   9.1985352749129001e-01	   9.2542955167891927e-01	   8.3711464005735847e-01	   8.7258459437493718e-01	   7.0162358975792660e-01	   8.0308327526240730e-01	   8.5955228323802235e-01	   7.6782509508048635e-01	   7.6642893758898278e-01	   8.2611174102940810e-01	   8.7303442816099519e-01	   8.5848314085354593e-01	   8.5148045071268497e-01	   8.5032566353535266e-01	   8.9170240338089179e-01	   8.9492235348500826e-01	   8.6543841595363835e-01	   7.3614438081091271e-01	   7.9057879924825358e-01	   7.7400297018506992e-01	   7.4268479130198251e-01	   8.8379047847776948e-01	   8.1042021354456129e-01	   8.7264222104977096e-01	   8.9047925574249764e-01	   9.2930151407754835e-01	   7.1613953855780466e-01	   8.4109306099510617e-01	   6.3148594121866086e-01	   7.7928728627330568e-01	   8.7767331920266001e-01	   8.4547737721456984e-01	   6.7555052706910579e-01	   8.8901331173649467e-01	   9.1233419982691877e-01	   9.0433314610604010e-01	   9.0497161087731892e-01	   8.4589151588930656e-01	   8.7043770433171941e-01	   7.9006817101690785e-01	   8.9330661107637832e-01	   8.7536487862166479e-01	   8.4962062033441366e-01	   8.3090997464628136e-01	   9.1195501439893700e-01	   8.6807926416156378e-01	   9.1523889808007652e-01	   8.9714056299069656e-01	   9.3867500805455251e-01	   9.5781215403038011e-01	   9.0318393976198119e-01	   8.9278738872762764e-01	   8.4853133954372573e-01	   8.4944797111107850e-01	   8.9884099264073725e-01	   8.8352027536210653e-01	   7.9487433825705933e-01	   7.7927980988403989e-01	
