   0.0000000000000000e+00	   8.2010511823653420e-01	   8.0196196735026060e-01	   8.2787727890467400e-01	   6.0726282678918164e-01	   5.1737840467055074e-01	   7.0860631833910470e-01	   7.2965116207141123e-01	   2.8692998861265151e-01	   5.6046757842570494e-01	   7.5741005862561406e-01	   5.6771119631523070e-01	   6.8901000135915069e-01	   4.9801933686308203e-01	   7.4152280095778578e-01	   8.0567795868720560e-01	   8.3324976107129534e-01	   5.2680645265305492e-01	   9.3123449841759398e-01	   9.4239531972911394e-01	   6.5445220364065060e-01	   6.3632635059623377e-01	   7.5020268742259943e-01	   7.5751595395007176e-01	   4.0000345924672981e-01	   4.9556051365900711e-01	   5.0787868329308883e-01	   7.3968835157330548e-01	   3.9547092271858170e-01	   2.3240878732392720e-01	   6.5148420965472631e-01	   7.2395812967171203e-01	   9.0851798160437647e-01	   8.7571263734551996e-01	   7.7145830973093910e-01	   8.4809625971833436e-01	   4.3177924248631738e-01	   6.0467248821277197e-01	   5.1291968817224676e-01	   6.5862428543411222e-01	   8.5279907661712162e-01	   6.1486639544758315e-01	   7.8948679700909130e-01	   8.0013704416029852e-01	   7.9949799138470190e-01	   8.0066175648351423e-01	   8.4001238477733797e-01	   8.8464852717866105e-01	   8.6028089607691682e-01	   8.1711896949657858e-01	   8.2038563793711761e-01	   8.1621184054670404e-01	   7.9336265549327378e-01	   8.7487617461435807e-01	   5.0979114225463673e-01	   7.3739420431534186e-01	   9.0750964042316595e-01	   7.9627195192169953e-01	   8.7802318968135229e-01	   7.2248317931308681e-01	   8.9117291712244362e-01	   6.6385455174617114e-01	   7.1079438695213315e-01	   6.9748706249077141e-01	   7.0282028277671049e-01	   9.0905517167229699e-01	   8.5757024845916041e-01	   8.4658849325873586e-01	   8.7758039496826334e-01	   9.1566408751575512e-01	   6.0545361692897826e-01	   7.8739675615949312e-01	   8.2324631289353323e-01	   7.8821672272620957e-01	   8.3069528073816534e-01	   9.2744428950517011e-01	   8.8773157903772093e-01	   8.9479257828261105e-01	   2.9367741427253419e-01	   1.1636368176282766e-01	   8.3881836713703883e-01	   8.0929692165060019e-01	   3.0403981595690915e-01	   5.5179424685673151e-01	   7.6428720854887433e-01	   8.5219993583046505e-01	   5.7208313932756782e-01	   6.6915172115082577e-01	   5.3804452265800629e-01	   8.7160405282630815e-01	
   8.2010511823653420e-01	   0.0000000000000000e+00	   5.6897014938491208e-01	   8.5475000359621434e-01	   6.5771035888436091e-01	   3.7322064988898029e-01	   4.2482971704554162e-01	   8.1537014861362067e-01	   3.0399449558271996e-01	   3.1708415699986392e-01	   5.3977235084551389e-01	   6.3346202045777256e-01	   4.2958298435701336e-01	   6.7590951831676005e-01	   7.8626491839352686e-01	   8.1136458095275299e-01	   7.0961004256808136e-01	   5.9432569088533038e-01	   8.3116478053932041e-01	   8.8322828064710668e-01	   6.0846882993662410e-01	   6.4124085664400066e-01	   5.7736547859197751e-01	   6.7390160035780022e-01	   2.8071335638840428e-01	   4.0825206857996377e-01	   5.0186189271210524e-01	   6.8155012608186316e-01	   2.0228436195639798e-01	   3.4849032306468347e-01	   6.7110466362771970e-01	   7.4534831422106440e-01	   8.1901100976763186e-01	   8.8064991664157311e-01	   7.4628262988596616e-01	   7.5040135872702762e-01	   1.8558125764503342e-01	   7.5207633135921581e-01	   4.4582240228595527e-01	   5.2400213647980309e-01	   6.7039503425831448e-01	   6.2542873991880898e-01	   7.4730777695954809e-01	   7.4342612831289867e-01	   7.3469760731732880e-01	   7.7076889592482667e-01	   7.5064827281332380e-01	   7.5501115044406686e-01	   7.9764352353908963e-01	   7.8127527342333059e-01	   7.8271182328118094e-01	   7.3809829682504002e-01	   8.2993641158543308e-01	   7.4425861360417656e-01	   6.2369661270709398e-01	   5.0909587543477874e-01	   7.3180749387553223e-01	   9.4598085986138281e-01	   9.0871920307139686e-01	   9.2136141530988458e-01	   8.7902345751704825e-01	   7.6519027217964619e-01	   7.1772713414380840e-01	   8.0909570689198385e-01	   7.3336066367672514e-01	   8.2146763823693369e-01	   8.4503708566477975e-01	   8.1701089380668024e-01	   8.7929053167377846e-01	   8.2504894396194195e-01	   6.7057096286614959e-01	   6.7924567583687245e-01	   8.1037544970861886e-01	   8.3019971707469198e-01	   8.6579554436784578e-01	   7.7190484178339258e-01	   8.2176877119088609e-01	   7.9803840794461967e-01	   1.1792254504091482e-01	   1.4516554475008048e-01	   7.8347581865488802e-01	   6.6024049332327039e-01	   3.1244310140255804e-01	   4.8093658769077552e-01	   8.0307156930894397e-01	   7.5224709081551799e-01	   5.6734607054201824e-01	   4.9621736013265111e-01	   8.0324049615018267e-01	   6.2499302649634991e-01	
   8.0196196735026060e-01	   5.6897014938491208e-01	   0.0000000000000000e+00	   8.4367531017954189e-01	   4.7551055728575520e-01	   6.4942850769600313e-01	   9.0593129349125512e-01	   6.7140647851079061e-01	   3.3319011245771557e-01	   6.2155893263653716e-01	   7.8812230419061968e-01	   4.5505438427051415e-01	   6.4667715260558079e-01	   4.0222046748110252e-01	   6.6245156292887364e-01	   6.5272444943892971e-01	   6.6429802090943380e-01	   3.3450875700045013e-01	   7.4272061292877412e-01	   7.5925073959784273e-01	   6.4677806053195652e-01	   5.4558859658432479e-01	   9.6248968301855320e-01	   8.9329135467362364e-01	   5.7548198811949569e-01	   6.9389200609745827e-01	   5.0421260320920702e-01	   6.9706216327521719e-01	   3.4175250398840268e-01	   1.5253622747909823e-01	   5.8028192591951511e-01	   6.4637044263033028e-01	   8.2959531011634891e-01	   7.7865306586378336e-01	   7.1437087197124050e-01	   7.9280069904626282e-01	   3.9146868373081706e-01	   4.7434414655467394e-01	   4.1909376894890038e-01	   5.8641523242863158e-01	   8.3741645994830605e-01	   4.7321299537620987e-01	   8.6422467866910846e-01	   8.2712379504332967e-01	   8.4181814535622168e-01	   8.2576342908863798e-01	   8.4607117143381594e-01	   8.8700870285009259e-01	   7.0521036881540955e-01	   8.2109206965754744e-01	   8.5746439024263355e-01	   7.9603627284940459e-01	   7.9324276407809080e-01	   8.6003328237121413e-01	   6.4328353121346094e-01	   8.2230057039655513e-01	   6.2357614261165129e-01	   4.6084934756291396e-01	   6.0447588514779049e-01	   4.2212929176727965e-01	   6.4457285211312909e-01	   3.6002286141950252e-01	   6.2722598072778424e-01	   4.6038498651205040e-01	   6.6423723404064172e-01	   7.5869945916590487e-01	   7.8812496824620792e-01	   7.8433141265346051e-01	   6.7228058886846287e-01	   7.5478513504594780e-01	   3.1690920788954596e-01	   6.4127697622751689e-01	   6.8809311454027278e-01	   6.2678486929611665e-01	   6.9172258801216169e-01	   7.8184126230757467e-01	   7.8429856209353233e-01	   8.3457376430623165e-01	   3.0689490881382903e-01	   1.5694680386616586e-01	   7.8952706731765376e-01	   7.8607654680379335e-01	   3.7709796651254607e-01	   5.3202620282853497e-01	   7.4824512699212375e-01	   7.9712926854555444e-01	   5.2578342089364116e-01	   6.2294025206152570e-01	   4.7827285378540019e-01	   8.6588130608166836e-01	
   8.2787727890467400e-01	   8.5475000359621434e-01	   8.4367531017954189e-01	   0.0000000000000000e+00	   6.8103953087624303e-01	   6.2575444145437753e-01	   7.0465781614087963e-01	   8.9053719582336721e-01	   4.1283511105443421e-01	   5.5736941434943277e-01	   7.0774970630299316e-01	   6.3515327971679203e-01	   5.5550850310338062e-01	   6.8040755549580656e-01	   8.1409104181551684e-01	   8.3309971804872185e-01	   7.1728288098218451e-01	   4.9973478386916581e-01	   8.5441180443166953e-01	   8.9848290030543276e-01	   7.0675162274321579e-01	   6.5849666874075552e-01	   8.5838828304234038e-01	   9.0889606546402402e-01	   5.0263680942281297e-01	   6.4032269083116145e-01	   5.6221227598325585e-01	   7.4216759536501686e-01	   3.0203390554056142e-01	   3.6518039771450433e-01	   6.9890683600831216e-01	   8.0700881907945732e-01	   8.8190190143428793e-01	   9.1473515185232279e-01	   7.8223968743323791e-01	   8.2906406078004369e-01	   2.2884042461394422e-01	   7.3180860058030528e-01	   4.3231333979529929e-01	   5.8910241983076939e-01	   8.1617171369363506e-01	   6.3928100963680057e-01	   8.9089318400542661e-01	   8.6159664037099315e-01	   8.6931734011190076e-01	   8.8136058220762958e-01	   8.9591772578756401e-01	   9.0572340215444924e-01	   8.0800682110044608e-01	   8.6667256803341597e-01	   9.1712682304484372e-01	   8.2223286261644701e-01	   9.1291054941437599e-01	   8.2954080110166895e-01	   7.8366474841041078e-01	   6.7925886670774482e-01	   6.4172768079296238e-01	   7.6301759883858511e-01	   7.9106469885408282e-01	   7.5181916725962838e-01	   8.1683948008007545e-01	   6.2670079924804045e-01	   7.4237467561750159e-01	   7.0403603128463754e-01	   8.1171958989334547e-01	   8.6760761869571379e-01	   8.9087083946423262e-01	   8.7262345565383992e-01	   8.3250757722672164e-01	   8.3281655798905729e-01	   5.5226059657983562e-01	   6.8303311298220248e-01	   8.3954867043984871e-01	   8.0931607060437938e-01	   8.8653222514900953e-01	   8.1414343879878515e-01	   8.5300798669279954e-01	   8.5637134393920489e-01	   2.5193766534578071e-01	   2.1900470501509550e-01	   8.6483648018026349e-01	   7.5274393245766436e-01	   4.2774810104392913e-01	   5.9424720294379596e-01	   8.8451981124382240e-01	   8.1576009223990364e-01	   6.3274704558982253e-01	   6.0305902862450567e-01	   8.0164327853778294e-01	   7.6045692076056182e-01	
   6.0726282678918164e-01	   6.5771035888436091e-01	   4.7551055728575520e-01	   6.8103953087624303e-01	   0.0000000000000000e+00	   6.8944027035577093e-01	   4.4167216978437390e-01	   7.2887694596218355e-01	   6.6633002625401216e-01	   6.6673406279389225e-01	   4.7755520990268602e-01	   3.5869057665941823e-01	   5.0266452780503001e-01	   4.3947989890668915e-01	   4.7305161001717189e-01	   6.3510813526703358e-01	   4.2654678612884556e-01	   2.2557432072309080e-01	   6.1598050381346503e-01	   6.4668423379246254e-01	   4.8360445414356251e-01	   4.6624527670319116e-01	   4.3897380301958472e-01	   4.9827079582594808e-01	   2.6503648209879793e-01	   2.9077049479839540e-01	   2.7695068896648545e-01	   4.3648144191826704e-01	   2.3187155216437524e-01	   1.7053076718253984e-01	   3.9878869424337327e-01	   4.7215996038401908e-01	   5.4940606663034086e-01	   6.0223223560086425e-01	   5.3972399131548376e-01	   4.1309168384613537e-01	   7.5060850673704646e-02	   4.3256601681202844e-01	   2.6001948853279239e-01	   4.3347308393799222e-01	   4.8226336035638939e-01	   5.5179473481506069e-01	   4.7871939243017514e-01	   4.9382967412338785e-01	   5.1955463361436205e-01	   5.3363786420374293e-01	   6.6428441946251970e-01	   6.1635497374359038e-01	   6.9828611515047911e-01	   5.1636364656564115e-01	   5.2104338385648308e-01	   4.7822012990579643e-01	   6.5242751058481530e-01	   4.1899315124239678e-01	   5.3221668846624814e-01	   4.1847508219353269e-01	   4.7456938406747640e-01	   6.3226740664900827e-01	   6.8526953630623466e-01	   7.2570933014955719e-01	   7.5985057378898602e-01	   7.4209365351118450e-01	   4.4462486588011790e-01	   6.6628250847984349e-01	   5.0591909347639374e-01	   6.8189655629452672e-01	   5.4673661813616881e-01	   5.4454546419138805e-01	   5.6753010662313486e-01	   6.1181021053416895e-01	   5.0392511534000051e-01	   5.0694294303459575e-01	   5.7866728847961746e-01	   6.9606907863359391e-01	   6.4983486826421788e-01	   6.0700202501751299e-01	   5.9885382815318844e-01	   5.7454621483815882e-01	   8.4606807133138836e-03	  -1.9804955558569859e-01	   4.5939098915323168e-01	   3.7203289917027210e-01	   3.3121376976492346e-02	   2.4604869180269867e-01	   5.1448360662213743e-01	   4.6239047583910542e-01	   2.9361817907445797e-01	   3.3636457024263355e-01	   6.5696317108707913e-01	   5.3581002432819425e-01	
   5.1737840467055074e-01	   3.7322064988898029e-01	   6.4942850769600313e-01	   6.2575444145437753e-01	   6.8944027035577093e-01	   0.0000000000000000e+00	   7.4442865386165691e-01	   6.9810761228248108e-01	   7.0918927757017791e-01	   8.4380286384275283e-01	   7.0183575791595454e-01	   3.1958589696756967e-01	   7.0689311967237711e-01	   4.7165424403715339e-01	   3.5856519725868491e-01	   4.2290849996441204e-01	   3.9828735705692420e-01	   1.3037648136944019e-01	   5.2133192778741577e-01	   5.2655425952077473e-01	   4.1493196953535755e-01	   3.6606796955981080e-01	   6.0114103414617681e-01	   5.3426796005883992e-01	   2.5703523968489289e-01	   2.8639558205868232e-01	   5.9747928940070000e-02	   3.1950986269156872e-01	   1.2316334220567973e-01	  -1.9250595348880385e-02	   1.7407890342133836e-01	   2.8212830873069294e-01	   5.1138640822791481e-01	   5.2569706555297380e-01	   4.1335951445378089e-01	   3.8669459618369911e-01	   6.2781973199783542e-02	   2.6380845745772225e-01	   1.4704240147250108e-01	   5.0281187494736734e-01	   5.5924031904420934e-01	   4.6711336942301634e-01	   4.7779751626764477e-01	   4.6769787716554201e-01	   4.7876586620602596e-01	   4.6442569900694863e-01	   6.2599079322020634e-01	   5.9361823224435994e-01	   6.0088658548957741e-01	   4.7018753781788891e-01	   5.5100500868669022e-01	   5.0613306689372140e-01	   6.3219034658003959e-01	   4.6623128617253728e-01	   5.3486306300828534e-01	   4.8504019029147777e-01	   2.7812459000554079e-01	   3.1870877390764663e-01	   3.8554885170453745e-01	   3.6893078240470284e-01	   5.3785352498531624e-01	   4.7558786489980509e-01	   3.3922681480723765e-01	   4.4698033483618749e-01	   3.9801646574972943e-01	   5.4889775470039426e-01	   4.2334070237606847e-01	   4.5094394918349062e-01	   3.6735746234660660e-01	   5.0939969843792321e-01	   2.4452082433901379e-01	   2.9537378179169921e-01	   5.5659703504527658e-01	   5.2399826582649145e-01	   5.8055313615050652e-01	   4.9584875830374908e-01	   5.3964562711486397e-01	   5.1319059723753613e-01	   2.5864250363585579e-03	  -1.9712648770811506e-01	   4.2695007960211845e-01	   3.6033186491530522e-01	  -3.2251788307558156e-02	   1.5351643061036774e-01	   4.1132844535203139e-01	   4.3863372738283418e-01	   1.8919214908018706e-01	   2.9263628109071915e-01	   5.1579722138804096e-01	   5.7017419981431283e-01	
   7.0860631833910470e-01	   4.2482971704554162e-01	   9.0593129349125512e-01	   7.0465781614087963e-01	   4.4167216978437390e-01	   7.4442865386165691e-01	   0.0000000000000000e+00	   6.7209900797927147e-01	   5.0348084076923838e-01	   6.8031217941544442e-01	   8.8852328992835639e-01	   4.6783394100267012e-01	   8.4087029321887063e-01	   4.3416084073993444e-01	   5.0711449694324084e-01	   4.5638697577036352e-01	   5.3288717302659383e-01	   2.1787360678995080e-01	   6.1933975442837319e-01	   6.1678309231869299e-01	   4.5350748721864176e-01	   3.3858658302354955e-01	   8.2580218975278963e-01	   6.8357357123076035e-01	   3.8429246396874273e-01	   4.7540633562624890e-01	   1.9546041480148274e-01	   4.3501027429735400e-01	   2.2576136518505913e-01	  -6.3723469438881145e-02	   2.8330258038612466e-01	   3.7620634132024788e-01	   6.9369461991170278e-01	   6.5772768814836846e-01	   6.1134964157400962e-01	   6.0955500654602113e-01	   3.6860157809130756e-01	   2.9108557349714770e-01	   2.5377943876023590e-01	   5.2453726868287598e-01	   7.0073878051490657e-01	   3.6621118533371788e-01	   6.7899653672356897e-01	   6.9491102591792409e-01	   6.4481741144437765e-01	   6.5900028239798591e-01	   7.0012387608767657e-01	   7.5405257469241249e-01	   7.1009903799891227e-01	   6.9718221655486756e-01	   7.1304765160616168e-01	   7.5811821884006225e-01	   7.2278024272094066e-01	   7.2401398655484928e-01	   5.3531707512979820e-01	   7.8046053913690561e-01	   5.0903077184426071e-01	   2.8166938107304984e-01	   4.9674652801136443e-01	   2.8342242625337294e-01	   6.1639009035523751e-01	   3.8612104795063712e-01	   5.6530990711817575e-01	   4.8957493439947297e-01	   4.7254052858187279e-01	   6.5673172732055485e-01	   5.9811405040551990e-01	   6.3729051501937439e-01	   4.5834295694604232e-01	   5.9283027910825137e-01	   2.0613657259869428e-01	   4.7478267976442634e-01	   6.2406926336512047e-01	   5.2442869504768019e-01	   5.9778689116171213e-01	   6.4616947423311921e-01	   6.5138411916325434e-01	   6.8791341046571408e-01	   8.0983699604400827e-02	  -3.6144013273187788e-02	   5.8612998876417033e-01	   6.1770628887420909e-01	   1.4124511271141035e-01	   2.8408242962756819e-01	   5.2154579273458712e-01	   6.7404059167301544e-01	   2.7308013883037346e-01	   4.2601318785234310e-01	   3.5412499363335231e-01	   8.4546003985284846e-01	
   7.2965116207141123e-01	   8.1537014861362067e-01	   6.7140647851079061e-01	   8.9053719582336721e-01	   7.2887694596218355e-01	   6.9810761228248108e-01	   6.7209900797927147e-01	   0.0000000000000000e+00	   5.6425842761258960e-01	   5.6247834027369192e-01	   7.1561334768051310e-01	   7.3400199807711763e-01	   6.6859984112065318e-01	   8.3494438360883827e-01	   6.8939747543375762e-01	   7.1732455540246443e-01	   5.6377015933906260e-01	   4.2166804646154321e-01	   7.7230662697504693e-01	   7.9965450073473876e-01	   5.0380000051172702e-01	   4.4262143296265477e-01	   6.5499178875706943e-01	   6.9036961899661331e-01	   2.3922365913656735e-01	   3.7847300263020156e-01	   2.4391446373430975e-01	   5.2909551181597736e-01	   1.3673266355485003e-01	   2.4809163150762148e-01	   4.4971197920622252e-01	   6.1431524829302053e-01	   7.2533933849468890e-01	   7.9819636981396525e-01	   6.5025365327045781e-01	   6.2250170544207528e-01	   2.2861245868499885e-02	   6.3075325307431851e-01	   2.5600203461117377e-01	   5.5086858367543445e-01	   6.3899107885379547e-01	   6.2740843013604453e-01	   6.7372633446803043e-01	   6.7209062838719469e-01	   6.5396719458499852e-01	   6.9187044585516089e-01	   7.2737931610457041e-01	   7.2557673952928481e-01	   8.3991592265815629e-01	   7.4370400282488880e-01	   7.6069871704836234e-01	   7.5118737189978535e-01	   8.9100552566403324e-01	   6.6097402700637509e-01	   6.7565391675261033e-01	   5.1647782650434870e-01	   4.8269282145528714e-01	   6.9123378704505678e-01	   7.2509034070302714e-01	   7.4636918795207496e-01	   8.4675414369103252e-01	   7.9608174956569167e-01	   6.4303715375712200e-01	   7.9904658493987779e-01	   6.9759940042562918e-01	   8.2129034266799350e-01	   7.0095970553070863e-01	   7.1514129428142725e-01	   6.7128847710617623e-01	   7.0400867858355765e-01	   5.3118987204479939e-01	   5.3367382555098009e-01	   8.0576499360494203e-01	   7.6198545411584095e-01	   8.4806714274847750e-01	   6.6643625163974618e-01	   7.3417051511162068e-01	   6.9622335314604400e-01	   1.3941993236882565e-02	  -1.9072500374578322e-02	   6.5984100946818214e-01	   5.3885145615885011e-01	   1.9435747332592151e-01	   3.6567075163092844e-01	   6.9483803288076484e-01	   6.5837283105268563e-01	   4.3258156885861643e-01	   3.8028963649177505e-01	   8.2661562565408420e-01	   6.4606475024034027e-01	
   2.8692998861265151e-01	   3.0399449558271996e-01	   3.3319011245771557e-01	   4.1283511105443421e-01	   6.6633002625401216e-01	   7.0918927757017791e-01	   5.0348084076923838e-01	   5.6425842761258960e-01	   0.0000000000000000e+00	   7.4559625404021568e-01	   4.3363099647460268e-01	   2.9436187372915912e-01	   5.3840467621709687e-01	   4.2492783488538149e-01	   1.8090057157711600e-01	   2.6691410860032899e-01	   9.7900747338347527e-02	  -2.4849338243433508e-02	   2.3445924096014656e-01	   2.8939772063457392e-01	   1.8599951375969881e-01	   1.4837566901634663e-01	   3.1114612501953043e-01	   2.4783350283488403e-01	  -5.7419171771888933e-02	  -5.3657343481083045e-02	  -1.0642135071155004e-01	   6.3777018690853143e-02	  -5.2859602910744402e-02	  -1.3990190250333967e-01	  -4.0604726937457924e-03	   4.0171718571535502e-02	   2.4620637949591181e-01	   3.2603336930396165e-01	   3.3237647053443797e-01	   1.0606778323302815e-01	  -7.5252051601985004e-03	   5.0911342176290827e-02	  -8.9366762737905170e-02	   2.6221297994545550e-01	   2.6196325350566946e-01	   2.3381761279242225e-01	   2.0742790113842124e-01	   3.0971039710155035e-01	   1.9335435086699287e-01	   2.2287465830269837e-01	   4.0880113871645507e-01	   3.9872362083626955e-01	   4.3769552331264816e-01	   2.0127991202529530e-01	   2.8420812043192434e-01	   3.2240292721677433e-01	   4.7545073313307740e-01	   1.8540499306243388e-01	   4.1088545650911890e-01	   1.7552258137495952e-01	   8.3650978350920585e-02	   1.8892371744373507e-01	   3.0668200119259004e-01	   3.2826365888960152e-01	   4.5055927815866664e-01	   4.8371213711737493e-01	   1.5015497716100235e-01	   4.1869317303436843e-01	   7.9936648414016542e-02	   3.2652777473478145e-01	   2.1084877031913030e-01	   2.6417869419540363e-01	   1.5483021526427149e-01	   2.8706664016330269e-01	   1.4373648029551914e-01	   7.1687528145852525e-02	   3.6851875384220567e-01	   4.1355362510462734e-01	   4.0698215914705388e-01	   2.3793954529828001e-01	   2.7398091990171214e-01	   2.3080088262205495e-01	  -2.7619880463434343e-01	  -3.0249758414356465e-01	   1.4315738859903707e-01	   3.7113659657305266e-02	  -2.1321506578689556e-01	  -1.2416736803012621e-01	   1.4396455625613708e-01	   1.4188460989770102e-01	  -5.1615786910918428e-02	  -3.8333676820997711e-02	   4.1860699501430632e-01	   2.9533879388493905e-01	
   5.6046757842570494e-01	   3.1708415699986392e-01	   6.2155893263653716e-01	   5.5736941434943277e-01	   6.6673406279389225e-01	   8.4380286384275283e-01	   6.8031217941544442e-01	   5.6247834027369192e-01	   7.4559625404021568e-01	   0.0000000000000000e+00	   5.6936636975542265e-01	   3.0240099791899300e-01	   6.4674681318634408e-01	   3.2530009436315310e-01	   3.3791366429343866e-01	   4.9904092975765990e-01	   3.4835988577882182e-01	   1.0647084394254559e-01	   4.8038004554387592e-01	   5.1483625435534752e-01	   3.9564489515667001e-01	   3.3177987279010906e-01	   5.5085483652262235e-01	   5.0602093395631653e-01	   1.7304033936389790e-01	   1.8254512018582744e-01	   1.5904051492967319e-01	   3.3221831141183295e-01	   2.1224767273747838e-01	   9.2448490725868110e-03	   2.0976434903459454e-01	   2.6697006941205353e-01	   4.5489729810080526e-01	   4.4957042258556812e-01	   4.6521977243195883e-01	   4.0890617589372846e-01	   1.3678266896411329e-01	   1.4047022628942146e-01	   1.2494315819683261e-02	   3.6594722438419858e-01	   5.2410122992051211e-01	   3.3003921439428319e-01	   4.1600019576970504e-01	   4.7409420660611967e-01	   4.2329986113662249e-01	   4.1771869301769526e-01	   6.2793790858963683e-01	   6.3159695239850278e-01	   5.3913472566204224e-01	   3.8201467988504773e-01	   4.6528385397753247e-01	   4.5956412736510333e-01	   5.4043100073688921e-01	   4.4974173367005588e-01	   4.7474657062503967e-01	   4.4821240125522799e-01	   3.4616275883011349e-01	   2.7604671172385931e-01	   4.2019632402802953e-01	   3.5058920959908141e-01	   5.2929016856761080e-01	   4.3590420881300285e-01	   2.5990488134646061e-01	   3.9863307009130022e-01	   2.8536828396084768e-01	   5.7546750378733125e-01	   4.1921569126244707e-01	   4.5604650240461553e-01	   3.7477091450860933e-01	   5.3220300242619067e-01	   2.6006509554518270e-01	   3.4095817191494587e-01	   5.2274780108411312e-01	   5.3028509785857414e-01	   5.3755557413390254e-01	   5.4890268362125938e-01	   4.6910846934102707e-01	   4.4775912251610395e-01	   1.0037133842536686e-01	  -9.6414169091221857e-02	   4.2257346917396987e-01	   3.4480007712953981e-01	   3.0925447817892575e-02	   2.2526822794670626e-01	   3.4695914374008263e-01	   3.8140156436470701e-01	   2.1165105373004955e-01	   3.5778768305429520e-01	   3.5687738428478044e-01	   5.8098426423563843e-01	
   7.5741005862561406e-01	   5.3977235084551389e-01	   7.8812230419061968e-01	   7.0774970630299316e-01	   4.7755520990268602e-01	   7.0183575791595454e-01	   8.8852328992835639e-01	   7.1561334768051310e-01	   4.3363099647460268e-01	   5.6936636975542265e-01	   0.0000000000000000e+00	   5.8661746856972874e-01	   8.9514383434341926e-01	   5.7827756698489585e-01	   5.9827016060997518e-01	   4.9069840864228892e-01	   6.8706256873151239e-01	   4.0086501576545652e-01	   7.3126603998958173e-01	   7.0990341900878562e-01	   4.7402336653470312e-01	   3.9669606203011798e-01	   7.1413582596317737e-01	   6.1923723544466269e-01	   3.3308747816725082e-01	   4.2799218617199825e-01	   1.6697467611797667e-01	   4.4022172450151698e-01	   2.5321112324744810e-01	   2.4789578574997761e-02	   3.1454188884619139e-01	   4.2399680343547796e-01	   7.4068736968258808e-01	   7.2194355223495232e-01	   5.9455084796011703e-01	   6.2668318784671107e-01	   3.8096104350052928e-01	   4.5607089889474656e-01	   4.2899914736069855e-01	   6.3600915728844021e-01	   7.0759938752812235e-01	   5.2033229948522652e-01	   6.7050656807837650e-01	   7.0159776640289007e-01	   6.4744228712925844e-01	   6.8969696303521855e-01	   6.7131082492867478e-01	   7.2789943173513638e-01	   7.7945202923197687e-01	   7.3051067233926537e-01	   7.3126745498949863e-01	   7.7637028713838441e-01	   7.2491557856754640e-01	   7.4085274066437767e-01	   4.8878683496439373e-01	   7.3383664337270049e-01	   6.1544368685979478e-01	   4.4224538960097320e-01	   5.7926534721819212e-01	   3.9752036178873362e-01	   7.0368243765579619e-01	   5.0918100345298389e-01	   6.7543948167913426e-01	   6.1575349940928525e-01	   5.6965828527312756e-01	   6.9569204291231646e-01	   6.2567865358850749e-01	   6.4320065176054686e-01	   5.5273735987345096e-01	   6.1631274874958308e-01	   3.5528945464056955e-01	   5.2668384501113619e-01	   6.4605404983898362e-01	   5.4205307386847068e-01	   6.7372115542055699e-01	   6.7707375671161751e-01	   6.9490816166437197e-01	   7.0570790873544076e-01	   6.0823751843897753e-02	  -2.4901916660920693e-02	   6.2651073416502490e-01	   6.4870729586248654e-01	   1.4091781184653596e-01	   2.9263888340346550e-01	   5.9069224119858443e-01	   7.4610810404662065e-01	   3.2289096134145068e-01	   4.4734953774615988e-01	   4.4514334151770762e-01	   8.1854878657788688e-01	
   5.6771119631523070e-01	   6.3346202045777256e-01	   4.5505438427051415e-01	   6.3515327971679203e-01	   3.5869057665941823e-01	   3.1958589696756967e-01	   4.6783394100267012e-01	   7.3400199807711763e-01	   2.9436187372915912e-01	   3.0240099791899300e-01	   5.8661746856972874e-01	   0.0000000000000000e+00	   5.1968160832123877e-01	   8.5413847496795592e-01	   5.8098316547362605e-01	   5.4556538028047030e-01	   4.8795834326188914e-01	   6.7168003324350878e-01	   6.1498216821111429e-01	   6.2969812125561830e-01	   2.4639677967892437e-01	   2.4276792890024823e-01	   3.9779098243044986e-01	   4.6003774924212404e-01	   5.1343664382803467e-02	   1.7247642483822939e-01	   2.0264596414153788e-01	   3.8863051246279012e-01	   1.2257114076809755e-01	   3.3483218181347058e-01	   2.7362921578303157e-01	   4.4145158329575929e-01	   4.9461619477066010e-01	   5.7559691836940130e-01	   5.0270947683351597e-01	   5.4019988904515870e-01	   7.6649283569415180e-02	   5.5211481643841787e-01	   1.2759945849708137e-01	   2.9717597943546781e-01	   4.0815824272417778e-01	   3.6579269550482163e-01	   4.9851318086897634e-01	   5.3840746667940398e-01	   4.6148817303346651e-01	   5.5488000364951795e-01	   5.2192671856954842e-01	   5.3962861247929794e-01	   6.6838648265542122e-01	   5.9776784605200384e-01	   5.6251553419955402e-01	   6.6290008101997699e-01	   6.9917260741590881e-01	   5.5288708459900016e-01	   5.1516029037578814e-01	   4.1167800435083612e-01	   3.7861521861336528e-01	   5.4549890757621122e-01	   5.9208606660528451e-01	   5.6931099076605329e-01	   6.8644401055909321e-01	   6.2018336261888396e-01	   6.1007425257638992e-01	   7.1878626313673721e-01	   5.9798822732368206e-01	   7.0321600036714349e-01	   5.8803191418314715e-01	   6.0868931183174313e-01	   5.3277668927715971e-01	   5.1430850467497602e-01	   3.3672675983694295e-01	   3.7742457508671107e-01	   6.1226220226995032e-01	   5.2775684335864170e-01	   6.6081836406761518e-01	   4.7819614613427880e-01	   4.2419691405124249e-01	   4.2073107013810024e-01	   9.7503991202297191e-02	   2.3192066983485737e-01	   5.4145967770602632e-01	   4.8022055134291658e-01	   3.0629114140020114e-01	   3.7011080526568635e-01	   5.4909682996097120e-01	   5.1457948196471337e-01	   4.2754284778244356e-01	   3.0396419755106163e-01	   6.3720343447172390e-01	   5.4017913917355331e-01	
   6.8901000135915069e-01	   4.2958298435701336e-01	   6.4667715260558079e-01	   5.5550850310338062e-01	   5.0266452780503001e-01	   7.0689311967237711e-01	   8.4087029321887063e-01	   6.6859984112065318e-01	   5.3840467621709687e-01	   6.4674681318634408e-01	   8.9514383434341926e-01	   5.1968160832123877e-01	   0.0000000000000000e+00	   5.1588204512249891e-01	   4.2308142431637052e-01	   4.3003001127727603e-01	   5.1129199794925484e-01	   2.8286341768218126e-01	   6.3236014417437303e-01	   6.0302025357941913e-01	   3.1959918583085362e-01	   2.3453998695366809e-01	   5.4185294639410553e-01	   4.2718672642215594e-01	   1.5258442524214649e-01	   2.2588516173862361e-01	  -6.1918137045648578e-03	   2.9297329072740824e-01	   2.1996136500369790e-01	  -8.3276476847803135e-02	   1.7046486018186471e-01	   2.7354829700284056e-01	   5.9311993934046559e-01	   5.8102441694467677e-01	   5.4127730056695433e-01	   4.6424754280079372e-01	   3.5751850604534052e-01	   2.9735622151809127e-01	   2.5986874976115293e-01	   5.6240795711015412e-01	   6.0829441476399781e-01	   4.4512710166988223e-01	   4.3883735649209255e-01	   5.1464695410043604e-01	   4.2270647912823411e-01	   4.6088934697724127e-01	   5.3218163962322362e-01	   5.9726331588747950e-01	   7.4835248932330201e-01	   5.2586307501140150e-01	   5.3398843285294206e-01	   6.4236668103796557e-01	   6.1535623183835664e-01	   5.7098855773219670e-01	   3.3349177584989076e-01	   5.9509363461410303e-01	   5.4010676336447361e-01	   3.3938409575512135e-01	   5.0880265830884064e-01	   3.3027215022418888e-01	   7.0601903200872174e-01	   6.0915024986659216e-01	   5.1681963505283379e-01	   6.1531862995901387e-01	   3.9228609566179529e-01	   6.5741864095511082e-01	   4.2807128189556609e-01	   4.6422886595988877e-01	   3.9119696389014758e-01	   5.0485157218430099e-01	   3.3620948671883266e-01	   4.3380752239337195e-01	   6.2154957426223034e-01	   5.4481622545976549e-01	   5.6668664056351425e-01	   5.7976495949655527e-01	   5.9689527996845870e-01	   5.7578881474208177e-01	  -5.8710298498454508e-02	  -1.8806408115004281e-01	   4.1798362075799100e-01	   4.6484027900761660e-01	  -7.7540252815558444e-02	   9.0372644754068671e-02	   3.4651819512998305e-01	   5.6864778118373460e-01	   1.0426777693998521e-01	   2.6411012324266658e-01	   3.1865829879123730e-01	   7.3022159977450640e-01	
   4.9801933686308203e-01	   6.7590951831676005e-01	   4.0222046748110252e-01	   6.8040755549580656e-01	   4.3947989890668915e-01	   4.7165424403715339e-01	   4.3416084073993444e-01	   8.3494438360883827e-01	   4.2492783488538149e-01	   3.2530009436315310e-01	   5.7827756698489585e-01	   8.5413847496795592e-01	   5.1588204512249891e-01	   0.0000000000000000e+00	   5.8799444819865032e-01	   5.5772558508421832e-01	   4.5148031990189158e-01	   5.2703710166472650e-01	   5.8023746361044448e-01	   6.2202576011814714e-01	   2.4770068555050884e-01	   2.5998560400783111e-01	   3.9191749048679209e-01	   4.8412636750639582e-01	   3.0809452801899430e-02	   1.8754732397876805e-01	   9.7513001202059080e-02	   3.4176217835572587e-01	  -2.8002396158404746e-02	   2.6789489407234640e-01	   2.8273838408333335e-01	   4.5823735976180946e-01	   5.1442372030034156e-01	   6.2745411560385689e-01	   4.4565766869782242e-01	   4.9377764059367402e-01	  -5.2763339546754995e-02	   6.2680388287984257e-01	   1.6900361169756856e-01	   3.7770051704213337e-01	   4.1001472629252156e-01	   4.7683800190930670e-01	   5.1547307508601836e-01	   5.4370287554128360e-01	   4.8243725567242290e-01	   5.4053484870177904e-01	   5.1273508544369584e-01	   5.0663431388882274e-01	   6.6432567076655991e-01	   5.7928112508597074e-01	   6.1320619057371095e-01	   6.4057755566910990e-01	   7.2445732328864754e-01	   4.9349661185899424e-01	   5.9274233122185038e-01	   2.9770050555398020e-01	   2.7631797137935243e-01	   5.8233902257242387e-01	   5.5877789020562740e-01	   6.3345564714016334e-01	   6.4893249993847069e-01	   6.3177550011621009e-01	   5.6129850937208814e-01	   7.0255247049705127e-01	   5.6178307931529392e-01	   6.3878573899482716e-01	   5.6781507150508481e-01	   5.9485929025139361e-01	   5.0968853095545730e-01	   5.1228733699258622e-01	   3.9719372026901900e-01	   2.9665286116558182e-01	   6.1603348963619919e-01	   5.4268020216045765e-01	   6.8894471896246934e-01	   3.9628861687662009e-01	   4.7072511348316848e-01	   4.4415076573014145e-01	   5.1341343619620266e-03	   1.4012637463737299e-01	   5.3863484723465482e-01	   4.0830643641107034e-01	   2.3090115440226050e-01	   3.1330295376083295e-01	   5.8073302284520789e-01	   5.3843874091184940e-01	   4.0846714022760344e-01	   2.6399546464833107e-01	   7.8329560196234471e-01	   4.2605586442227183e-01	
   7.4152280095778578e-01	   7.8626491839352686e-01	   6.6245156292887364e-01	   8.1409104181551684e-01	   4.7305161001717189e-01	   3.5856519725868491e-01	   5.0711449694324084e-01	   6.8939747543375762e-01	   1.8090057157711600e-01	   3.3791366429343866e-01	   5.9827016060997518e-01	   5.8098316547362605e-01	   4.2308142431637052e-01	   5.8799444819865032e-01	   0.0000000000000000e+00	   8.1178589548450486e-01	   6.5356313682672273e-01	   4.7683047451918759e-01	   7.6473377323061853e-01	   7.8548264999649597e-01	   7.3299046188248773e-01	   6.2015997359116071e-01	   6.9348400096501417e-01	   7.7572537401629438e-01	   4.8018779293444219e-01	   6.1921014723609558e-01	   6.5549716103004962e-01	   7.8231876975833581e-01	   3.4368558826785234e-01	   3.7664485212714049e-01	   7.3033890010520863e-01	   7.6599010466680628e-01	   7.9059347739798036e-01	   8.0231537164500599e-01	   7.4931954771855325e-01	   8.1084277793894488e-01	   3.5232252793470276e-01	   7.5456035229824892e-01	   4.4812515656130331e-01	   4.4961911627552509e-01	   6.2670706921960162e-01	   4.7890423413400812e-01	   7.9157502299669202e-01	   7.3460641874526034e-01	   7.5306042486448077e-01	   7.5167367393183315e-01	   7.2733171329325774e-01	   7.4893323633605124e-01	   6.3853603957777028e-01	   7.6334959988103213e-01	   7.9337269522030618e-01	   6.7995601403334427e-01	   7.3677344454340987e-01	   7.3764265834974818e-01	   5.8412503181897235e-01	   5.7546304912432433e-01	   6.6846839762938515e-01	   7.4049178628836476e-01	   7.7138236914367175e-01	   6.8759443233759210e-01	   7.1692419040309507e-01	   5.1591812522962932e-01	   7.3483559863789316e-01	   6.3725938047728181e-01	   8.3152568236276403e-01	   7.6625852162375319e-01	   8.2933777789106888e-01	   7.6855797700898465e-01	   8.0850831802998613e-01	   7.3891617081588612e-01	   6.4436399541415290e-01	   7.4839872080812164e-01	   6.8294553554590465e-01	   6.3177754021124777e-01	   7.7032325259234846e-01	   7.5579503416815497e-01	   7.4172316225652724e-01	   7.6718196614630585e-01	   2.2759899923666244e-01	   3.1344156526449124e-01	   7.9729262977179860e-01	   6.8217269214389131e-01	   5.2724448891372067e-01	   5.8578243741241032e-01	   8.3637021406675305e-01	   7.7252062573104507e-01	   5.5776180794765140e-01	   5.9977743418341511e-01	   6.6785068721518637e-01	   6.8815915867551358e-01	
   8.0567795868720560e-01	   8.1136458095275299e-01	   6.5272444943892971e-01	   8.3309971804872185e-01	   6.3510813526703358e-01	   4.2290849996441204e-01	   4.5638697577036352e-01	   7.1732455540246443e-01	   2.6691410860032899e-01	   4.9904092975765990e-01	   4.9069840864228892e-01	   5.4556538028047030e-01	   4.3003001127727603e-01	   5.5772558508421832e-01	   8.1178589548450486e-01	   0.0000000000000000e+00	   7.0105511467102566e-01	   5.3370384512060998e-01	   8.3142504193677746e-01	   8.6086558943377212e-01	   7.1489664630000438e-01	   6.4530087743590936e-01	   6.7225226602116117e-01	   7.9131863711858674e-01	   4.6013632012919531e-01	   5.4608633537307294e-01	   6.9597807967602376e-01	   8.0926207551710205e-01	   4.8544959619008149e-01	   5.4452878106663183e-01	   8.3739353359452706e-01	   8.5786232055964051e-01	   8.0387716397085174e-01	   8.0688722383100375e-01	   7.3642579955018572e-01	   7.8924692277386632e-01	   2.7780826269462083e-01	   6.8886185432738167e-01	   4.4870218071490997e-01	   5.0774389999953717e-01	   7.1235769919467407e-01	   5.4988951412189968e-01	   7.3657850543883385e-01	   7.1428575026716290e-01	   7.3433746200853145e-01	   7.2655206197883071e-01	   7.7056682404192500e-01	   7.8039543953379442e-01	   6.9362872970678857e-01	   7.0664782048935226e-01	   7.2952264456742122e-01	   6.2430859564488950e-01	   7.0462219565102502e-01	   7.0958662504631675e-01	   5.6111665213391926e-01	   5.0374441691929750e-01	   7.0956476775590083e-01	   8.1159361315447076e-01	   8.1435543948456190e-01	   7.7289229964732975e-01	   7.8008129015848637e-01	   6.3064048970777542e-01	   6.5859159584660476e-01	   6.5901922073180030e-01	   7.9058307192691946e-01	   8.6858474917464468e-01	   8.2048665407239407e-01	   7.5988873713548954e-01	   8.6833276535817672e-01	   8.2147776892308100e-01	   6.6663674413134966e-01	   7.3812089430664418e-01	   7.2023317429455624e-01	   7.8206226402865076e-01	   7.9595805190824753e-01	   8.0922728275955980e-01	   7.6743171152554757e-01	   7.5662113903038897e-01	   4.1300926678600214e-01	   3.5618528029491892e-01	   8.2863030922348879e-01	   7.1083883061222020e-01	   5.5264709613424834e-01	   6.8134473754420977e-01	   7.9616783620583909e-01	   7.1952944383257378e-01	   6.7591581379554300e-01	   6.3661958250515183e-01	   6.7569114546460862e-01	   6.4596833027802791e-01	
   8.3324976107129534e-01	   7.0961004256808136e-01	   6.6429802090943380e-01	   7.1728288098218451e-01	   4.2654678612884556e-01	   3.9828735705692420e-01	   5.3288717302659383e-01	   5.6377015933906260e-01	   9.7900747338347527e-02	   3.4835988577882182e-01	   6.8706256873151239e-01	   4.8795834326188914e-01	   5.1129199794925484e-01	   4.5148031990189158e-01	   6.5356313682672273e-01	   7.0105511467102566e-01	   0.0000000000000000e+00	   6.7113534164830058e-01	   8.4336699351054489e-01	   8.6644705932818400e-01	   6.8277744809563234e-01	   7.0794148606915652e-01	   6.6715968874971121e-01	   7.0730577109313009e-01	   4.5708806210568476e-01	   4.8618786431516886e-01	   4.9507398438748329e-01	   6.3237076344431387e-01	   5.1679551293812021e-01	   4.2968188710739075e-01	   6.6316129852333283e-01	   7.3253523937797771e-01	   8.6350843548704204e-01	   8.3047414608772363e-01	   5.7245467078280099e-01	   7.5558965840617809e-01	   4.2771395216374286e-01	   6.2814657861959400e-01	   7.1414112078937886e-01	   6.8692155112759490e-01	   8.1877818075588460e-01	   6.9171894318413796e-01	   7.5501044177622190e-01	   7.2917650475648643e-01	   7.5202163809214451e-01	   7.6486092145297235e-01	   7.1354183338612387e-01	   7.5800749229566700e-01	   6.6024565184766482e-01	   7.6110936658804651e-01	   7.6739913696881712e-01	   7.1393686283853597e-01	   6.3488862181645689e-01	   8.1056743416903965e-01	   4.1889341919973000e-01	   6.4151949069450676e-01	   8.3309131306782036e-01	   7.4486477776034354e-01	   6.9145466063596439e-01	   5.4788583879714081e-01	   6.6325177483923548e-01	   3.9931340798180126e-01	   7.2619447101710832e-01	   5.3923075078695315e-01	   7.1929529630395761e-01	   7.2704262814137333e-01	   7.8511429775338271e-01	   7.2527567721471375e-01	   8.3751649642330661e-01	   7.7835151771923150e-01	   5.5557434455616139e-01	   7.0382029182737460e-01	   6.7685336487121195e-01	   6.6947822539725621e-01	   7.0154536509515131e-01	   8.0355848791531725e-01	   7.8701011079808925e-01	   7.9543707105971684e-01	   4.7878903779441190e-01	   3.3658779758924440e-01	   8.7218290406220500e-01	   8.7227392467642006e-01	   3.9410273934213491e-01	   6.1748319594481527e-01	   7.6668307718424156e-01	   8.2014465720717133e-01	   6.4915507565564756e-01	   6.2373944834365402e-01	   4.8206740788764735e-01	   6.6509903743473142e-01	
