   0.0000000000000000e+00	   8.3814953187028359e-03	   3.4534993702194394e-01	   2.2409183382703390e-01	   1.4726533058693467e-01	   6.2176342338188431e-02	   3.8041186935255100e-01	   1.8294503107345864e-01	   2.4533394470882539e-01	   1.4977463626904408e-01	   7.5746684098278294e-01	   3.2633939486969754e-01	   7.1508500377946438e-01	   2.9746881571138128e-01	   1.2508822781562554e-01	   3.8098542094620789e-02	   2.8825658183439257e-01	  -2.1286898498140427e-01	   2.1905585242867492e-01	   2.5647356062683476e-02	   4.2607788547478612e-02	  -1.8779815747904099e-01	   1.4922876267774215e-01	   1.1230620738397867e-01	   1.8678953385123465e-01	   2.4575058666705861e-02	  -1.1302315757904594e-02	  -9.3150941521322472e-02	   4.9509285577358932e-02	  -1.5196621946047253e-01	  -2.0369430528486134e-02	   5.9560993130899617e-02	   2.2282847358959598e-01	   1.7237048873850891e-01	   1.4373276997741247e-01	   9.8477893669932995e-03	   3.3529259182390872e-02	  -5.7135987825492639e-02	  -6.4743762628056423e-02	  -1.1256170444603855e-01	  -1.5376511035720634e-02	  -9.7917570834811535e-02	   1.3892651712788778e-01	   7.2019892866004233e-04	   3.8176511374355876e-02	   9.5902314711152292e-02	   8.3458147891251708e-02	   1.7240500204981468e-02	   1.4989234478452657e-01	   1.5069380880282518e-01	   4.2131757991618318e-01	   5.7238627144227713e-02	  -4.6898728913279071e-02	  -5.4323171951691118e-02	  -1.2637708379851670e-01	   4.6823823138763203e-02	   5.5193969961423028e-01	   2.6894930907401034e-02	   3.5176691514514358e-01	   4.4940745774944647e-02	   5.1292919701667861e-01	   1.0954368675396613e-01	   1.8598364276430845e-01	   7.2426389187556228e-02	   1.4962778891835893e-01	   1.2784399071289659e-01	   3.4108175154148912e-01	   2.6821382438899588e-01	   3.3727031851381695e-01	   3.8452107866432783e-01	   3.0839589938110523e-01	   4.5879886881038494e-02	   2.1926961501784581e-01	  -9.9117428908067559e-02	   2.3513815680327618e-01	   1.5221725823484158e-01	   2.5286726129991777e-01	   1.1505762503329636e-01	   5.8481898320650851e-02	  -1.4700372963246566e-01	   1.4976396745862052e-02	  -3.5520437091736530e-02	  -1.3069641236807450e-01	  -1.1780177254177047e-01	   7.8242149457691895e-02	   5.6189010702006797e-02	  -2.5419408845021613e-02	   1.2380730722589253e-01	  -9.4420261516974940e-03	   2.4143392985452516e-01	
   8.3814953187028359e-03	   0.0000000000000000e+00	  -2.2234311487639941e-01	   3.4747597235471794e-01	  -7.5382130827220159e-02	   2.9696596535647013e-01	  -2.8186087335911286e-01	   3.5953873679824166e-01	  -2.4819996115558171e-02	   3.0445565482060122e-01	   2.4289079192790761e-02	   3.5774794664813364e-01	  -8.8321791498197161e-02	   2.3526407971496149e-01	   9.5298289984244944e-02	   3.3206146653575108e-01	   1.8401727416966246e-01	   6.5574535081567187e-01	   2.3834488465221182e-01	   6.0327360354198722e-01	   9.0721515107707346e-02	   3.1974552631210673e-01	  -3.2038733941647518e-01	  -1.3363988311078828e-01	  -8.8951762981440169e-02	  -1.7605782594857458e-01	   3.1771786145027048e-01	   1.6850947412437584e-01	  -9.6326236675159035e-02	   2.5176410292438695e-01	  -1.2182027031231296e-01	  -1.3792359701627163e-01	  -9.3718292701912023e-02	   2.4758546042737212e-01	  -1.9876572809664073e-01	  -3.1113189950610659e-01	  -2.9817536804946931e-01	  -6.1072649330718883e-02	  -1.2373264725996888e-01	   1.0013761685607087e-01	  -2.9171842871571446e-01	   6.5934152042785091e-02	  -6.1716192650748583e-02	  -6.1689912978223202e-03	  -2.6103417791391706e-02	   3.4481721887835071e-01	  -7.4010268304140411e-02	  -3.7872770644333378e-02	   4.2551970709630116e-01	   5.3257909903437151e-01	   1.2967375980208504e-01	   2.7403774674502651e-01	   2.2983566687011858e-01	  -1.2196444428570152e-01	   2.5749204430536310e-01	  -1.7296751599543175e-01	  -1.0508142295308889e-01	   7.8368105890179163e-01	   3.8456652025454685e-01	   6.3641389408701066e-01	   3.6659493065933135e-01	   5.3309902619537231e-01	   1.9978565699977333e-01	   4.6318483449328141e-01	   1.6218425512234785e-01	   3.4564985152795663e-01	   4.0976343970468246e-02	   4.9952359036109693e-02	   1.6089516475511290e-01	   3.1561974101078985e-02	   1.5858687930504950e-01	   1.9442837080485071e-02	   3.6596361528591881e-01	   2.8613933711714562e-01	   4.5084865140838631e-01	   1.4190166424006465e-01	   6.4232544749466026e-03	  -6.1486684729263816e-02	   1.5060921389688359e-01	  -8.3451531236500384e-02	   1.3214526770626953e-01	   1.6345283955151196e-01	  -1.3077687083624230e-02	   1.7870196946683964e-01	  -5.2608069270652910e-02	  -2.1266420535168570e-01	  -1.7174148846529338e-01	  -6.4716086822513036e-02	   4.7871969985376484e-01	  -7.7677613565750675e-02	
   3.4534993702194394e-01	  -2.2234311487639941e-01	   0.0000000000000000e+00	   5.3778231179259617e-01	   4.8692045875779855e-01	   2.2169547785811910e-02	   7.9561971359912453e-01	   3.0861748270350053e-01	   6.0242355361624689e-01	   1.3959829715868755e-01	   1.8199631583089126e-01	  -2.5235606783389658e-01	   4.4959829814650265e-01	  -9.1931871033337512e-02	   1.9413822085323040e-01	  -3.2253170999611847e-01	   9.9015739808608810e-02	  -1.9463906345208370e-01	   5.0709433101104207e-01	   1.2102420407622594e-01	   6.9312854457075912e-02	  -2.2506116960303801e-01	   7.7830073800068489e-01	   5.8202005511979116e-01	   6.1765191845845246e-01	   5.4001082863606920e-01	  -3.5751662156895722e-02	   5.5570351514730332e-02	   1.5670001556212085e-01	  -1.8847291864194599e-01	   1.0850951574586845e-01	   3.3650186380480668e-01	   4.9745594145237165e-01	   3.2673962951478530e-01	   5.2767026797703553e-01	   4.3695870654444779e-01	   5.5614698078204317e-01	   3.9248150891634404e-01	   4.2306895193765265e-01	   3.1405929083328105e-01	   4.1444810429462786e-01	  -4.4204606878839661e-02	   3.8291230339195359e-01	   2.7808571323989062e-01	   2.9569878795855625e-01	   4.2167183538313696e-02	   4.4900718413816965e-01	   4.4101994510939868e-01	  -1.1736122531865424e-01	  -2.9122824260339997e-01	   1.5476923778842533e-01	  -7.4506161079257380e-02	   4.3251309613976024e-02	   1.1491073111114491e-01	   8.2318290982860323e-02	   3.5361991793263836e-01	   5.3122726670784448e-01	  -2.6038753210566401e-01	  -2.8835150468383253e-01	  -4.8682504387436448e-01	  -9.4650458610830001e-03	  -3.8655141383976610e-01	  -1.5818521886670347e-02	  -4.1453307527232536e-01	   3.5178912171306631e-01	   3.3970628772287431e-02	   5.1595119495669328e-01	   4.6282681537107279e-01	   3.7351158760066716e-01	   4.0863591672052879e-01	   1.2645906793804759e-01	   1.0425254251362789e-01	   1.6807595739614334e-01	  -1.0092560350425711e-01	  -5.8958498036066717e-02	   2.7674152137952098e-02	   6.0710141345686108e-01	   4.0849687665737855e-01	  -1.4859096899478932e-01	  -2.0351869501851280e-01	  -4.5834269999873986e-02	  -1.1658541817983176e-01	   2.1169495419861606e-01	   5.4452704343389141e-03	   3.5529482683160374e-01	   3.1190908382847071e-01	   3.3626490678478727e-01	   4.2054254162900501e-01	   1.4286365163199816e-01	   2.9397366780748335e-01	
   2.2409183382703390e-01	   3.4747597235471794e-01	   5.3778231179259617e-01	   0.0000000000000000e+00	   1.3877195131767406e-01	   3.2893031228305036e-01	   3.9556000703476213e-01	   6.3902738767949585e-01	   3.0070280758948331e-01	   4.8549962895513854e-01	   1.8631212535350408e-01	   1.9585442258451563e-01	   2.6300790901236343e-01	   2.7187716541665485e-01	   1.6092214944691124e-01	   5.1504126961374526e-02	  -1.4850275436644180e-02	   1.6458983360435214e-01	   4.3203144312672970e-01	   4.1969737964550624e-01	   1.3690262780623963e-01	   9.0007666815664467e-02	   3.6132269260444944e-01	   4.3034575269759240e-01	   4.8636643198148422e-01	   4.4016353679761799e-01	   3.6999171907719614e-01	   3.0884622009973550e-01	  -5.9532746427255381e-02	  -2.6966706607058138e-03	   1.1213799449806505e-01	   2.5601301611511801e-01	   3.2882569777842141e-01	   5.2335902716716964e-01	   3.5237029114551277e-01	   2.5707986701153646e-01	   2.1949119709686243e-01	   2.0447007168954245e-01	   3.1111022276201600e-01	   3.5702921975727353e-01	   5.2292716941750736e-02	   1.1773335325516411e-01	   3.0919196118882858e-01	   2.5749178889928764e-01	   2.4987467681081266e-01	   3.2235075893091281e-01	   2.7720795605524490e-01	   2.4268568790796491e-01	   1.2030967725950553e-01	   1.5820400173449789e-01	   3.4063898507580936e-01	   1.5837768759662979e-01	   1.5869007390095941e-01	  -2.4074188397562195e-02	   2.6185152427762431e-01	   2.4883266753154668e-02	   2.4282148050510621e-01	   2.4201219607733931e-01	   7.3060374095239258e-02	   1.1482930048142229e-01	   2.2303118493426996e-01	   1.2917091252449880e-01	   2.7417538062327350e-02	  -1.2634634982733196e-02	   3.0580888444964682e-01	   3.8470561831779027e-01	   6.1372144370844972e-01	   6.5127980267986108e-01	   3.7956390603264889e-01	   2.8036423866693072e-01	   2.9132985968800557e-01	   7.2302706027322612e-03	   3.5861304089870150e-01	   1.1637854995874033e-01	   3.4645537884736044e-01	   2.0342264332538104e-01	   4.7857834004583522e-01	   2.8338607417099537e-01	  -3.1894211933253552e-01	  -3.6238961991784407e-01	  -1.3714455024955302e-01	  -1.0648897157760859e-01	   1.0663491613646633e-01	   2.6069349553557900e-02	   2.2276379495043724e-01	   1.5028388397901787e-01	   2.2451058288133008e-01	   3.3251312007793415e-01	   4.0663272225046421e-01	   2.4019626300517233e-01	
   1.4726533058693467e-01	  -7.5382130827220159e-02	   4.8692045875779855e-01	   1.3877195131767406e-01	   0.0000000000000000e+00	   5.3360776375881380e-02	   5.0970206731973589e-01	   3.1522063042925152e-01	   8.2796332791630101e-01	   2.7701343347649998e-01	   2.2342992736429040e-01	   5.8485765262036915e-02	   5.6331657194212847e-01	   1.6850605432118609e-01	   4.5127564741475718e-01	   1.2152546175324076e-01	   2.1458704952886867e-01	  -6.5804929295098694e-02	   3.0566927438023078e-01	  -6.7087776553710177e-02	   3.0105437058904488e-01	  -5.9871420172533080e-02	   5.0419406223257224e-01	   3.5317276149404642e-01	   6.1439942541677273e-01	   5.3410820529025704e-01	   5.2783305876282494e-02	   7.2172375723809787e-02	   3.4129778628944774e-01	   7.9378608919432048e-02	   1.8995836683994194e-01	   2.4512436351870090e-01	   3.3154410641140425e-01	   1.8424601911429228e-01	   2.8325547544111473e-01	   3.4778580635054435e-01	   2.0414185060714640e-01	   1.7095682815393076e-01	  -3.2038596049668695e-02	   9.5374167683003955e-03	   2.7624299720876266e-01	  -2.0750412822486280e-01	   3.7044994869989178e-01	   4.0299554105057689e-01	   4.4411837788277431e-01	   3.6683912519113959e-01	   2.1058379288429413e-01	   2.6980307315851626e-01	   2.4203885239049136e-01	   1.1270972562502714e-01	   3.2114552774642346e-01	   2.6323160519512218e-01	   1.6267881657377969e-01	   1.5940637967882326e-01	   9.3408408423590078e-02	   1.7648500457211083e-01	   1.3897384733572424e-01	  -4.6502928655645925e-02	  -4.8773853547289116e-02	  -1.6144317082215379e-01	   2.5103799681031491e-01	  -3.9313658215490543e-02	   1.9013409673793616e-01	  -4.4084641812645042e-02	   5.2675289205794040e-01	   2.4280644660275891e-01	   3.9741534436906295e-01	   3.9240338352091952e-01	   1.8295919446369607e-01	   4.5471408330312624e-01	   1.4753562724231606e-01	   4.4537484639282365e-01	   1.1021228709125749e-01	  -2.7221221164658460e-01	  -1.3389302139209679e-02	   4.1266781610010676e-02	   1.7256201469623955e-01	   2.7852045095299616e-01	   2.6110954268540154e-01	   2.8615433974914983e-01	   2.8492654150219254e-01	   3.8624543847355519e-01	   3.1812493619041343e-01	   2.8812339505026369e-01	   4.8291126875528378e-01	   4.6009588207251423e-01	   2.2389218310866914e-02	   1.9363406670227720e-01	   4.8762625402479699e-02	   1.1859709550516521e-01	
   6.2176342338188431e-02	   2.9696596535647013e-01	   2.2169547785811910e-02	   3.2893031228305036e-01	   5.3360776375881380e-02	   0.0000000000000000e+00	  -1.7990734731416327e-01	  -1.3118613030040502e-01	  -1.3288267775988280e-01	   1.3295598525739880e-01	   1.1437318532060863e-01	   1.0591618395917700e-01	  -1.0385758638913459e-02	   3.9100815300575853e-02	   4.2895969947979215e-02	   1.5156585491591212e-01	  -9.7873986597612372e-02	   6.2191462617817023e-02	   1.1934318904835858e-01	   1.9176753631372534e-01	   4.1624295815610091e-01	   1.8958984848139754e-01	  -5.7004645450639220e-02	  -1.1076813189144032e-02	   3.5969110329698389e-01	   2.1747956360525422e-01	   7.9635039283160869e-01	   8.2118868326401961e-01	  -4.4927843709928132e-02	   2.1577243333211739e-02	   2.9452744489796112e-01	   4.7453890928989009e-02	   1.1082809300387192e-01	   2.0823071946391097e-01	   1.0956390470098905e-01	   1.7862751490134283e-02	   6.0245769078875480e-02	  -1.2435754850835889e-01	   2.7857354641862850e-03	   9.5117563634769517e-02	   4.2668789309505281e-02	  -1.3643448332416264e-01	   1.1130348429994630e-01	   2.4053431914752005e-01	   2.3296667599085991e-01	   3.0987438629665648e-01	  -4.1866594343105162e-02	  -1.3464002918610841e-02	   1.3863805903069773e-01	   2.9374044665368770e-01	   2.4616285027779194e-01	   3.6876557022468204e-01	   2.0112333183703784e-01	  -1.6816710240044452e-01	   3.3344113516828738e-01	  -3.2579766052055259e-02	  -4.7698948206100662e-02	   2.3740527327720334e-01	   1.2025369090617236e-01	   2.3474168117225941e-01	   4.3073257326881310e-02	   7.2597653027733786e-02	  -2.1778993469885388e-01	  -7.2108622060014879e-02	   1.6696230570295650e-01	   2.5047249176837955e-01	   3.9302815798817825e-01	   4.2966879693111026e-01	  -1.8142676191610817e-02	  -7.0295835051475825e-02	  -5.1818992499352200e-02	   1.4987619750771713e-01	   2.0883640871909306e-01	   1.2364153656904046e-01	   2.4917311579557894e-01	   1.2435299946218241e-01	  -6.6271681026853074e-02	  -9.2513361323835995e-03	   5.0291621811390852e-02	  -3.6145631649965669e-02	  -9.3535059157671407e-02	   2.1017450271183083e-02	  -1.8119402786305089e-01	  -7.4580547569809891e-02	  -9.2060083998425496e-02	  -3.2719647968592738e-02	  -6.9900821306121366e-02	   1.4423613971619872e-01	  -4.1687892058145319e-02	  -1.6577885185455907e-01	
   3.8041186935255100e-01	  -2.8186087335911286e-01	   7.9561971359912453e-01	   3.9556000703476213e-01	   5.0970206731973589e-01	  -1.7990734731416327e-01	   0.0000000000000000e+00	   4.4246549299694338e-01	   5.9199811183392836e-01	   2.1020244786129147e-01	   1.5998208438895326e-01	  -2.1944970024765670e-01	   4.8448890195862221e-01	  -6.7699073382632494e-02	   2.8211913187473997e-01	  -9.6507248273714305e-02	   2.8409993513927856e-01	  -1.5134160296841345e-01	   5.6626056431280747e-01	   1.5294312522370221e-01	   1.0598429162789032e-02	  -3.2189547041174060e-01	   7.4074216657449976e-01	   5.4610672176120967e-01	   4.7140087023472627e-01	   3.9089879135696809e-01	  -1.5180099973320693e-01	  -1.7205831205894767e-01	   3.8271309135895704e-01	   5.4112249610829069e-02	   3.1921237161297045e-01	   4.1227462059100184e-01	   5.9006910814367819e-01	   3.9118208436594426e-01	   2.9434067012014864e-01	   3.5586253802848555e-01	   4.3488400055732096e-01	   2.8044766266647170e-01	   2.1364915939680701e-01	   1.2804974942567529e-01	   3.9622774348092321e-01	  -7.6606714308781854e-02	   3.3474267816436520e-01	   1.9785918897196031e-01	   2.8348879129070464e-01	   3.8637725137252762e-02	   4.0204178999333795e-01	   4.1684131714356421e-01	  -5.4326384283485241e-02	  -2.9148415671553646e-01	   8.4221128040255680e-02	  -1.6638869738351053e-01	  -1.0338055716522418e-01	   1.6601818572654764e-01	  -7.1214039533298398e-02	   3.5591121038532286e-01	   5.6502777982023344e-01	  -2.7200223887211905e-01	  -2.3721146791099446e-01	  -4.8655903425946151e-01	  -2.7323695410455952e-03	  -3.0808841848088009e-01	   2.6257435827480846e-01	  -1.8229698884194673e-01	   2.4724283871816427e-01	  -6.3281230029013369e-02	   3.6874091267270859e-01	   3.8615751630193373e-01	   3.9168339440470989e-01	   4.6405435141972740e-01	   1.5010434368148634e-01	   1.0284675335119882e-01	   7.0986385570292798e-02	  -1.0319164500078164e-01	  -8.9131746142847135e-02	   9.5403923965753271e-02	   4.8610506052987124e-01	   4.3028406033512634e-01	  -1.0060813879106943e-03	  -1.5250455053351175e-02	   1.9014530163951365e-01	   1.4511120990008167e-01	   3.2847722751433850e-01	   2.2026836049033263e-01	   4.5243452569889553e-01	   4.8231750434915632e-01	   2.7069554884560021e-01	   3.8044030093072689e-01	  -5.9749252055383270e-02	   3.5985764612098570e-01	
   1.8294503107345864e-01	   3.5953873679824166e-01	   3.0861748270350053e-01	   6.3902738767949585e-01	   3.1522063042925152e-01	  -1.3118613030040502e-01	   4.4246549299694338e-01	   0.0000000000000000e+00	   5.0046666134738471e-01	   6.8492002693154030e-01	   2.2375151063774890e-01	   4.3935909398351630e-01	   3.7269752915299537e-01	   5.6096404400485234e-01	   3.2111771800479072e-01	   4.0134017038171366e-01	   9.6829061757812890e-02	   3.3608306204356997e-01	   3.7995810640099303e-01	   4.5078053666791823e-01	   6.7756619944246602e-02	   9.1590031446420250e-02	   2.6829254368909716e-01	   3.3931538641725900e-01	   2.4028391341598776e-01	   2.8364933793018465e-01	   3.2516625709319263e-02	  -1.3322572819966594e-01	   1.4980411687102546e-01	   3.0556165298745885e-01	  -2.2154626488192480e-02	   2.0450984885666382e-01	   1.9648705271580172e-01	   4.1651826085395632e-01	  -6.6355894056076906e-02	  -3.8140282404051998e-02	  -6.3974094977798171e-03	   1.2922236170959825e-01	   5.1717193616570199e-02	   1.6012068270278876e-01	  -9.3731647363460263e-02	   1.6218625747712118e-01	   2.7046024984516326e-01	   2.0965518377297382e-01	   1.3626417150441630e-01	   3.1048218100749925e-01	   2.7047729435497792e-01	   2.3740767522676837e-01	   2.4963744904913543e-01	   2.4104911308482918e-01	   2.4480751736103823e-01	   1.2488501235682821e-01	   1.6697881206431478e-01	   9.9386192282417806e-03	   1.5002490576268562e-01	   6.0203290250519147e-02	   1.3182462659826910e-01	   2.5145771375625314e-01	   7.7764232684642234e-02	   1.7084358758105139e-01	   3.8083327322035598e-01	   3.2542285279376149e-01	   3.9881984813111787e-01	   3.3286272554094792e-01	   2.0552249548969798e-01	   3.0099564943343887e-01	   2.3510773811802979e-01	   4.0796616231199351e-01	   3.0050973548968907e-01	   4.8239944486063951e-01	   3.1780930360066512e-01	   1.7509578617842939e-01	   2.9447932490898460e-01	   1.4761616535510680e-01	   2.1175370818627448e-01	   2.9308514200793223e-01	   3.2473751839309045e-01	   3.3501325843316232e-01	  -9.2148697512717120e-02	  -1.4218462037422747e-01	   1.4228977678688098e-01	   1.8259787836104113e-01	   2.8493031080405218e-01	   2.7259672652240163e-01	   2.8383484812363463e-01	   2.3453371832575831e-01	   3.7825459161648811e-02	   1.6356214665082047e-01	   3.8441040110753122e-01	   3.6449321280270475e-01	
   2.4533394470882539e-01	  -2.4819996115558171e-02	   6.0242355361624689e-01	   3.0070280758948331e-01	   8.2796332791630101e-01	  -1.3288267775988280e-01	   5.9199811183392836e-01	   5.0046666134738471e-01	   0.0000000000000000e+00	   4.2041367541177643e-01	   2.5522970689625496e-01	   1.5086828084516160e-01	   6.9697159149481558e-01	   3.2125806475565655e-01	   4.4411968686765224e-01	   7.6686829817388391e-02	   1.7469406048395719e-01	  -6.8233418614089547e-02	   2.6145050664511477e-01	  -3.2914456060305901e-02	   1.5886561725392442e-01	  -7.4665477173239889e-02	   4.5910616112686936e-01	   3.0030647818623490e-01	   4.6899630648506624e-01	   4.3134064349791107e-01	  -9.1054965014161646e-02	  -9.1447989151089079e-02	   1.6786687416770987e-01	  -4.4037334904743423e-02	   7.3992989624608848e-03	   8.6788043247489233e-02	   3.0470524200561244e-01	   1.9545020339943375e-01	   2.6321103590409722e-01	   2.4017956959641640e-01	   2.1620836674093002e-01	   2.1793361647198173e-01	   2.6842912934460728e-02	   5.7376299064940517e-02	   1.9956816974135155e-01	  -1.4534425067462772e-01	   3.3456335104668838e-01	   2.9618224394017162e-01	   2.9641644645524895e-01	   3.1528727452060912e-01	   2.5034745455409768e-01	   3.0817722974779194e-01	   2.6590935732306842e-01	   1.8724128761134928e-01	   3.7668585990778414e-01	   3.0202273218605480e-01	   1.7648267502889300e-01	   2.1350371926375586e-01	   1.3278748268964374e-01	   2.2445254594914452e-01	   2.4181225920928689e-01	   3.0385524150440379e-02	   6.6262030182419884e-02	  -6.2803616395519124e-02	   4.0865032201780815e-01	   1.2697656507514363e-01	   1.7425660800942741e-01	   4.9494561892427597e-02	   6.0153650223980182e-01	   4.0001413224932036e-01	   3.9091254803476172e-01	   3.5115062291718169e-01	   3.2418931078739122e-01	   4.9751963989748971e-01	   2.1782437178258171e-01	   3.4632579213021480e-01	   2.3247090325659253e-01	  -1.9008377255884282e-01	   5.8734769416805374e-02	   8.5086740099343264e-02	   2.3646204848439129e-01	   2.8080018502362919e-01	   1.1093074148885634e-01	   1.0934265087164752e-01	   1.5101737066061979e-01	   2.3992317159193752e-01	   2.8331973048545656e-01	   1.7306559787660677e-01	   4.6607100188245376e-01	   3.7344919759413470e-01	   4.5798720407372344e-03	   1.4212729580936795e-01	   3.0509835561244625e-01	   2.9184233554468453e-01	
   1.4977463626904408e-01	   3.0445565482060122e-01	   1.3959829715868755e-01	   4.8549962895513854e-01	   2.7701343347649998e-01	   1.3295598525739880e-01	   2.1020244786129147e-01	   6.8492002693154030e-01	   4.2041367541177643e-01	   0.0000000000000000e+00	   5.7825090392311068e-02	   4.2458965257283171e-01	   3.0566010391400961e-01	   3.8873736890762922e-01	  -3.2190186388657907e-02	   2.4826297039592060e-01	  -1.3080682976480927e-03	   2.9038865358649923e-01	   1.6832626426227640e-02	   1.9700949672468035e-01	   9.9670932978637050e-02	   1.6671203884459190e-01	  -1.1201583306439816e-01	  -1.2226143955500472e-01	   1.3071422924423251e-01	   1.9344199709662147e-01	   1.7685310582561137e-01	   9.8610734233374520e-02	  -3.4545718197881700e-02	   2.4629341555650419e-01	   4.6924309835128096e-02	  -1.8503862701423148e-02	   1.1039056174815957e-01	   4.2283983930080948e-01	  -1.8372405049027979e-01	  -9.2542641338389901e-03	  -1.5478561330901597e-01	  -5.4982675210683354e-02	  -1.0899237691679742e-01	   1.0121114489506622e-01	  -2.1363923290600312e-01	  -4.5697503814486534e-02	   1.1759606805243505e-01	   1.0056422865659573e-01	   2.6716822649409215e-02	   3.5484478369116323e-01	  -9.9112546437326015e-03	   1.3412664444209083e-03	   2.1918304987274789e-01	   3.8895324705985512e-01	   3.1700945793469237e-01	   3.5086597007286241e-01	   2.4171519877520506e-01	  -8.9866523379282068e-02	   1.7490747091610556e-01	  -3.1915635418572411e-02	   1.3447448924002450e-01	   3.6289055267628811e-01	   2.5018248257195219e-01	   3.7782901113162548e-01	   4.5822706543871322e-01	   5.7397157304965263e-01	   6.9454208252792235e-02	   3.2525689556450954e-01	   3.1544134964326331e-01	   6.0169129342652439e-01	   2.3744122431235104e-01	   3.9028607327369852e-01	   2.9013140891618294e-01	   2.5837274401966998e-01	   2.2265395629580553e-01	   2.8945838567402382e-01	   3.4324810462586697e-01	   2.1972638856323073e-01	   1.0419308763638727e-01	   2.5347800500150119e-01	   1.1321300796202580e-01	   2.7811549454561096e-01	  -3.2574975950287379e-03	  -9.9922953944920762e-02	  -7.1244125232638247e-02	   9.9661438131028901e-02	  -1.1525426041375314e-01	  -4.1228491354930397e-02	  -9.0396585026438589e-02	  -5.8796476807427868e-02	  -2.2171433362573179e-01	  -7.1863439535882909e-02	   3.1504948529660715e-01	   2.6482789014148933e-01	
   7.5746684098278294e-01	   2.4289079192790761e-02	   1.8199631583089126e-01	   1.8631212535350408e-01	   2.2342992736429040e-01	   1.1437318532060863e-01	   1.5998208438895326e-01	   2.2375151063774890e-01	   2.5522970689625496e-01	   5.7825090392311068e-02	   0.0000000000000000e+00	   5.7101378256242818e-01	   7.5288807190841034e-01	   5.7725342300945726e-01	   4.5741381561317040e-01	   3.3968169392110781e-01	   2.0202538469886386e-01	  -1.5365326810335223e-01	   2.0707404132824458e-01	   6.9094488473238850e-03	   2.4494236245657966e-01	  -1.4600387719170313e-01	   2.1458571974831836e-01	   2.5848399021555080e-01	   3.6728478804840714e-01	   1.7632758830964451e-01	   1.0247961610907638e-01	  -1.4488793778079469e-02	   1.2882098112909215e-01	  -9.9904258658815831e-02	   6.5416783415214286e-02	   1.4367847349131227e-01	   2.9581420526334523e-01	   1.8569276997326181e-01	   2.5895174152518180e-01	   7.8126033055783611e-02	  -6.0418591583204652e-02	  -8.2095945487469374e-02	  -1.9845996607734079e-01	  -2.2262091512111301e-01	  -1.0707207513312933e-01	  -3.9416093421836149e-02	   3.1180916380594165e-01	   2.1974723404880270e-01	   3.1803709103506372e-01	   2.9403230889503351e-01	   1.3395945197167020e-01	   4.9068594088490090e-02	   3.4836638758028732e-01	   3.0670744459944876e-01	   5.5448177378519448e-01	   2.5283456895986312e-01	   1.0274252872187081e-01	   1.2413848196749818e-02	  -5.8045066048470095e-02	   6.2030983259466876e-02	   2.0102160082221604e-01	   1.0991535184887233e-01	   3.5493012280203312e-01	   1.7272226886986941e-01	   5.6728892888174176e-01	   1.7610996071608320e-01	   3.4168429522799210e-01	   2.4779892065883585e-01	   2.2319391880867068e-01	   2.3847896410100544e-01	   4.1199622925061419e-01	   4.0631400951679358e-01	   6.1247352014481643e-02	   4.2102210405763574e-01	   3.2205269279028137e-01	   1.3047704682116190e-01	   2.0204203131251436e-01	  -1.6782332008001971e-01	   2.6554994167962565e-01	   1.6770597532881282e-01	   1.0928357345120759e-01	   1.3060799313522103e-01	   6.3270625949375200e-02	   2.8610070000852014e-02	   7.8381198310653294e-02	   1.1581474086695778e-01	   5.4060883480391238e-02	  -1.4747849671355409e-02	   3.4172562139616464e-01	   2.9914514678497506e-01	  -1.1396891899966465e-01	   1.5017189470595552e-01	   6.1173307294937307e-02	   2.5612417382884062e-01	
   3.2633939486969754e-01	   3.5774794664813364e-01	  -2.5235606783389658e-01	   1.9585442258451563e-01	   5.8485765262036915e-02	   1.0591618395917700e-01	  -2.1944970024765670e-01	   4.3935909398351630e-01	   1.5086828084516160e-01	   4.2458965257283171e-01	   5.7101378256242818e-01	   0.0000000000000000e+00	   4.5280376104572184e-01	   8.1854106010028582e-01	   3.5295041272656236e-01	   6.3347603876968173e-01	   2.9033875355880801e-02	   2.0983172695042052e-01	  -9.8589478362403976e-02	   9.2912229633628385e-02	   1.3057412763647280e-01	   2.4249266089498281e-01	  -1.9481207376822643e-01	  -5.5235557106438023e-02	   4.3454787296284450e-02	   5.1870430555643804e-02	   1.9566435272062990e-01	   9.0210634810221707e-02	  -4.7776379125638493e-02	   2.4924213138684631e-01	  -1.8100684710375382e-02	  -6.1420276787633246e-02	  -4.5239999612292685e-02	   1.3227903511238998e-01	  -8.3301997039993358e-02	  -1.9410549121109741e-01	  -4.3606716653843525e-01	  -3.0733414632330136e-01	  -3.8230117677374614e-01	  -2.2685614138237223e-01	  -4.1344783473672198e-01	   1.6479224538084816e-01	  -3.9724776905048047e-02	  -2.8688847985267461e-02	  -3.3297483201889432e-02	   2.5637700433578736e-01	  -2.2080347897201608e-01	  -3.0957314037778533e-01	   3.0366621197682253e-01	   5.1947041518741743e-01	   3.6836808571308832e-01	   3.1176531290536413e-01	   1.5754777631266398e-01	  -1.8649208500470310e-01	  -9.3231878076986720e-03	  -2.4420187623395262e-01	  -2.4773217362592023e-01	   3.5656209242784531e-01	   4.4856821672579483e-01	   5.8741288220280374e-01	   6.7055685344953220e-01	   6.7222665107920088e-01	   2.5695042402959856e-01	   5.9582360004528678e-01	   2.1637062084920111e-01	   5.4196343698824900e-01	   9.8169388423696879e-02	   2.0158900166264909e-01	  -8.5444730004112596e-02	   1.7429844859305904e-01	   3.4358877983273944e-01	   1.1180586203841755e-01	   4.0838638909083558e-01	   1.1132705017630939e-01	   3.7482426358922205e-01	   3.9522784783609305e-01	  -2.1229252666511844e-01	  -1.0247180764020131e-01	   8.9503691213225045e-02	   5.2846368314599351e-02	   1.8590793926009860e-02	   1.9653524240042802e-01	  -6.5180954123325030e-02	  -5.2551999543447112e-03	   6.6888613174457268e-02	   3.7446798778494134e-02	  -3.4163540118987218e-01	  -1.9646011859326604e-01	   3.7712943155062673e-01	   1.4232009036970161e-01	
   7.1508500377946438e-01	  -8.8321791498197161e-02	   4.4959829814650265e-01	   2.6300790901236343e-01	   5.6331657194212847e-01	  -1.0385758638913459e-02	   4.8448890195862221e-01	   3.7269752915299537e-01	   6.9697159149481558e-01	   3.0566010391400961e-01	   7.5288807190841034e-01	   4.5280376104572184e-01	   0.0000000000000000e+00	   5.6619197152737777e-01	   4.8481545280705995e-01	   2.3171814235104682e-01	   2.4980921792581812e-01	  -2.0794045324196198e-01	   2.1599633458428047e-01	  -6.4750843987265147e-02	   2.4126791382162022e-01	  -1.2791469667103048e-01	   3.1282717348914657e-01	   2.4218550005816475e-01	   4.1041515013361263e-01	   3.1072094007467099e-01	   1.2085245613071942e-02	  -6.3528287143336901e-02	   1.8827705727841679e-01	  -5.6251494467443902e-02	   7.0977049931419803e-02	   1.4422435176310416e-01	   3.5386926369831778e-01	   2.4579162717110070e-01	   2.5997771439065331e-01	   1.8979618735773587e-01	   8.0368474319935920e-02	   2.9405306237554656e-02	  -1.3971027917675871e-01	  -1.5667099203346493e-01	   9.4721004269827658e-02	  -1.3855522744193691e-01	   3.4498067885149530e-01	   2.4491734133235396e-01	   3.0885351306532877e-01	   3.4188473679175013e-01	   1.7590886084334387e-01	   1.4872185663069132e-01	   3.3421001117223714e-01	   2.8612613316982544e-01	   5.6896066964163072e-01	   3.0598463689929334e-01	   8.7771575520481010e-02	   2.3784133152949714e-02	   5.1332242207916913e-02	   1.4564573320284083e-01	   2.9540452018035057e-01	   8.9963281698939770e-03	   2.9142859160945545e-01	   5.8525037204436151e-02	   5.8971194515857039e-01	   1.8866137051726486e-01	   2.9681002241181387e-01	   1.9126032533555393e-01	   4.5947386612473229e-01	   3.7026912771573511e-01	   4.7094789516004903e-01	   4.2257284129855976e-01	   2.5314883030813284e-01	   4.5611288661530591e-01	   3.2374128245468120e-01	   2.3256684942174655e-01	   3.2549006799809449e-01	  -2.0478201613374247e-01	   1.8704093037901931e-01	   2.5154179562876261e-01	   1.9758355176723941e-01	   2.7730290061070995e-01	   1.1075857686847679e-01	   4.8888262998716410e-02	   1.0236203556040230e-01	   1.8320524725763299e-01	   1.2420395811950687e-01	   2.0544296111118618e-02	   3.5031644108641147e-01	   3.0918789499851096e-01	  -7.1873390852467078e-02	   1.3316216255681457e-01	   1.4769081455794097e-01	   3.5756671243298427e-01	
   2.9746881571138128e-01	   2.3526407971496149e-01	  -9.1931871033337512e-02	   2.7187716541665485e-01	   1.6850605432118609e-01	   3.9100815300575853e-02	  -6.7699073382632494e-02	   5.6096404400485234e-01	   3.2125806475565655e-01	   3.8873736890762922e-01	   5.7725342300945726e-01	   8.1854106010028582e-01	   5.6619197152737777e-01	   0.0000000000000000e+00	   4.5074315678208265e-01	   6.1817836273362359e-01	  -4.8487731063927612e-02	   8.3896430694706675e-02	  -9.0686677195064139e-02	   5.9674848372977603e-02	   2.0779997133095107e-01	   9.4722451632688692e-02	  -5.1972780314471084e-02	   1.0384657098604391e-01	   1.8114581275152947e-01	   2.3331618131751158e-01	   1.6120227619130606e-01	   2.0078292899281480e-02	   7.2996887975131644e-03	   1.3429787825368386e-01	  -4.0360984117006185e-02	   7.3988833592064610e-02	  -1.5465449974785880e-02	   1.4155305903149223e-01	  -7.3794802015129252e-02	  -1.5011207159125245e-01	  -2.5901612400481577e-01	  -1.7412637693213193e-01	  -2.9211218389814297e-01	  -2.1916781643152483e-01	  -2.6110237055990049e-01	   1.3119446917242047e-01	   1.6236368151552283e-01	   1.2700763711880711e-01	   6.1350646962467476e-02	   2.6411743636611484e-01	  -6.4711215298303773e-02	  -1.2577489456463248e-01	   3.4933888031050453e-01	   4.7675750399540429e-01	   5.0147777829910911e-01	   3.9204936173846949e-01	   2.2267344516042420e-01	  -4.0019708500461007e-02	   1.8245659207454196e-01	  -1.3223797446548308e-01	  -2.0149658596464520e-01	   2.0350189352759462e-01	   3.3410588517484796e-01	   4.2718605529433684e-01	   5.5335862575155148e-01	   4.5476640721547079e-01	   3.3332753422122785e-01	   4.7870100885971845e-01	   1.5620170665218136e-01	   3.7683515971973569e-01	   1.3322478108319724e-01	   2.9967334158742137e-01	  -1.2107841481312820e-01	   2.6364728598166154e-01	   1.9201386393476594e-01	   1.3368362073695356e-01	   3.4837657765123664e-01	  -1.8033198928154914e-02	   3.6708459568614327e-01	   3.9766816516512493e-01	  -1.5792076365834712e-01	   2.0709128390868411e-03	   1.6675346972693079e-02	   1.0599694145837953e-02	   5.2998431923748097e-02	   1.6190371833298497e-01	   7.3144259461006486e-02	   2.8675841725329863e-02	   1.3103907886634714e-01	   8.0139748358341950e-02	  -2.5297372910671179e-01	  -8.8963250046446840e-02	   3.3172983390814348e-01	   2.1116436410177516e-01	
   1.2508822781562554e-01	   9.5298289984244944e-02	   1.9413822085323040e-01	   1.6092214944691124e-01	   4.5127564741475718e-01	   4.2895969947979215e-02	   2.8211913187473997e-01	   3.2111771800479072e-01	   4.4411968686765224e-01	  -3.2190186388657907e-02	   4.5741381561317040e-01	   3.5295041272656236e-01	   4.8481545280705995e-01	   4.5074315678208265e-01	   0.0000000000000000e+00	   6.4633581981352584e-01	   3.5260684466588238e-01	   8.2037115987164705e-02	   5.0040187621385235e-01	   2.4933192064611442e-01	   3.1614621466325782e-01	   1.6154327140552993e-01	   4.6607338749147670e-01	   4.9525690930846111e-01	   4.0239162697860870e-01	   3.8314473505157998e-01	   2.4772480446694428e-01	   8.3272320473179312e-03	   5.4979361662577619e-01	   3.4334248974659387e-01	   2.0602858311323780e-01	   1.9749712588544954e-01	   3.2768986329520799e-01	   1.3921927997358841e-01	   3.1220660613667234e-01	   1.5011871358290468e-01	   2.3876277481169955e-01	   1.3587861082825567e-01	  -4.0375420640058259e-02	  -2.4907625311721977e-02	   2.7728100580496001e-01	   1.4144024380937426e-01	   3.4748425178798842e-01	   3.8102780177044226e-01	   4.0273943202748402e-01	   3.3301171181345601e-01	   2.9451140248419694e-01	   2.6856190704831545e-01	   3.4866073317933938e-01	   1.8218252861882911e-01	   2.2159684338994678e-01	   1.4987079107165313e-01	   1.1833008206338970e-01	   2.0017187329963734e-01	   2.1436529923248793e-01	   2.3766933782568711e-01	  -1.5074213002437997e-01	   2.3675961113176824e-02	  -6.0579553185630035e-03	   4.8383570029445891e-02	   8.1378993449805842e-02	  -2.7621342613204168e-02	   4.4746872932122600e-01	   2.7335363722224681e-01	   2.1139582925593486e-01	   8.1648274156405437e-02	   1.9917080282676408e-01	   2.3611342647364880e-01	   7.7383330931842225e-03	   4.2710293336826410e-01	   3.7069477101089238e-01	   8.9680612067027821e-02	   2.3362093306362514e-01	   3.6196980915198788e-02	   2.2443041470508457e-01	   2.9191887302644970e-01	   5.6904099538706877e-02	   2.2225693441680702e-01	   2.4944139798346612e-01	   3.7747291260571697e-01	   5.2287536457154216e-01	   5.0528923437441409e-01	   6.7768035737946408e-01	   5.8156852908329981e-01	   6.7254355687853273e-01	   6.0343507535191065e-01	   1.8384784941549251e-01	   3.3106135014745786e-01	   1.9196308065482226e-01	   2.5717246404577099e-01	
   3.8098542094620789e-02	   3.3206146653575108e-01	  -3.2253170999611847e-01	   5.1504126961374526e-02	   1.2152546175324076e-01	   1.5156585491591212e-01	  -9.6507248273714305e-02	   4.0134017038171366e-01	   7.6686829817388391e-02	   2.4826297039592060e-01	   3.3968169392110781e-01	   6.3347603876968173e-01	   2.3171814235104682e-01	   6.1817836273362359e-01	   6.4633581981352584e-01	   0.0000000000000000e+00	   1.6531973670692438e-01	   2.9104925137876880e-01	   1.9457971472897692e-01	   3.4984895341154421e-01	   3.0174190549936691e-01	   4.3491353183600323e-01	  -1.0130074115177813e-01	   1.2739535585724043e-01	   4.4975556791891053e-02	   1.3245890184784601e-01	   4.2829446364021340e-01	   1.1658898379048122e-01	   4.3224197807022779e-01	   5.9770426252806041e-01	   2.0051313314183525e-01	   6.9147785331534303e-02	  -4.3885830680556251e-02	   3.8651032129751905e-02	  -1.9366726260715802e-01	  -1.7916251844264330e-01	  -7.2529926974927897e-02	   3.0295452430005101e-03	  -1.9115821459438201e-01	  -3.3210276708304530e-02	  -1.1371688834078804e-02	   2.9726241906884804e-01	   1.9673210021178433e-01	   2.7796243553288980e-01	   1.5192183575221518e-01	   3.9692819414217195e-01	   7.3676129648103772e-02	   5.6810225045292553e-02	   3.7983236826713207e-01	   4.7616379333986897e-01	   1.6369979575483223e-01	   3.3700473172360895e-01	   2.2334711262535673e-01	   9.6620325173989816e-02	   3.0862834366697156e-01	   1.1380587377354370e-01	  -3.8225883457500254e-01	   2.3594111566521703e-01	   2.3916310277604244e-01	   4.2771339575017675e-01	   1.9897210396641973e-01	   3.5687904138757842e-01	   4.7038035526543487e-01	   6.2514813335472152e-01	  -1.3243247876396916e-01	   1.0402400355446426e-01	  -7.7258932270957384e-02	   1.2849433649529085e-01	  -5.4454147461136151e-02	   3.1697517892512850e-01	   3.8280101905478719e-01	   8.3345587796584034e-02	   2.3066201295958985e-01	   2.8004747989368073e-01	   2.7242037219629267e-01	   4.8146497599720517e-01	  -1.9788058541115969e-01	   1.4606428738081276e-01	   1.9809900816961606e-01	   3.4800240634207324e-01	   4.8010923493853097e-01	   5.5267866472153704e-01	   4.6678837369719317e-01	   5.9509350821549900e-01	   2.6196536664819858e-01	   3.1413235164853293e-01	  -9.1243785307137219e-03	   1.7803105416131737e-01	   1.0231027318286466e-01	   3.3319592587169516e-01	
   2.8825658183439257e-01	   1.8401727416966246e-01	   9.9015739808608810e-02	  -1.4850275436644180e-02	   2.1458704952886867e-01	  -9.7873986597612372e-02	   2.8409993513927856e-01	   9.6829061757812890e-02	   1.7469406048395719e-01	  -1.3080682976480927e-03	   2.0202538469886386e-01	   2.9033875355880801e-02	   2.4980921792581812e-01	  -4.8487731063927612e-02	   3.5260684466588238e-01	   1.6531973670692438e-01	   0.0000000000000000e+00	   2.9597981588880440e-01	   4.3343751957688709e-01	   2.3808311257234849e-01	   3.0647053103158162e-01	  -8.4795632961700479e-02	   1.4252327254338520e-01	   7.6572522198563829e-03	   5.5312998320627693e-02	   7.5461885096034367e-02	  -3.1830815463030536e-02	  -6.4183222840403648e-02	   6.7229898709594127e-01	   4.7653992808169260e-01	   2.1269619161855746e-01	   1.2572924927595897e-01	   4.9161005269041680e-01	   4.4176143948273916e-01	   1.4461861383900285e-01	   1.2187703321117241e-01	   2.5057848719721797e-02	   5.0584530920717186e-02	  -2.6749882988484791e-01	  -2.1624889017646054e-01	   1.4125956333556036e-01	  -2.0016009749027014e-01	   1.7311366753175395e-01	   1.1706912453513132e-01	   2.4258534706810039e-01	   2.2520414182051884e-01	   1.1310418391810133e-01	   1.3446245451424135e-01	   2.8490006711555282e-01	   5.2890766813087485e-02	   5.7377687244909950e-02	  -1.1304118071217364e-01	  -8.6318095933122202e-02	  -1.2019473745734445e-01	  -8.3338879112942854e-02	   6.8517217685849910e-02	   3.6202156669976215e-01	   2.3935164246748758e-01	   1.5815547335664223e-01	   3.0434356527523541e-02	   1.7672839583013272e-01	   8.9060299410439660e-03	   6.1020394650213394e-01	   3.5634252031989971e-01	   2.0161140172429637e-01	   2.4823043383229580e-02	   3.0858663471278313e-02	   6.8111137256619173e-02	   8.0924467369413333e-02	   2.8167987674021194e-01	   3.4596256333371700e-01	   1.8127174800609344e-01	   1.9452923892304463e-01	   9.0949809909276813e-02	   2.7176076896310353e-01	   9.8267088377782974e-02	   4.7774126789470579e-02	   1.0825573622741080e-01	   7.2820946141312826e-01	   5.1675512404055690e-01	   7.4133628859835610e-01	   6.4894386268320892e-01	   3.4354769099856608e-01	   4.4333578644145277e-01	   3.1812587805091586e-01	   2.8927362743318591e-01	  -1.0170219734939318e-01	   6.4193709348962957e-02	  -5.1450412887187415e-02	   7.2352941003601595e-02	
