   0.0000000000000000e+00	   4.7961948450278669e-01	   5.9514919464992810e-01	   5.5201305680909862e-01	   1.6440850241285165e-01	   4.5048996012907949e-01	   6.6372612827425415e-01	   4.3420344490138285e-01	   2.0982624591038959e-01	   3.9390985445816723e-01	   5.9423282483744022e-01	   4.8556684821302343e-01	   4.4361385530907338e-01	   2.8183734512589020e-01	   3.6634915645074229e-01	   4.0659948555653125e-01	   2.1562993294630356e-01	   9.5022565176707874e-02	   6.8232996623888820e-01	   6.6186675923546101e-01	   1.4720097667137452e-01	   2.0137170758092329e-01	   6.0829042147991852e-01	   6.3684281182464231e-01	   4.5025052239300506e-01	   4.8410383340916774e-01	   3.3650491689416134e-01	   3.9476275971888891e-01	   2.9243132860946479e-02	  -1.3836031582933217e-01	   5.4148999172265033e-01	   6.9134069602714554e-01	   6.9790515709923617e-01	   6.2660406389376777e-01	   6.0918959459697120e-01	   6.3413357838251938e-01	  -1.0227117461517368e-01	  -1.2238272550800089e-01	   3.7862781272102408e-02	  -8.0736029493191946e-02	   1.8763176731054687e-01	  -8.5513523766041502e-02	   1.3349947884704466e-01	  -1.2136468866563671e-01	   3.1170872927169552e-01	   1.0330964346070273e-01	   8.6199773967934448e-02	  -3.1514736818977436e-02	   3.5362527839366931e-01	   1.5556476734845956e-01	   6.4779860443615556e-02	   9.1241873657546352e-02	   2.7276641084074647e-02	   1.8070450159958934e-01	   2.1656428732940522e-01	   9.1925759588956268e-02	   8.2943168990750316e-01	   3.5391609318699185e-01	   6.9616143166006661e-01	   4.4722721664157994e-01	   6.5416485485555609e-01	   3.3788193348714868e-01	   5.2206283490037697e-01	   3.2741161733803426e-01	   4.7275885085517000e-01	   4.8797841411025267e-01	   6.7943692926626631e-01	   6.4596571603789632e-01	   6.2622779434255560e-01	   6.1820797743841316e-01	   1.0114570297468423e-01	   2.2686258348236987e-01	   4.6235067114542860e-01	   4.8019614508179664e-01	   4.1210164729931686e-01	   5.7021301847374706e-01	   3.3065862747842645e-01	   3.6239792927059045e-01	  -7.3601038527241439e-02	  -3.3111899490281449e-01	  -1.2792055367992916e-01	  -9.2348793983823216e-02	  -1.5357255336776487e-01	   7.4643695092357631e-02	   9.3102826753623011e-02	   2.7915730639176689e-01	  -3.3404934723799420e-02	   9.9425259233973176e-02	   3.7645654947450224e-01	   6.0570874374235184e-01	
   4.7961948450278669e-01	   0.0000000000000000e+00	  -1.0497409947234171e-01	   1.9492826846073938e-01	   2.2830844520913499e-02	   1.2922270525025059e-01	   6.6852622576227136e-02	   2.3435407397190922e-01	   5.1240367845456203e-01	   2.8961948578407559e-01	   4.1081789037615069e-01	   4.3637375672587331e-01	  -5.1363010209647261e-04	   3.3218108236108812e-01	   3.8372272883067071e-01	   2.3865414842314098e-01	   2.9270160581157006e-01	   2.7835793839590228e-01	   4.2197634926357863e-01	   4.1289713663619038e-01	   2.1159304569998344e-01	   5.0242306834790729e-01	   9.5840683048133021e-02	   1.8227919746386101e-01	   3.5575360621015295e-01	   3.8444023081124379e-01	   3.6543403312440487e-01	   5.0481800132698429e-01	  -3.5075925722925866e-02	   2.2279744866910753e-01	   5.6649415408712256e-01	   4.2381331197921457e-01	   4.5410794211360228e-01	   5.1610658558020017e-01	   3.1986511344416851e-01	   2.2302111977755967e-01	  -2.2417643411292737e-02	   2.3307012974584443e-01	   1.1752859646284666e-01	   1.0349957867549656e-01	   7.1387421844949176e-03	   3.9891889753972141e-02	  -4.3879522962035455e-02	   2.9281684202601931e-02	   8.9964369517111037e-02	  -4.6736156675746175e-02	  -5.5009209063715765e-02	  -1.8417872694836984e-01	   2.9682161705233273e-02	  -1.4105025566549395e-01	  -1.4160047006926393e-01	  -1.4545971766825885e-01	   2.0115575472865677e-01	   4.7476710749147586e-03	   1.8610163242120559e-01	  -6.1141231871523975e-02	   5.7228928348618235e-01	   8.8573726075292880e-01	   5.2008871488969755e-01	   6.8573199046220368e-01	   4.2305223552500648e-01	   4.3187855447533086e-01	   3.4108520193354219e-01	   3.6660656432158806e-01	   2.7678010533561220e-01	   1.6363633798439553e-01	   5.2951952588770468e-01	   3.8524592517794104e-01	   5.3016460276146615e-01	   5.1415634994576753e-01	   4.6935477210367305e-01	   4.8153547931867657e-01	   3.8020725611828243e-01	   5.3103447264698411e-01	   4.2093451280964794e-01	   2.1867637822867519e-01	   3.8035455110021782e-01	   2.5800497986681731e-01	   7.2454923514430780e-02	  -5.2038179241983770e-02	   3.2641977687487861e-02	   6.6971932150420382e-02	   4.3112611928025263e-02	   1.4411629236740772e-02	   1.8233413246726932e-01	  -9.0971378571048339e-02	   2.6966250737516040e-01	   4.8240110051991657e-02	   3.3677915506068629e-01	  -5.9511906420753290e-02	
   5.9514919464992810e-01	  -1.0497409947234171e-01	   0.0000000000000000e+00	   7.7327069102415535e-01	   5.2920497047832415e-01	   7.0553949192492027e-01	   8.9839551088399772e-01	   5.7379060258421921e-01	   3.9236783048390012e-02	   4.4301885026688370e-01	   4.8370820077582560e-01	   3.4355289569967540e-01	   7.2900764454058975e-01	   2.7449686152345809e-01	   3.5491088770653445e-01	   4.4037566240373816e-01	   2.0478027417028766e-01	   2.1414633011355270e-02	   5.4087589994542129e-01	   5.4849382472120412e-01	   5.6169598068652238e-02	  -4.5195302383964200e-02	   9.0316929607391128e-01	   8.4017383865418516e-01	   5.3044237242697867e-01	   4.6824236499130933e-01	   2.8426863470990044e-01	   3.0343408516864639e-01	   1.4989993555205239e-01	  -3.2535869330163475e-01	   2.9656615856019691e-01	   4.5049315828608349e-01	   4.5934440673782645e-01	   4.3852124667671233e-01	   6.3197471276776740e-01	   6.5297175383334050e-01	  -1.0236315105706720e-01	  -3.3368033773687189e-01	  -7.8616381710836153e-02	  -4.6146803625971108e-02	   6.0949718701461708e-02	   1.0948042110814318e-02	   4.9672726085315533e-01	   7.1732653524737774e-02	   4.4941012619980658e-01	   4.4941266986784323e-01	   4.3914140772445776e-01	   4.2237356269769966e-01	   6.5609072737074792e-01	   5.4261644485878346e-01	   4.1104117293985509e-01	   4.8546173368910389e-01	   2.9134037983596311e-01	   5.6181410903500584e-01	   4.1509250282213500e-01	   4.9562782129523641e-01	   5.4122032340345816e-01	  -2.6112829515765973e-01	   3.5109962786446258e-01	  -9.7510262002530254e-02	   5.1279563939209682e-01	   1.2950560232900415e-01	   4.3628802329701255e-01	   1.3657101776115846e-01	   4.3863059947822203e-01	   6.9335998191882942e-01	   4.7649563197227141e-01	   5.9742385263535835e-01	   4.7710354516255843e-01	   5.0972271057870744e-01	  -2.4896365015480895e-01	  -1.1920457941946648e-01	   3.4093894823784082e-01	   1.5329532005570434e-01	   2.7103046381411899e-01	   5.7394286637605374e-01	   3.4610507983877475e-01	   4.5961898511346400e-01	  -1.4764741551467422e-01	  -2.9096058944866166e-01	  -1.2610043616048814e-02	   9.0494077705898138e-02	  -1.8157132634706535e-01	   1.5881625240526048e-01	   2.6058215086435765e-01	   5.3976807715075092e-01	  -2.3026740167708104e-01	   2.9444053468162007e-02	   4.7478695791598613e-01	   8.4325815023115935e-01	
   5.5201305680909862e-01	   1.9492826846073938e-01	   7.7327069102415535e-01	   0.0000000000000000e+00	   4.9922305111497345e-01	   7.0217826088904645e-01	   8.4072642106655926e-01	   8.3962928567746642e-01	   3.7108971589489892e-01	   6.9222011980851894e-01	   5.6268926304093814e-01	   5.7299395258674291e-01	   5.6421247829704568e-01	   5.4068522577473521e-01	   5.2765706287942360e-01	   6.3886524132276890e-01	   3.5873844586467646e-01	   1.6032133155463801e-01	   7.7832141113674103e-01	   8.2730383360513016e-01	   2.4726986903731646e-01	   2.7100938452540235e-01	   7.6423605177388931e-01	   7.8196578569768649e-01	   5.0219726184603763e-01	   5.6210607256906420e-01	   2.9524672805964658e-01	   2.9096499333871378e-01	   2.1643909132685857e-01	  -1.4153812635776928e-02	   4.5167637625561730e-01	   5.7825369661331771e-01	   6.3172474765653619e-01	   6.4477678524010007e-01	   6.6529591417681089e-01	   7.6433320701906204e-01	  -1.0692390375714624e-01	  -1.6389605630936407e-01	  -9.1372305822139469e-02	   3.9103964009487388e-02	   3.1912329079862439e-02	  -6.0469631750397025e-02	   5.6520202530593977e-01	   2.5187656176149126e-01	   5.7954076325157089e-01	   5.3481207529547925e-01	   5.4868718664004368e-01	   5.4133260835066466e-01	   7.2431586012105165e-01	   5.7298014723488822e-01	   5.2156366793709830e-01	   5.6580732805164646e-01	   5.7271984151293398e-01	   6.6971721084641278e-01	   5.2525127194829035e-01	   4.4710506054005283e-01	   6.3691817463914702e-01	   1.4069431944933869e-01	   3.5391396081725168e-01	   2.6523994170904430e-01	   6.3957626269790946e-01	   5.3331820991560752e-01	   6.9061783006174027e-01	   4.6625473586044913e-01	   5.6214769693697808e-01	   7.5203520436162008e-01	   6.7110651439376268e-01	   7.7190049552461115e-01	   6.7808021918781125e-01	   7.2594397589111836e-01	   1.3991511634730744e-03	   4.5453503655803099e-02	   5.7708326156611411e-01	   3.9248314761378500e-01	   5.9165599023570414e-01	   6.9401962700533315e-01	   5.8176492232889343e-01	   6.8104390024467854e-01	  -2.7117737892761711e-02	  -3.2033570010598178e-01	   1.8434127237995213e-01	   3.1399992973798968e-01	  -1.1250970561596602e-02	   4.0279197735443428e-01	   4.6879730393961583e-01	   6.0934573013849813e-01	  -1.4748974443570997e-01	  -1.4929652721405098e-01	   6.1377441241606279e-01	   7.0903976043161299e-01	
   1.6440850241285165e-01	   2.2830844520913499e-02	   5.2920497047832415e-01	   4.9922305111497345e-01	   0.0000000000000000e+00	   8.4269574740466358e-01	   4.9395440727475032e-01	   4.9995108788800335e-01	   4.3279559391717504e-01	   6.9104613060228215e-01	   3.1837066123290103e-01	   3.7904399619362639e-01	   5.6867659666756398e-01	   3.5449764364355452e-01	   4.9436984127493522e-01	   5.5384942608242504e-01	   1.8856802232104553e-01	   4.7050729591350204e-01	   2.7366115057628249e-01	   2.5683656832694041e-01	   2.4507167310886169e-01	   3.0063773440180258e-01	   4.8255371117220192e-01	   4.6118380800747200e-01	   5.8205789201081526e-01	   3.4397603447472924e-01	   2.3177579968870451e-01	   4.1071621916406786e-01	   2.4207980231547846e-01	   3.7580251394355065e-02	   1.9939111665260678e-01	   2.0966166824585308e-01	   1.2527870140625044e-01	   3.0721825652050144e-01	   2.9153132258238568e-01	   2.3186605663611776e-01	   2.5675808163007197e-01	  -6.2257472891077068e-02	  -1.5699920021186517e-03	   3.3217313797276743e-01	  -4.2639045828254696e-01	   3.2586243112802959e-01	   5.4731284152044046e-01	   2.9234439432598242e-01	   2.8300553442260168e-01	   5.3748736996186841e-01	   4.9794162611271697e-01	   3.9108138834638873e-01	   4.9331080176833436e-01	   4.4469385240224268e-01	   4.7019770242465050e-02	   3.6119619971733852e-01	   6.2754013548339682e-01	   4.1629234167790041e-01	   5.1520985458886992e-01	   7.3196073788105975e-01	   2.9307690702282746e-01	  -1.4909168528526229e-01	   2.8598448201554405e-01	  -7.8583345535145371e-02	   3.9493794506895319e-01	   3.0294030652399323e-01	   3.3458761385183239e-01	   3.1715136183131809e-01	   2.5603391621075434e-02	   5.8027041093641851e-01	   2.7624747368737035e-01	   3.3298718075137651e-01	   3.1231970570000767e-01	   3.1924616248310334e-01	   1.1160154145342444e-01	   1.7023024995750263e-01	   2.9999354928653532e-01	   3.1667086456838689e-01	   3.9851368674717436e-01	   4.0793162387551424e-01	   4.2847522841979757e-01	   4.2398572735907980e-01	  -9.1195781862139308e-02	  -8.4767248320534068e-03	   1.6187482505581874e-01	   3.5114608900820998e-01	  -4.9083813714195262e-02	   1.3998162685993543e-01	   3.4328787976857189e-01	   2.3531165394274223e-01	   6.8980598096465229e-02	   6.6183248987505716e-02	   2.9723995442590534e-01	   2.6240059499233676e-01	
   4.5048996012907949e-01	   1.2922270525025059e-01	   7.0553949192492027e-01	   7.0217826088904645e-01	   8.4269574740466358e-01	   0.0000000000000000e+00	   6.6518644671812810e-01	   6.2405769229969299e-01	   3.7190781172577170e-01	   7.4795185492104221e-01	   4.7920333753684541e-01	   4.6158363303989636e-01	   5.4005018026174290e-01	   4.0884635750490050e-01	   5.1269681771972664e-01	   7.0596122425167673e-01	   2.9829194719933194e-01	   3.1335992547330843e-01	   5.6360886788280040e-01	   5.6777274053845384e-01	   3.5176395752103962e-01	   3.3931082028406945e-01	   6.3582781362383589e-01	   6.1492275673141683e-01	   6.5433975612383088e-01	   5.3744732446918131e-01	   3.6180125379116440e-01	   5.2245740205804170e-01	   2.8719758451853322e-01	  -4.6927047770642088e-03	   3.9576737787642224e-01	   4.3887232079282812e-01	   4.0691230570524844e-01	   4.7969533343585535e-01	   5.1181128648105456e-01	   5.4035840984132189e-01	   1.7966500955153006e-01	  -3.3951714688579215e-02	   9.3191942233661729e-02	   2.7335801203671140e-01	  -1.3695224831256736e-01	   2.6959104400183259e-01	   6.4343850418589199e-01	   3.1895508933937372e-01	   4.7320985823920569e-01	   5.8438225313555991e-01	   6.2188468874980862e-01	   5.1680358900945522e-01	   6.2570076241063410e-01	   4.9729914067166237e-01	   2.6311022799787070e-01	   4.0122733259306265e-01	   6.3611571645818743e-01	   5.4494983399908725e-01	   5.9709804030743641e-01	   6.8094424312415014e-01	   5.2458828457298134e-01	  -9.1223398170413597e-02	   3.8759973459424529e-01	   9.9838475783856351e-02	   4.8678579359622498e-01	   3.0145118342461008e-01	   5.2966483230942862e-01	   3.9217747066087633e-01	   2.1789663779722079e-01	   6.1510634117275431e-01	   5.0270988173920461e-01	   5.7213626113448801e-01	   5.6408809096697476e-01	   5.4461790825683443e-01	   3.4265258721986158e-02	   8.8554234802483242e-02	   4.7826330891208718e-01	   4.5704311664891784e-01	   5.2644744602562432e-01	   6.4006412522818157e-01	   5.0528085880793405e-01	   5.8510466828851504e-01	  -5.4772593379776233e-02	  -2.5488676893974005e-01	   1.2291422856679171e-01	   2.5618913944029431e-01	  -3.3970598631193227e-02	   2.7169052437361596e-01	   4.2139423988417013e-01	   4.0710753300103852e-01	  -3.2535918205303646e-02	   9.1512956352083827e-02	   4.4580609532747023e-01	   5.3319301016003995e-01	
   6.6372612827425415e-01	   6.6852622576227136e-02	   8.9839551088399772e-01	   8.4072642106655926e-01	   4.9395440727475032e-01	   6.6518644671812810e-01	   0.0000000000000000e+00	   7.8962183788988916e-01	   2.7860758761592697e-01	   5.9001453313038410e-01	   6.9962877939100521e-01	   5.8546331829577214e-01	   8.1376707688331140e-01	   4.4678948034118798e-01	   5.5725291638768271e-01	   5.9063698699757228e-01	   3.8322330028814761e-01	   1.8767339491538348e-01	   7.2188370666762103e-01	   7.1067304612315152e-01	  -2.2937879403828833e-02	  -2.5308920400516741e-03	   7.9137646438563269e-01	   7.8954643314867912e-01	   4.2758471504370799e-01	   4.4881730714569817e-01	   1.5260373709974723e-01	   2.1182851195430932e-01	   2.2686035507144015e-01	  -1.5673115761478029e-01	   3.0926492067115513e-01	   5.1182921035077544e-01	   6.3280682209454098e-01	   6.1314005057711074e-01	   6.1968792532576833e-01	   6.8184299404158788e-01	  -1.2372306770382102e-01	  -2.9158766144187032e-01	  -5.5950137293316542e-02	  -9.9944424993014848e-03	   6.5560566649830065e-02	   2.7365152721345959e-02	   4.6353031790711419e-01	   1.4406168715918696e-01	   4.3984951117306964e-01	   4.5117224546356371e-01	   3.8868903211852968e-01	   3.6569354267713922e-01	   7.3150350523978935e-01	   5.6556401568818715e-01	   4.2950675819901396e-01	   4.9622503377492760e-01	   3.6048011625172105e-01	   5.1700776715799468e-01	   3.5774333571813915e-01	   3.8566677224812790e-01	   6.3098495183691483e-01	  -5.8751642274154782e-02	   4.8719391059464268e-01	   1.8946283180288828e-01	   7.3830304934589264e-01	   4.4905573755605910e-01	   6.0848706774867478e-01	   3.4300212428800814e-01	   6.3437075734418569e-01	   8.3785656478871517e-01	   6.2631854631050776e-01	   7.4397267409622225e-01	   5.8737207747352582e-01	   6.2029774479167343e-01	  -1.7870356148807240e-01	  -1.6117665920883210e-02	   4.6723667815365766e-01	   2.9130879204338400e-01	   4.1738270873417677e-01	   6.5862170662707920e-01	   4.0996186486782193e-01	   5.1222873363265398e-01	  -1.2968635330613144e-02	  -1.9259018208340017e-01	   1.9956175761057748e-01	   2.4657794417372150e-01	  -3.7387840394311575e-02	   3.2913698335690028e-01	   3.8193672840974180e-01	   5.9908964276950716e-01	  -1.3961435880673648e-01	   5.7068451831103679e-04	   5.5723307258009580e-01	   7.7753374378188544e-01	
   4.3420344490138285e-01	   2.3435407397190922e-01	   5.7379060258421921e-01	   8.3962928567746642e-01	   4.9995108788800335e-01	   6.2405769229969299e-01	   7.8962183788988916e-01	   0.0000000000000000e+00	   5.0510247403003095e-01	   7.6165083425177227e-01	   7.1815638357545919e-01	   8.1691596055836535e-01	   6.4189294378898687e-01	   7.4288232731322090e-01	   6.4742924035071048e-01	   7.7624317695166889e-01	   4.9034654890058649e-01	   3.8704903533073309e-01	   6.7012162735758762e-01	   7.1475743586346085e-01	   8.7088018681725166e-02	   2.4803619994571069e-01	   5.4552874048446875e-01	   6.3416739016198220e-01	   2.4834083505461554e-01	   3.9543402736561484e-01	  -2.0348626272921423e-02	   1.0095508982827865e-01	   3.4190838389291933e-01	   2.1660729249704344e-01	   3.1194669932071439e-01	   4.8670640285581745e-01	   6.0531011514726307e-01	   6.6601522690000470e-01	   4.2086736892307197e-01	   5.2937503198010050e-01	  -8.9388936233757696e-02	  -8.2278095830989079e-02	  -1.6375001269670852e-02	   5.8198171101079860e-02	  -2.2758384413934345e-02	   1.4337578998664990e-01	   4.5584047448815018e-01	   3.2356289799158766e-01	   4.6001791776493839e-01	   5.1339526148946757e-01	   4.3066393693146010e-01	   4.0223380736263736e-01	   6.7815459601990402e-01	   5.5807602632499020e-01	   4.6853822742537232e-01	   5.0488280754029913e-01	   5.1672911138078370e-01	   4.7280082822279279e-01	   3.3836800802496181e-01	   2.8685073025161467e-01	   4.6181133601683388e-01	   1.1157251929931189e-01	   3.3694338464310147e-01	   3.2396613898336513e-01	   6.9857820989731134e-01	   7.6446723361928282e-01	   6.3716976905036926e-01	   5.5057225174011071e-01	   4.9440640741366826e-01	   7.8308267321258240e-01	   5.4790679458430569e-01	   6.6557671160441467e-01	   5.0239294324657902e-01	   5.5372570734573978e-01	   1.5110650056356167e-01	   2.3174867328135862e-01	   5.9172496443192679e-01	   4.9450406723657070e-01	   5.6874494997678160e-01	   6.6980986105643037e-01	   4.9982256189181945e-01	   5.5127804778970346e-01	   1.5436187629390036e-01	  -1.0731102657258029e-01	   3.6449978355015999e-01	   4.3236367882856108e-01	   7.2674751680719990e-02	   5.0082939745186561e-01	   4.5081209884581874e-01	   5.5586797271728072e-01	  -1.7040451881917140e-01	  -1.9946951303677554e-01	   4.7921997732749289e-01	   4.4049692891484937e-01	
   2.0982624591038959e-01	   5.1240367845456203e-01	   3.9236783048390012e-02	   3.7108971589489892e-01	   4.3279559391717504e-01	   3.7190781172577170e-01	   2.7860758761592697e-01	   5.0510247403003095e-01	   0.0000000000000000e+00	   7.3110550162259380e-01	   3.9051995632112918e-01	   5.0423009647019568e-01	   2.4480690283500120e-01	   2.8662016584238176e-01	   7.3037502280640376e-01	   4.9758602547138842e-01	   3.7993216696216503e-01	   4.6975110507043211e-01	   4.5410379258248224e-01	   4.2705473195724941e-01	   7.5608496555415267e-02	   3.7821800848479481e-01	   6.6905238395266187e-02	   1.6756796640503091e-01	   3.3074796819137209e-01	   3.1115462922134030e-01	   1.8117707695774504e-01	   2.7999522051553216e-01	   1.2861001121641052e-01	   3.0274880305434393e-01	   2.3484783914728977e-01	   1.6808318243023518e-01	   2.6036373269864849e-01	   3.5818333509008199e-01	   1.9411995670206345e-01	   2.0490574210786605e-01	   1.9302395411843671e-03	   4.6165960893437538e-02	  -5.0252255711740745e-03	   1.2925369004559970e-01	  -2.2615063276573660e-01	  -5.3389321690109140e-02	   2.3551988019225220e-01	   2.7879042617978156e-01	   5.2106715640726192e-02	   1.4411593479597076e-01	   1.6030542824541139e-01	   1.3334308676631948e-01	   1.9767115096709187e-01	   7.3269704109725997e-02	   4.8859180529721644e-02	   1.0514760119678537e-01	   4.8603027742601168e-01	   2.2429189625569895e-01	   2.5132647837216365e-01	   1.3191201664500518e-01	   3.6501383210761734e-01	   4.6879334312310689e-01	   3.2989414423390978e-01	   5.0185276002759005e-01	   4.5409166502193793e-01	   6.6454298173562565e-01	   4.5871426078320654e-01	   4.5435988660455712e-01	   3.2161766961978622e-01	   3.9800455028981907e-01	   3.8905912234193596e-01	   3.6518524394334856e-01	   4.5419101683130375e-01	   4.1658841056094953e-01	   3.5732951305729566e-01	   3.6423535122378270e-01	   4.8778736165351866e-01	   4.6558857252760510e-01	   5.0563693657243547e-01	   3.3976083656760420e-01	   3.5877428483106616e-01	   3.2204796471363567e-01	   1.8377768579470072e-01	   8.5213084581728063e-02	   3.1789607610534143e-01	   3.6634136554572194e-01	   2.6228413484749696e-01	   2.9857490764451744e-01	   3.8293516879744993e-01	   1.4604935774568453e-01	   2.1144698365498224e-01	  -2.1522187578111012e-02	   3.5104314721893803e-01	   4.5271878156339249e-02	
   3.9390985445816723e-01	   2.8961948578407559e-01	   4.4301885026688370e-01	   6.9222011980851894e-01	   6.9104613060228215e-01	   7.4795185492104221e-01	   5.9001453313038410e-01	   7.6165083425177227e-01	   7.3110550162259380e-01	   0.0000000000000000e+00	   4.9053381597288026e-01	   6.0986478155189938e-01	   4.9385424079616569e-01	   4.4702977626158896e-01	   7.1431399015438335e-01	   7.4661962966154971e-01	   2.8685467309100232e-01	   3.7585567090817062e-01	   5.9020341515530383e-01	   5.6844514029434989e-01	   2.7234112283003464e-01	   3.9008970565505757e-01	   4.1516534239869296e-01	   4.8478386658994088e-01	   4.6975747915800814e-01	   4.6861077517329658e-01	   1.8767250662048918e-01	   3.0550874450245530e-01	   1.6904254552833725e-01	   1.4281001146963826e-01	   2.4034178179062310e-01	   3.0960496161555479e-01	   3.0520779935375569e-01	   3.8789503134866010e-01	   3.8090444462654366e-01	   4.4847262798525600e-01	   2.1966526338791270e-03	  -7.7624631580033965e-02	  -1.8811195358708736e-02	   1.0413073618950293e-01	  -2.7432159377589832e-01	   5.2787236230629579e-02	   4.6239653265485037e-01	   2.6839150410003498e-01	   3.0942669382087012e-01	   4.1115593240013681e-01	   4.4587443742570698e-01	   3.9391470693255959e-01	   4.9201329030051022e-01	   3.8040973284189150e-01	   1.9877105120644956e-01	   3.6591808350830224e-01	   6.6671218086782158e-01	   5.0084176513790934e-01	   4.6178948017110627e-01	   4.5440563181709254e-01	   5.1033696118795324e-01	   1.9238647353021465e-01	   4.4986225684801073e-01	   3.7384309841542296e-01	   5.9103639005904141e-01	   6.8420740911926159e-01	   5.4821596326560262e-01	   4.6228000665510183e-01	   3.0565009471040061e-01	   6.6319554054107166e-01	   5.0501243205544233e-01	   5.6389082398376833e-01	   5.6805946120928330e-01	   5.8261489737247629e-01	   2.0078360121880212e-01	   2.1022350504532072e-01	   4.9844695578956888e-01	   4.5145508555259600e-01	   6.1447415694772878e-01	   5.8194518128259787e-01	   4.8834870282822196e-01	   5.0662016657119591e-01	   3.2126748760370111e-02	  -1.1186739088122266e-01	   1.8473642133158993e-01	   3.0036226959040102e-01	   8.0151645969620627e-02	   3.7590597783138119e-01	   3.8117891113691971e-01	   3.0069531934364918e-01	  -4.5081839901239063e-03	  -6.5635183804879427e-02	   4.5426926908055176e-01	   3.9291245694982435e-01	
   5.9423282483744022e-01	   4.1081789037615069e-01	   4.8370820077582560e-01	   5.6268926304093814e-01	   3.1837066123290103e-01	   4.7920333753684541e-01	   6.9962877939100521e-01	   7.1815638357545919e-01	   3.9051995632112918e-01	   4.9053381597288026e-01	   0.0000000000000000e+00	   8.1101274199274065e-01	   7.1494875157916793e-01	   7.0486020286108464e-01	   6.3373905983904799e-01	   7.2028157704842788e-01	   7.3438170282656878e-01	   4.2276061549121452e-01	   6.4171538641939740e-01	   6.1125732326306881e-01	   9.5148491856844708e-02	   2.5772802875119838e-01	   4.9212978323563383e-01	   5.6886817838416115e-01	   3.1200453983654902e-01	   4.6907139945510556e-01	  -2.3223994227938440e-02	   1.6743275888307096e-01	   4.8182435637052989e-01	   2.4034403940455867e-01	   5.2313796938190449e-01	   5.5539320585603369e-01	   7.2757372870266201e-01	   7.4647503619098443e-01	   5.1489317973396720e-01	   4.8826118219208942e-01	   9.7433781845473577e-02	   1.3374748791092561e-01	   9.9523137968146477e-02	   1.4231865300613747e-01	   1.4832184241896521e-01	   2.5528773335423738e-01	   2.5597794291181203e-01	   2.3582556736498209e-01	   3.3725517158869595e-01	   3.2898284459932103e-01	   2.1426959773762511e-01	   8.3647048286679820e-02	   6.0520567893758570e-01	   4.2287909917456135e-01	   3.4621852189546348e-01	   3.3559640137449998e-01	   2.3786611046806358e-01	   2.6196068834273878e-01	   1.3326678251552099e-01	   6.4902329668459852e-02	   5.5738674387536080e-01	   2.1460962426611885e-01	   5.2627986852724284e-01	   4.2171957490089496e-01	   8.1081233606839442e-01	   5.9924430160324016e-01	   6.5856366064258398e-01	   4.6209696878888373e-01	   6.3471294560371083e-01	   6.8597681227143203e-01	   6.1308904377324136e-01	   6.5524933994657553e-01	   4.9381518254516443e-01	   4.8448662360014005e-01	   2.7526645286389317e-01	   4.2121472639823215e-01	   6.1457511817126464e-01	   5.3116200641272482e-01	   4.8375214542211425e-01	   6.3508797938866868e-01	   5.2086478474478926e-01	   5.0868886642240929e-01	   8.9766886136393470e-02	  -9.9832728853893049e-02	   2.4057624074899395e-01	   2.4948368571491547e-01	  -6.7075036777312025e-02	   2.1447284433081770e-01	   4.2505573824677023e-01	   3.8914106136518395e-01	  -4.9413018426982383e-02	  -1.0914200271464400e-01	   3.7175706453232454e-01	   3.5373385581767541e-01	
   4.8556684821302343e-01	   4.3637375672587331e-01	   3.4355289569967540e-01	   5.7299395258674291e-01	   3.7904399619362639e-01	   4.6158363303989636e-01	   5.8546331829577214e-01	   8.1691596055836535e-01	   5.0423009647019568e-01	   6.0986478155189938e-01	   8.1101274199274065e-01	   0.0000000000000000e+00	   6.1708276675106055e-01	   7.7102721438324062e-01	   6.8687885060635201e-01	   7.5154992809350718e-01	   5.7793330312550317e-01	   5.1788726804355867e-01	   5.4495844262806270e-01	   5.7743448592363678e-01	   2.1780699552363661e-01	   4.2203702103302676e-01	   3.9554112125801427e-01	   4.9638710994670832e-01	   2.0180738994434164e-01	   4.5307170206128466e-01	  -8.8921426117689661e-02	   1.5455187331854009e-01	   4.9055129561926397e-01	   4.7441621743430717e-01	   4.5888723786789870e-01	   5.9657465685575028e-01	   5.8879371307568507e-01	   6.9535139379897137e-01	   3.8111467137934391e-01	   4.2183560559564814e-01	   1.4226296390385013e-01	   1.8026347363794981e-01	   9.4135225311748630e-02	   1.2237550739976068e-01	  -4.6380995823233524e-03	   2.6755012988039972e-01	   2.8288740930702594e-01	   2.5424977175389563e-01	   3.6060850970856112e-01	   3.5173712256686002e-01	   2.6619795290768455e-01	   1.5033311799226573e-01	   4.9006312693511311e-01	   3.6705097816170074e-01	   2.3425436474073258e-01	   3.1724021409439862e-01	   2.9244580443437773e-01	   2.1697291300693089e-01	   1.7091390331039813e-01	   1.4837752902781975e-01	   4.6489108326645279e-01	   2.6686597800846423e-01	   4.4600620368371624e-01	   3.9279366058731402e-01	   7.0718493269080174e-01	   7.8036290962732768e-01	   6.2046983975863723e-01	   6.1953574859107574e-01	   4.2077046846035698e-01	   6.8266192346465782e-01	   4.9971810064880284e-01	   5.4766541809736213e-01	   3.8051198622316051e-01	   4.0974321246534995e-01	   4.8533108045753148e-01	   5.8227986059578463e-01	   6.1553996880219075e-01	   6.3686557012512901e-01	   5.6000583819098915e-01	   5.9462325876580246e-01	   5.3909455318794985e-01	   5.0997549957799637e-01	   2.3175847735569002e-01	   3.3077068870600232e-02	   2.9724083263474599e-01	   3.9529722100464593e-01	   2.5469352573318185e-02	   4.0151737161972756e-01	   3.2571662182941097e-01	   3.4179252149328543e-01	  -8.7654862154427693e-02	  -2.0526791426378105e-01	   2.3338540316097367e-01	   2.0835878936836322e-01	
   4.4361385530907338e-01	  -5.1363010209647261e-04	   7.2900764454058975e-01	   5.6421247829704568e-01	   5.6867659666756398e-01	   5.4005018026174290e-01	   8.1376707688331140e-01	   6.4189294378898687e-01	   2.4480690283500120e-01	   4.9385424079616569e-01	   7.1494875157916793e-01	   6.1708276675106055e-01	   0.0000000000000000e+00	   5.0166130888507343e-01	   6.2695405591721576e-01	   5.0637529258816261e-01	   4.2362563520186813e-01	   3.5585828297532185e-01	   3.6961358448063875e-01	   3.3340326121969299e-01	  -5.5483511162609522e-02	   2.7947807154393531e-02	   6.9776993228807505e-01	   7.3028574554753622e-01	   3.7343839994213412e-01	   4.5673891862972871e-01	   1.9540272690980916e-04	   1.2033927791274530e-01	   4.0667521262791206e-01	   3.1193092502993826e-02	   2.3485788978681826e-01	   3.5450802978571505e-01	   4.0828511417398494e-01	   4.9515929440570228e-01	   5.3400908402652847e-01	   4.7009534898211358e-01	   1.2419083243728386e-01	  -9.5364261637361836e-02	  -2.0756600403868498e-02	   7.9685063066151723e-02	  -4.7108426827320221e-02	   1.9776187296587433e-01	   4.0302046399542779e-01	   1.9532261505201989e-01	   3.2419649932182348e-01	   4.4653032983173180e-01	   3.0349955505085147e-01	   2.4548398341713695e-01	   6.5182088231163193e-01	   5.9430315239656584e-01	   3.0578257825751026e-01	   4.7898853030044197e-01	   2.4017631034710787e-01	   3.5513842540411134e-01	   2.6585074611811399e-01	   3.5128377428749341e-01	   4.2420435479737251e-01	  -1.4698525180221267e-01	   4.8190614751193778e-01	   2.1142848322854527e-02	   7.2908312453685142e-01	   4.3872681634992067e-01	   4.0788784032688979e-01	   2.7016247785682374e-01	   4.8975289315560394e-01	   8.4349306915925926e-01	   4.2127742676431884e-01	   5.3597693838706639e-01	   2.7909508634252583e-01	   3.3700561358766601e-01	   3.3710271238911863e-02	   2.0434445811873742e-01	   3.2974865639703582e-01	   1.7265650498915852e-01	   2.6763683343765421e-01	   4.7006750342349107e-01	   3.9102384033792120e-01	   4.0644101214541051e-01	   7.4529075517194036e-03	   9.1389220382833328e-02	   2.2771386009180039e-01	   3.2704201589947152e-01	  -5.4195734296282987e-02	   1.8810414573897646e-01	   3.0427848277924591e-01	   4.0409057426055184e-01	  -1.0439793440671433e-01	  -5.6970956536909298e-02	   3.4395680724867528e-01	   5.1525118273877146e-01	
   2.8183734512589020e-01	   3.3218108236108812e-01	   2.7449686152345809e-01	   5.4068522577473521e-01	   3.5449764364355452e-01	   4.0884635750490050e-01	   4.4678948034118798e-01	   7.4288232731322090e-01	   2.8662016584238176e-01	   4.4702977626158896e-01	   7.0486020286108464e-01	   7.7102721438324062e-01	   5.0166130888507343e-01	   0.0000000000000000e+00	   4.4486981649759860e-01	   6.6713523964216859e-01	   5.7797828700908671e-01	   5.3441753735066166e-01	   4.2326787225726159e-01	   4.8111804264652325e-01	   2.1091259594089667e-01	   4.5022239225567329e-01	   3.9199382417389061e-01	   5.2470363374262774e-01	   2.0955848966358243e-01	   4.2089718758861072e-01	  -9.7460687533853688e-02	   7.8142889796109907e-02	   5.0190661232937261e-01	   4.5616083045606798e-01	   5.0515170140740806e-01	   5.4671325291877904e-01	   5.7820076330284753e-01	   7.1185248523203226e-01	   3.6850828016974585e-01	   3.4965389834789351e-01	   2.5207273876638547e-01	   3.6634645693829188e-01	   1.4777709178028192e-01	   3.2882521333833487e-01	   1.2517357892106207e-01	   4.8776863193369724e-01	   4.2103069309680247e-01	   5.0247984580204463e-01	   5.6167995047975605e-01	   5.8679814798483654e-01	   4.1670647922169823e-01	   2.9726635006206564e-01	   6.0931572090293673e-01	   5.6986212024921601e-01	   4.2298709887399899e-01	   4.7918026338199204e-01	   3.7718718552346198e-01	   3.2521035623637973e-01	   2.9019358880577772e-01	   2.0420639160585324e-01	   3.2881253963103646e-01	   2.0529219982088209e-01	   2.3132462922737021e-01	   2.4971124114886345e-01	   5.5278128265879811e-01	   5.9939510396288320e-01	   4.9703257673299561e-01	   4.9967207273422476e-01	   3.1021161357629368e-01	   5.5426260384377946e-01	   4.1345276898202565e-01	   5.0691480311965109e-01	   2.8057838915521321e-01	   3.2409208517896493e-01	   4.5208990162861440e-01	   5.2801224468455488e-01	   5.7378062672013208e-01	   5.5636726687813409e-01	   4.3617952552743156e-01	   5.4133591597783481e-01	   5.2253410788207366e-01	   5.5083165281272284e-01	   1.6086142652578878e-01	  -3.8725120444708987e-02	   3.5686291109217455e-01	   4.4768773327219546e-01	  -4.0635628594180705e-02	   2.9766470971197162e-01	   4.8558759382825872e-01	   4.7054901200142740e-01	  -1.4426290459422114e-01	  -2.4808707100219951e-01	   1.8651154954098789e-01	   7.2994457552723754e-02	
   3.6634915645074229e-01	   3.8372272883067071e-01	   3.5491088770653445e-01	   5.2765706287942360e-01	   4.9436984127493522e-01	   5.1269681771972664e-01	   5.5725291638768271e-01	   6.4742924035071048e-01	   7.3037502280640376e-01	   7.1431399015438335e-01	   6.3373905983904799e-01	   6.8687885060635201e-01	   6.2695405591721576e-01	   4.4486981649759860e-01	   0.0000000000000000e+00	   6.8381352700039311e-01	   5.3327584773554115e-01	   4.1350010627388323e-01	   5.1290214158835834e-01	   4.8295213428202710e-01	   1.6873807799655494e-01	   3.6707643370970983e-01	   3.5910352092035802e-01	   4.4698644432501966e-01	   4.0406984191327266e-01	   5.5131986722758408e-01	   2.2706402160057321e-01	   2.9423703443929478e-01	   4.8616899980420447e-01	   4.2693175752279000e-01	   3.4737388661463059e-01	   3.0606080274338743e-01	   3.7424293513936935e-01	   4.4878265726050903e-01	   4.7557612655363213e-01	   4.6904427637277946e-01	   2.0796550022691906e-01	   1.8288217275512508e-01	   1.6619377513559574e-01	   1.5458378685461427e-01	  -8.6461377390592231e-02	   8.6631683614700375e-02	   3.8057629224154965e-01	   3.2105967764147825e-01	   2.2582459992867032e-01	   3.6737526271040821e-01	   3.6985136679892278e-01	   3.0424089569363577e-01	   5.0287918931254816e-01	   3.8994025178706027e-01	   2.1602589841450681e-01	   3.4167086077942499e-01	   5.1927779745257552e-01	   3.4673731102141103e-01	   3.5350436956513820e-01	   2.5281947101481511e-01	   4.9391620226134597e-01	   2.7505891273968019e-01	   5.2482290640121732e-01	   4.4231296523807795e-01	   7.0071917952649976e-01	   6.6914191900354669e-01	   5.8427313320751906e-01	   5.1843634457485277e-01	   5.1095043234851423e-01	   7.1881187805584146e-01	   5.8903379798398714e-01	   6.1913836952824808e-01	   5.0335241219384252e-01	   5.3659613766201142e-01	   3.2991399736385629e-01	   3.7959949341981286e-01	   6.4736584591249324e-01	   4.8136237957268890e-01	   6.3571059518387907e-01	   5.1827399926011986e-01	   5.1034130363127939e-01	   4.8430981938762507e-01	   2.8922977962423368e-01	   2.6794821739143049e-01	   3.6511472952873192e-01	   4.4598147915826358e-01	   3.2148078066968011e-01	   4.9929087401001826e-01	   3.7562030163543447e-01	   3.1167636305935986e-01	  -1.5607973900545802e-02	  -4.6955257426528493e-02	   4.8074987034529748e-01	   3.0964580198206781e-01	
   4.0659948555653125e-01	   2.3865414842314098e-01	   4.4037566240373816e-01	   6.3886524132276890e-01	   5.5384942608242504e-01	   7.0596122425167673e-01	   5.9063698699757228e-01	   7.7624317695166889e-01	   4.9758602547138842e-01	   7.4661962966154971e-01	   7.2028157704842788e-01	   7.5154992809350718e-01	   5.0637529258816261e-01	   6.6713523964216859e-01	   6.8381352700039311e-01	   0.0000000000000000e+00	   5.8499145309812217e-01	   5.0449894512790139e-01	   6.1977551410887610e-01	   6.3591506784557783e-01	   3.9310478762609236e-01	   3.8982450957801018e-01	   3.5041305459690236e-01	   4.2723858871258558e-01	   3.1825944347819596e-01	   4.6924143835671828e-01	  -6.3849349465573330e-02	   1.7635039399456440e-01	   5.6455360271495547e-01	   4.2871427949839980e-01	   4.4483530334612642e-01	   4.5301039409228550e-01	   5.1955865015600089e-01	   5.4446448766683631e-01	   3.3066507415033530e-01	   4.3354214839817123e-01	   2.5571590054687687e-01	   2.2266910639648707e-01	   1.2300680802325632e-01	   2.1367470053189713e-01	  -7.2243738476166150e-02	   3.5483917344593258e-01	   5.4665909362442355e-01	   4.6695668915452870e-01	   4.8254684186858909e-01	   5.9158959845095027e-01	   5.9697829202437047e-01	   4.6789474041856571e-01	   6.2957507655509626e-01	   5.2869367114579124e-01	   4.0529728921517161e-01	   5.0631051808906302e-01	   5.9270855296063085e-01	   4.9152708751580654e-01	   3.8283833840852283e-01	   3.7636588713930580e-01	   4.2979000724071781e-01	   4.8194311010070448e-02	   2.9572901558827452e-01	   3.1035097693221508e-01	   5.5705304496457275e-01	   6.0006797485130847e-01	   6.8135424560307700e-01	   6.4139040414863424e-01	   3.1672869127259323e-01	   6.1216281497443092e-01	   4.8340051667760708e-01	   5.7708030475373540e-01	   4.9474811676767255e-01	   4.8161756903460251e-01	   3.2092701241587279e-01	   3.0656692464505936e-01	   6.6023690938025525e-01	   6.3845927841432726e-01	   6.3570486858555508e-01	   6.5847936202962809e-01	   5.7820110163580518e-01	   6.2892656272504621e-01	   2.1152378047868242e-01	  -9.7892335309170908e-02	   2.5679558161363231e-01	   3.7325726751555943e-01	   6.0950409592313987e-02	   5.0512853039909222e-01	   5.2539865182981238e-01	   4.6762597278709739e-01	  -1.8453153112756832e-01	  -2.0195161450901067e-01	   2.9232592017455783e-01	   2.8117280022462909e-01	
   2.1562993294630356e-01	   2.9270160581157006e-01	   2.0478027417028766e-01	   3.5873844586467646e-01	   1.8856802232104553e-01	   2.9829194719933194e-01	   3.8322330028814761e-01	   4.9034654890058649e-01	   3.7993216696216503e-01	   2.8685467309100232e-01	   7.3438170282656878e-01	   5.7793330312550317e-01	   4.2362563520186813e-01	   5.7797828700908671e-01	   5.3327584773554115e-01	   5.8499145309812217e-01	   0.0000000000000000e+00	   5.4968502584039092e-01	   4.2844891105083349e-01	   4.6151837351638325e-01	   4.6956741722598574e-02	   2.2506357176569183e-01	   2.3474154584759155e-01	   3.1678456262718557e-01	   2.2668679306504086e-01	   4.1069645804797239e-01	  -5.7915906895011623e-02	   1.0676741501540721e-01	   6.0930229665544522e-01	   4.1022836836029841e-01	   4.9924431575534961e-01	   3.7927119785854596e-01	   5.8053109783404611e-01	   5.7100602014000301e-01	   3.2191216849528859e-01	   3.3035119392011336e-01	   2.2313004155214183e-01	   3.2963191609191878e-01	   2.3828766838537049e-01	   2.8236887998195409e-01	   2.2687471136935505e-01	   3.7288501837174542e-01	   3.1539731225070050e-01	   4.4193525510930115e-01	   3.1971349178654790e-01	   3.8828093717107104e-01	   2.8397236866091735e-01	   2.3882246146972547e-01	   4.8585357190149192e-01	   3.8394104133910911e-01	   4.4077358845343262e-01	   3.7516836350109473e-01	   3.0295343848615175e-01	   3.3620652668587270e-01	   9.4262132329659465e-02	   2.8074180320463139e-02	   3.6934119867656812e-01	   1.4805472399433592e-01	   2.1568781526977523e-01	   3.0263116935116069e-01	   5.8079204271782203e-01	   4.1323740970386535e-01	   6.5214929168906910e-01	   3.7674498125542311e-01	   5.1425820608338002e-01	   4.7536491959964511e-01	   4.6014180984985603e-01	   5.0957182611987317e-01	   4.0676041654072981e-01	   3.6212525152974040e-01	   2.8647260997875934e-01	   3.3631941329288101e-01	   5.7137991518552300e-01	   4.5308234591937879e-01	   3.3552838707849209e-01	   4.4395029948923237e-01	   4.5532569126332806e-01	   5.0357140583281235e-01	   3.5208935207075248e-01	   1.0973624469726348e-01	   4.5661403185316551e-01	   4.9297053690924297e-01	   6.4531216809268044e-02	   2.8147574430168687e-01	   5.7182710256804281e-01	   4.5205396995094749e-01	  -1.6776146263716413e-01	  -2.0100423583696841e-01	   1.9315354316545405e-01	   8.0290966853231782e-02	
