   0.0000000000000000e+00	   6.3713578926700143e-01	   4.4931136808903160e-01	   3.8375960831130884e-01	  -4.3832160208069737e-02	   1.9367501128870912e-01	   5.9385916987177723e-01	   4.7259246187571197e-01	   2.8853035768056046e-01	   1.8585288434642558e-01	   8.1465144367532294e-01	   7.5220344037168252e-01	   6.0432442228822447e-01	   6.9171337120224385e-01	   6.5109025880126026e-01	   3.5939718527108228e-01	   8.0018569501782011e-01	   2.5100620025954146e-01	   8.5537335060956399e-01	   8.5641026802403786e-01	   2.9012621761799873e-01	   4.0344338263143431e-01	   4.9567613035312807e-01	   5.7310289144844340e-01	  -5.7295440375609297e-02	  -1.2857832909851796e-01	   5.7126461338248849e-02	   4.1117444460411512e-01	   6.7373787186668133e-01	  -6.9485487270133220e-02	   4.2022662377856379e-01	   6.1347292815978693e-01	   7.7917392210015113e-01	   7.8951241467041133e-01	   4.2567544996890561e-01	   4.3699505376758380e-01	   5.0886790678856109e-01	   3.6830177126019326e-01	   4.8235572133458893e-01	   4.3873650979279688e-01	   3.3597364803794383e-01	   4.1433822733998493e-01	   5.2663592717065855e-01	   2.5310467715086443e-01	   3.0689804067796017e-01	   3.3620474684248997e-01	   4.1192309732531807e-01	   3.8016273165441128e-01	   1.3306901889714232e-01	   4.7796908138537492e-01	   5.2382279768121842e-01	   6.2672564783572493e-01	   3.0230374129457144e-01	   4.5143877900223944e-01	   2.2727718091223156e-01	   7.7886800693430625e-01	   9.2976122257767679e-01	   4.4622621512960975e-01	   6.6711619311728287e-01	   7.7126415200225762e-01	   8.8479633747919684e-01	   7.4647290646035835e-01	   8.6349675196536213e-01	   8.1248512407378992e-01	   4.8205876049645791e-01	   5.7338400971723902e-01	   7.8924633337262229e-01	   7.3753322825546586e-01	   8.7811580840277981e-01	   8.7532099790840012e-01	   1.6346232443904379e-01	   3.6120459332957888e-01	   3.4497915265627188e-01	   3.0455037542721880e-01	   2.1474724878994425e-01	   4.3387475073546933e-01	   6.8511473808851664e-01	   6.9515221297460028e-01	   2.3935836015547327e-01	  -6.0723764115079959e-01	   7.1399457220440499e-01	   6.7140035965739719e-01	   4.8376201801838903e-01	   2.3637322371874200e-01	   6.0963963885630834e-01	   4.0566039172717816e-01	   7.4925612844129330e-01	   3.7793364186671496e-01	   1.5837611607585045e-01	   8.0975315073353449e-01	
   6.3713578926700143e-01	   0.0000000000000000e+00	  -5.4207807722782761e-02	   2.6026021801802735e-01	  -2.8951976537069440e-01	  -1.7341090922877422e-01	   1.0579856658260445e-02	   2.9114906714473487e-01	  -1.2335258737135801e-01	  -1.4468553794320856e-02	   4.8565135453236108e-01	   6.5840727249292008e-01	   1.7134225839421266e-01	   5.3348365622144256e-01	   4.5001250684352390e-01	   1.0793016935429040e-01	   5.1427943056080838e-01	   3.6060955129918948e-01	   5.9402107060889042e-01	   5.5780280191127496e-01	   2.5520110455742590e-01	   1.7356172142961285e-01	   5.1289560000040632e-02	   2.8602543474876219e-01	  -1.6356198977803016e-01	  -2.9565516333018005e-01	  -3.0319278803338155e-02	   2.4384231477490123e-01	   1.4285793325731022e-01	   1.7326270830477833e-01	   1.8143820918761824e-01	   2.8460520964960079e-01	   3.3496880345210039e-01	   4.6145066400105272e-01	   7.7229001856319840e-02	   1.8814509534776747e-01	   2.2975441971646476e-01	   1.7238014862137244e-01	   4.6021292174932871e-01	   3.0941553219628321e-01	  -1.5055807918747149e-01	   2.3857307471245023e-01	   3.4127246374339926e-01	   8.4349676241233157e-02	   3.2992569997081200e-01	   1.5090917688846262e-01	   3.4174544043409860e-01	   1.7111325777107655e-01	   1.9890780345825793e-01	   1.0051212435929990e-01	   3.2740210600647623e-01	   2.0537505232600695e-01	   4.0994819141972749e-01	   1.5829104017676981e-01	   5.9511893391779003e-01	   2.1312650450054665e-01	   6.2860427555568887e-01	   8.8291238919873749e-01	   5.3346252941354400e-01	   7.1074818818131547e-01	   5.9650780260302894e-01	   7.0055736744834363e-01	   5.0923321724170079e-01	   6.8321633882655775e-01	   2.8359553420115396e-01	   3.6279152516653390e-01	   3.8299676713461128e-01	   3.2993086411729927e-01	   6.0195351722618395e-01	   5.6828144058036023e-01	   1.1647820422703738e-01	  -6.5191397569940007e-03	   1.1475059244956407e-01	   5.0438363672810606e-02	   2.2506990766506429e-01	   1.8635714290453087e-01	   4.7772280473534301e-01	   3.3071790929694550e-01	  -5.4427706811199544e-02	  -2.8018346303709130e-01	   3.3029686539213793e-01	   2.8256163272273382e-01	   5.3831219288637577e-01	   5.1157137838581848e-02	   5.6972306473057333e-01	   7.0170593808310616e-02	   7.0207238766186575e-01	   3.4663712360303384e-01	   5.5360291267476924e-01	   2.5044036590768215e-01	
   4.4931136808903160e-01	  -5.4207807722782761e-02	   0.0000000000000000e+00	   8.3194150247079734e-01	   7.2227664538687986e-01	   8.2532209786170729e-01	   9.4190767297849587e-01	   8.2680060544710243e-01	   7.8228152952327235e-01	   8.0068171573757452e-01	   6.1216728399379305e-01	   4.2020177100190953e-01	   7.2846810726816225e-01	   5.9475161813641564e-01	   3.5254168996318108e-01	   5.8226076351627121e-01	   4.5559403234657775e-01	   2.3721976232669498e-01	   4.4261202659460414e-01	   6.3739045857293442e-01	   2.4156451871641244e-01	   3.1700744426800537e-01	   9.4875131421927883e-01	   7.9795976443352301e-01	   6.5317752564689968e-01	   6.1874268066566351e-01	   2.3869324276110881e-01	   3.0273981362317176e-01	   4.3686402968357058e-01	  -2.2053999254994527e-02	   6.6610580053534624e-02	   4.2364671169991180e-01	   7.8533555825637058e-01	   6.7124822947072627e-01	   6.9935539745921049e-01	   7.1632195539638699e-01	   7.6005159660244140e-02	   9.4178984381329961e-02	   2.5546512868534910e-01	   3.3232864635247306e-01	   6.5597474888196361e-01	   6.4752455012593912e-01	   3.6637279058047767e-01	   4.6718074610660970e-01	   2.2107860829271231e-01	   5.5638085389646064e-01	   2.5803400317352976e-01	   4.1465476105157495e-01	   2.5088613630230711e-01	   6.8510950105078461e-01	   5.6779932238025643e-01	   6.3414233763747130e-01	   4.2476923766160007e-01	   7.9561161922233148e-01	  -2.0549892100149994e-01	   5.5470526437013845e-01	   2.9270478389108878e-01	  -2.9747997584592806e-01	  -1.9067427937730985e-01	   1.5109881423594379e-01	   4.7266128140106789e-01	   4.5477786993176283e-01	   6.7996773783980879e-01	   5.6348379714222419e-01	   6.6691867928165505e-01	   5.4475823689955738e-01	   4.7033912860076305e-01	   5.8440119472781249e-01	   3.1064187493290374e-01	   5.1946421382331032e-01	  -1.5625586427052746e-01	   1.0836932279168446e-01	   4.3808675909419709e-01	   3.2257318843539473e-01	   3.1274474362990667e-01	   3.9559610399407497e-01	   5.1872549232409526e-01	   6.5643958452404028e-01	   3.7181705078779415e-01	  -5.1388798511711808e-01	   6.9015679748863090e-01	   7.2746653927815230e-01	   1.5265576367320943e-01	   1.5800353994895142e-01	   6.1733682405942558e-01	   6.3150605541282867e-01	   2.1621875873750623e-01	  -1.7026592500890128e-01	   1.7903028830968365e-01	   6.5863836795089648e-01	
   3.8375960831130884e-01	   2.6026021801802735e-01	   8.3194150247079734e-01	   0.0000000000000000e+00	   6.4556869067584377e-01	   6.4903263416243384e-01	   7.4212401402235761e-01	   9.2102653549574898e-01	   6.1317317183392528e-01	   8.3858235469480091e-01	   5.8513007926477989e-01	   5.0829148736393082e-01	   5.6259301834068121e-01	   5.7698887466257154e-01	   2.6163294542478438e-01	   4.8223933880365860e-01	   4.0315807659712721e-01	   5.1977528016940600e-01	   4.0324330228914318e-01	   6.3279125290575577e-01	   1.9840819761434381e-01	   1.5423584683070440e-01	   8.2815974180458418e-01	   7.8288504455119934e-01	   6.6065496883782615e-01	   5.7054700667941993e-01	   8.2254395454702325e-02	   2.4643773375310990e-01	   1.2559082968654239e-01	   2.2982807503718594e-01	  -1.3093075706520180e-01	   3.0925608107422836e-01	   6.7344703058050692e-01	   5.8423639128419469e-01	   6.1165483882027538e-01	   6.9677309613741278e-01	  -1.3366951326602505e-01	   6.4174923641610648e-02	   3.0409188722935654e-01	   2.5582589101063397e-01	   4.5564960157018974e-01	   7.1466585783517556e-01	   3.4074163348092779e-01	   3.5969182389013721e-01	   2.4976995069480878e-01	   4.6351367181597058e-01	   3.3536862975885323e-01	   3.5847658365315677e-01	   3.0629315811935737e-01	   5.1368598470380022e-01	   5.6205808681101743e-01	   4.4281474095895784e-01	   5.9866756812718047e-01	   7.2039250729679027e-01	   1.3416280589399721e-01	   3.0748383500758603e-01	   2.0181114447524173e-01	   2.5064541392968546e-02	  -2.6183601293302289e-01	   2.3761477640628781e-01	   4.5709946524541956e-01	   6.3501229748441057e-01	   6.7164547669927877e-01	   6.9008925462930781e-01	   6.9089982920873450e-01	   5.0723613112796118e-01	   2.6198290238392358e-01	   4.0907213828928218e-01	   2.4892196538492434e-01	   4.6918989780730636e-01	  -2.3578027479320596e-01	  -1.2717680874383269e-01	   3.2977504981656125e-01	   2.4184435062713674e-01	   4.9989918874226846e-01	   3.4892180552172464e-01	   5.1130116140143445e-01	   5.3737482638153922e-01	   3.4291433698772333e-01	  -4.0928603714069156e-01	   6.1142356735561598e-01	   6.7172116975174723e-01	   3.4574586533661278e-01	   8.4831683069307939e-02	   7.8339441187691983e-01	   4.5633008162694161e-01	   3.9974664076360772e-01	  -9.5783663388783857e-02	   6.3167803044675375e-01	   4.3737622453332020e-01	
  -4.3832160208069737e-02	  -2.8951976537069440e-01	   7.2227664538687986e-01	   6.4556869067584377e-01	   0.0000000000000000e+00	   7.9072995548282743e-01	   5.8217745533786880e-01	   6.8684167651640671e-01	   7.1070546695763070e-01	   8.4077259525503090e-01	   1.3969526966860113e-01	  -1.0126152699551806e-01	   3.3166623906908199e-01	   1.9168041975692734e-01	  -9.9953624354741782e-02	   1.6632738403378183e-01	   5.0116051344944443e-02	   1.8358552045985843e-01	  -3.4544865225505206e-02	   1.8586039772664675e-01	  -3.6648441577387690e-02	  -7.4736189627522320e-02	   5.6839964686658639e-01	   3.8859428013572872e-01	   8.2448912360979465e-01	   8.0135763873139809e-01	   2.8934917126490434e-01	  -2.2966945398881743e-02	   4.6289984712288021e-04	  -3.9414613044359698e-02	  -4.1037044188381466e-01	  -7.1636326060513775e-02	   2.3064708361012284e-01	   1.3882847238816623e-01	   4.4215261273190232e-01	   5.1187637192682200e-01	  -1.7021955285942364e-01	  -4.2114275225360938e-02	  -9.2762719964900944e-02	   8.5255648493008776e-02	   2.3323905553475316e-01	   3.7570888384579981e-01	   1.5423629700213301e-01	   4.1915649561877666e-01	   1.9457142328326332e-01	   4.9845797660024516e-01	   1.7169417414229371e-01	   3.1257001589037203e-01	   3.7226838422751474e-01	   5.9280623789818399e-01	   5.5200828575686511e-01	   4.2380168740743696e-01	   5.4829651874913810e-01	   7.0957374093940051e-01	  -1.4130660754979321e-01	   4.6619119880336166e-02	  -1.4863555742530354e-01	  -3.5275867377092740e-01	  -5.2902899877008480e-01	  -1.3199397918856826e-01	   7.5853505303732291e-02	   1.7924445215926266e-01	   2.6056453560660353e-01	   2.0987133465582342e-01	   4.3376003219618187e-01	   2.5973699929263139e-01	  -3.7270270214879386e-02	   1.9686041702301071e-01	  -1.4436581919457972e-01	   5.6832507366776475e-02	  -3.9534469473605671e-01	  -1.8127558946754599e-01	   1.2897886340013937e-01	  -3.7796522150336222e-02	   1.3290279229635438e-01	   1.3804554186738288e-01	   1.6254318048779781e-01	   2.5521667361779554e-01	   4.3971212685123157e-01	  -9.3443204302620042e-02	   3.3862300691666841e-01	   3.9429608913797320e-01	  -1.8816254168983623e-01	  -4.5057034204898469e-02	   3.2683297553961560e-01	   3.0451014783954938e-01	  -1.6544436282014569e-01	  -4.5050519538185430e-01	   2.7910471683697913e-01	   1.5330163166568267e-01	
   1.9367501128870912e-01	  -1.7341090922877422e-01	   8.2532209786170729e-01	   6.4903263416243384e-01	   7.9072995548282743e-01	   0.0000000000000000e+00	   7.2482662154012001e-01	   6.8545546995835394e-01	   6.9990295658784973e-01	   8.2183692229226579e-01	   3.9886187983750698e-01	   1.2036848634801610e-01	   5.4361216536626911e-01	   4.0992685337269485e-01	   2.9625908681191038e-01	   5.1625710590093599e-01	   2.4096231729217277e-01	   8.6978002348116715e-02	   1.9142513432149283e-01	   3.7183711652978746e-01	   3.7211813015974105e-01	   2.6140198137455811e-01	   7.3058179063460904e-01	   6.1093453829885713e-01	   8.4083651686806116e-01	   7.8935011378849629e-01	   5.2741442251416393e-01	   4.1421080944690836e-01	   2.5179054122419459e-01	  -9.5490289583485544e-02	  -1.0281089719205917e-01	   2.4166604435856734e-01	   4.8733321246961425e-01	   3.8676103394384148e-01	   6.2511241689647745e-01	   6.0861801884778788e-01	   1.5366438775473867e-02	   3.8805817598387297e-02	   2.4344717053764608e-01	   2.9336229171787193e-01	   4.5270960413589822e-01	   4.6972968560536132e-01	   1.4989625719019231e-01	   4.4296178923377361e-01	   1.9395537499031734e-01	   5.5374534548041687e-01	   1.1925604483215774e-01	   2.6705881718636626e-01	   3.1534356438365641e-01	   7.1014871695261250e-01	   5.5554353788690980e-01	   5.7712062608892056e-01	   5.0167545322381768e-01	   8.3489531361517211e-01	  -2.1290254135227632e-01	   3.0808974419681767e-01	   7.6659472413965465e-02	  -3.0674142302005369e-01	  -3.3212661794574433e-01	   2.7077257225405674e-02	   2.4777692882955304e-01	   2.6710837943951038e-01	   4.0543507440711390e-01	   3.5014619005302605e-01	   5.9359080932881947e-01	   4.3308583518200111e-01	   2.8143453263783280e-01	   4.5253902787105299e-01	   6.6086879392419334e-02	   3.3437012065282379e-01	  -2.1816592560496517e-01	   8.4244114618925569e-03	   3.5517050878188083e-01	   1.6707923287920565e-01	   2.8395818350377106e-01	   3.6996147169634830e-01	   3.4927085698327398e-01	   4.6536056880376647e-01	   2.5034326877044127e-01	  -3.6249122338469963e-01	   5.1000555490559663e-01	   4.9681129680431935e-01	   8.9005468832303591e-02	   2.6619561347590481e-01	   4.6924344779983795e-01	   4.2943474489840178e-01	   2.0735597607437976e-02	  -1.6910395588823188e-01	   1.6824715344566382e-01	   4.4250985671717297e-01	
   5.9385916987177723e-01	   1.0579856658260445e-02	   9.4190767297849587e-01	   7.4212401402235761e-01	   5.8217745533786880e-01	   7.2482662154012001e-01	   0.0000000000000000e+00	   8.1207476900068687e-01	   8.1036524891123951e-01	   7.1669625489299427e-01	   7.6615688026262763e-01	   5.1157654088519644e-01	   8.6836149276614560e-01	   7.0320120238723760e-01	   5.1588226631312395e-01	   6.2387363424147435e-01	   5.7080399983246921e-01	   1.7971405027488979e-01	   5.7286349120957636e-01	   6.6073216352912856e-01	   2.5492742721660716e-01	   4.0503600409098883e-01	   9.4371463270510858e-01	   8.2941716385926256e-01	   5.0118475211635882e-01	   4.1550114020227902e-01	   2.2593008480573629e-01	   3.2424311946434403e-01	   6.0285864221623475e-01	  -1.1154836806561855e-01	   1.8536123265257953e-01	   5.1036046269946489e-01	   8.3908787992074119e-01	   7.5656711674586918e-01	   7.5673889390206028e-01	   7.4700546276411695e-01	   2.7554731111248187e-01	   2.8579184415670045e-01	   3.3625965274881769e-01	   3.6375747178302575e-01	   7.1155082327534047e-01	   6.5668316181609565e-01	   3.5058390291866537e-01	   3.6337008590687869e-01	   1.3522067107315078e-01	   5.2198624438845997e-01	   2.0888698726999883e-01	   3.7343383508523653e-01	   1.0363506564858850e-01	   7.2985788502499682e-01	   5.8895484841983214e-01	   7.5199048506332467e-01	   3.9551692527616589e-01	   8.0597420075791204e-01	  -1.8843451243713211e-01	   7.0429197857369819e-01	   4.0135850789929883e-01	  -2.7865736190106249e-01	   3.2194762966145568e-02	   3.3173105208192777e-01	   6.3566580249067250e-01	   5.5129140191555392e-01	   7.3463988390040347e-01	   5.6674490256885890e-01	   7.4976433518301422e-01	   7.0441858428223814e-01	   6.2163904839447670e-01	   6.9795070303670825e-01	   4.2545056542245097e-01	   6.2647260431717666e-01	   5.2188880518050373e-02	   3.1959356478128031e-01	   5.4555638381921545e-01	   4.8323869272958331e-01	   3.2319045327645934e-01	   5.1564510949147335e-01	   6.6789600403902472e-01	   7.8838785293051583e-01	   3.9211963358680968e-01	  -5.3981398257782298e-01	   7.0635975192573042e-01	   7.1073921388835415e-01	   2.4033311384965073e-01	   1.8022837366127753e-01	   5.8827515408302045e-01	   6.0007967209605528e-01	   3.1246563256644810e-01	  -6.5478755141276351e-02	   1.0226526891179596e-01	   7.7709961459564392e-01	
   4.7259246187571197e-01	   2.9114906714473487e-01	   8.2680060544710243e-01	   9.2102653549574898e-01	   6.8684167651640671e-01	   6.8545546995835394e-01	   8.1207476900068687e-01	   0.0000000000000000e+00	   7.2427724350378186e-01	   8.9479033514857398e-01	   7.0080805827805537e-01	   5.5676233513148765e-01	   7.0730754829955345e-01	   7.4041182524453020e-01	   4.3665062783534964e-01	   5.4451714453378686e-01	   4.9699911207368919e-01	   4.0527444461615614e-01	   4.4248498414648219e-01	   6.2651900362903867e-01	   2.5016319481316129e-01	   2.5393320196569313e-01	   8.4077152250493314e-01	   8.1307668284957302e-01	   6.6840877514045283e-01	   5.2891100290787940e-01	   1.8438224861221691e-01	   2.6859373605196490e-01	   2.9175433745726553e-01	   1.5932819468254611e-01	  -5.9722489825815586e-02	   3.9319480326424161e-01	   7.0009966888849018e-01	   6.4010855859410665e-01	   7.3709041007695886e-01	   7.8660234792677231e-01	   6.8354814594510468e-02	   2.6242085484592914e-01	   3.7370794905352156e-01	   3.4403750006652012e-01	   4.6371857608706535e-01	   7.2009674286698711e-01	   3.3675608406628998e-01	   3.4889882960591617e-01	   2.7930758403061889e-01	   5.7108140271352181e-01	   3.0594425589210383e-01	   3.6181307652441669e-01	   2.9697288941837241e-01	   6.8537114779169150e-01	   7.0199199058930695e-01	   6.4841679272827335e-01	   6.8461318389118819e-01	   8.1372029646987210e-01	   1.7318816358511796e-01	   4.0894282042081775e-01	   2.5799212228780055e-01	   9.9891876337976845e-03	  -1.1098630938933877e-01	   4.1050736742980520e-01	   6.2443553421119347e-01	   7.6364284146994965e-01	   7.2000110479531121e-01	   7.0609784300346745e-01	   8.4609636583031134e-01	   7.2013583337445108e-01	   4.2801819251287049e-01	   5.7150461234626082e-01	   3.2338797043055734e-01	   5.5469086957177094e-01	  -7.4299204994653534e-02	   4.2600256264177891e-02	   4.5864889854599494e-01	   3.3729611579012331e-01	   4.7307741531514946e-01	   4.5103160571495116e-01	   6.9446396480550165e-01	   7.0233052225707726e-01	   3.6018994354360934e-01	  -4.3837147401776416e-01	   6.4592274444166786e-01	   6.3405602818865914e-01	   3.6444606005718827e-01	   9.3202990606028463e-02	   7.4535322831801776e-01	   4.1637817316726361e-01	   3.8889352916963871e-01	  -1.1071502192676071e-01	   5.9762569776867180e-01	   5.1236962135454733e-01	
   2.8853035768056046e-01	  -1.2335258737135801e-01	   7.8228152952327235e-01	   6.1317317183392528e-01	   7.1070546695763070e-01	   6.9990295658784973e-01	   8.1036524891123951e-01	   7.2427724350378186e-01	   0.0000000000000000e+00	   7.3107218403292151e-01	   5.2345555761248075e-01	   2.0079380384336770e-01	   7.2238515162646322e-01	   5.3945401790384750e-01	   2.3391131457756426e-01	   3.8518246775037868e-01	   3.7407842057559210e-01	  -2.0852855646301027e-03	   3.2427141660386888e-01	   3.3325424159700279e-01	   9.8426640485930750e-03	   1.2104099848251458e-01	   7.4240716184752542e-01	   6.8615177040558328e-01	   4.8201579890483420e-01	   4.1340461709182930e-01	   2.9347814415352019e-01	   2.4637356604192873e-03	   3.6295115899217689e-01	  -2.1282909468953487e-01	   9.5699882818896123e-04	   2.0491940599926123e-01	   5.2408020412476286e-01	   5.4420586573665697e-01	   6.0887290464492816e-01	   6.1862414575157987e-01	   1.4891419561191399e-01	   2.7975760131763117e-01	   1.0066215792618441e-01	   2.0870868289345396e-01	   4.3944181676419480e-01	   5.4072662965196872e-01	   2.7143980581308628e-02	   1.7801747539192420e-01	   7.2807298416572835e-03	   4.0107761604173237e-01	  -4.6235664349604313e-02	   1.5737203891797447e-01	   6.7928793765174827e-02	   6.5891116722020904e-01	   5.2519873933599270e-01	   5.9575212954015622e-01	   4.4363293953697502e-01	   7.7304438799354402e-01	  -3.6965237831597414e-01	   3.0148456160263648e-01	   1.2001023749383574e-01	  -3.7669231930666236e-01	  -1.7075705667889204e-01	   1.7797462476467951e-01	   4.6345808587458992e-01	   4.0819195523531593e-01	   4.5036215789648160e-01	   3.2502660688457463e-01	   6.6796048888221238e-01	   5.7944253663664558e-01	   3.0740529619458506e-01	   3.8958065607754289e-01	   6.3928037563572043e-02	   2.8792886610967505e-01	  -1.1844854611342003e-02	   1.5765188652842854e-01	   3.6420155395184467e-01	   2.6822348743998986e-01	   1.7211275628432349e-01	   3.4653540839636804e-01	   5.4869040718451356e-01	   6.3800688635209624e-01	   3.4119013986265673e-01	  -1.9886902410019980e-01	   3.7009278652600630e-01	   4.4763971829578020e-01	  -2.6696499330354360e-02	  -1.6320643660897152e-01	   3.4424658156712329e-01	   3.4175636704062434e-01	  -1.4997625921599738e-02	  -3.7532400430084734e-01	   4.9889074182324453e-02	   3.8488571287300805e-01	
   1.8585288434642558e-01	  -1.4468553794320856e-02	   8.0068171573757452e-01	   8.3858235469480091e-01	   8.4077259525503090e-01	   8.2183692229226579e-01	   7.1669625489299427e-01	   8.9479033514857398e-01	   7.3107218403292151e-01	   0.0000000000000000e+00	   4.6040904076669514e-01	   2.6795626412067042e-01	   5.2675273609679008e-01	   4.7269049082546261e-01	   2.3875413583164409e-01	   4.4826102686714886e-01	   2.4963947317572849e-01	   3.7738853540928269e-01	   1.0359063366492337e-01	   3.4557161328206526e-01	   1.5440031778665619e-01	   9.5058884042599490e-02	   7.5563171977661403e-01	   6.4484137816112863e-01	   8.5926807632786895e-01	   7.6657387896743212e-01	   2.9590109754416627e-01	   2.2129647425111915e-01	   9.0124167322367665e-02	   1.6911962029410610e-01	  -2.8135244202379911e-01	   2.0195211820393322e-01	   4.7176632401887081e-01	   3.5709999713724244e-01	   6.8657614220045859e-01	   6.6783592079583276e-01	  -1.8076635415069786e-01	   1.3173786401594420e-01	   1.4819389534406269e-01	   1.1867216167277141e-01	   3.8533593525449766e-01	   5.6279589616371317e-01	   2.2629410859635851e-01	   3.7649151802061231e-01	   2.6027101219627602e-01	   5.6014808146501838e-01	   2.3462189530078842e-01	   2.8887660603364984e-01	   3.7650153725205082e-01	   6.5889695365443646e-01	   6.2367091790478191e-01	   5.2458460166682630e-01	   6.7331510601717193e-01	   7.7721025399302901e-01	   4.7830964950042208e-02	   1.8166046675501898e-01	   6.4331222658564648e-03	  -1.9926761428325779e-01	  -3.7862729380188653e-01	   9.3494995064345165e-02	   3.7423725936852636e-01	   5.2086027738555307e-01	   4.8172185058759215e-01	   4.9551092383992335e-01	   7.4815069752035279e-01	   5.4396410426531516e-01	   1.5989102062766833e-01	   3.6396444634363018e-01	   7.3929798212197962e-03	   2.5189022528863403e-01	  -2.7492549860344329e-01	  -1.3318658286857427e-01	   2.8313954368830357e-01	   1.4738665489298325e-01	   3.7678488165175272e-01	   2.6219141703165960e-01	   4.2096368861266620e-01	   4.6148624978293473e-01	   3.7072716232976644e-01	  -3.1818583184937199e-01	   4.6239715906124795e-01	   4.9822614953685052e-01	   1.6924561648214276e-01	   1.0825284317679952e-01	   5.2512805731234957e-01	   2.4930893603185850e-01	   9.4883929209626044e-02	  -2.6824573137336888e-01	   5.0672028931829549e-01	   3.2419202468790975e-01	
   8.1465144367532294e-01	   4.8565135453236108e-01	   6.1216728399379305e-01	   5.8513007926477989e-01	   1.3969526966860113e-01	   3.9886187983750698e-01	   7.6615688026262763e-01	   7.0080805827805537e-01	   5.2345555761248075e-01	   4.6040904076669514e-01	   0.0000000000000000e+00	   7.6201173165886027e-01	   8.6509157197707176e-01	   8.5312916741512779e-01	   7.6602088361629084e-01	   5.8712145950914452e-01	   7.4587880925290628e-01	   2.7505845206297874e-01	   7.6514203683441750e-01	   7.3082278130394340e-01	   4.3881242719713015e-01	   5.3408641279292079e-01	   7.4534501646818729e-01	   8.3249131647697650e-01	   1.9181972250156723e-01	   5.2110125972627042e-02	   1.0994257532957877e-01	   4.6765738378423127e-01	   6.8400917096119485e-01	   3.5572762395889669e-02	   4.2039976597521023e-01	   6.7894005284020920e-01	   8.5037549318677752e-01	   8.5393176106919566e-01	   7.3771508996320256e-01	   6.7237888981158500e-01	   4.7159636576146380e-01	   5.3835885054882970e-01	   6.3587189177122649e-01	   4.7179590217171952e-01	   5.8731289631456751e-01	   6.9351711589479725e-01	   3.3968542886050457e-01	   1.6385954696038119e-01	   1.0930630633946717e-01	   3.2443466979537172e-01	   1.6413498409743685e-01	   2.0636594760958082e-01	  -3.6902139616831427e-02	   5.4143119268059725e-01	   4.6930873140063656e-01	   6.4679912278326412e-01	   3.3379280409346740e-01	   6.0218964461313762e-01	   5.5696305393571358e-02	   6.8239636407441595e-01	   6.1866760702399681e-01	   1.5893641919154752e-01	   3.6780627273656946e-01	   6.3771178195301215e-01	   8.2798586135062302e-01	   7.7606815149821107e-01	   7.8251860697437969e-01	   7.2997487365416835e-01	   8.2053632050155034e-01	   7.9374286495054824e-01	   7.7050199932067798e-01	   7.4477825772162143e-01	   6.6156274489657751e-01	   8.0008831981606865e-01	   3.3577719892106439e-01	   4.6654650187481972e-01	   6.5472783341554686e-01	   6.3354941146875621e-01	   4.3133410993777388e-01	   6.9036473188786396e-01	   8.6443077727438355e-01	   8.5665329134885626e-01	   3.0797367024787381e-01	  -4.9121582808469744e-01	   7.0181715284676838e-01	   6.8605404728931685e-01	   5.8314988188711525e-01	   2.5625067605605178e-01	   7.4028740031051465e-01	   4.0168350499604000e-01	   6.9912678127499106e-01	   2.5950513789612967e-01	   2.7721764998691906e-01	   7.5823498151859359e-01	
   7.5220344037168252e-01	   6.5840727249292008e-01	   4.2020177100190953e-01	   5.0829148736393082e-01	  -1.0126152699551806e-01	   1.2036848634801610e-01	   5.1157654088519644e-01	   5.5676233513148765e-01	   2.0079380384336770e-01	   2.6795626412067042e-01	   7.6201173165886027e-01	   0.0000000000000000e+00	   5.3705396627390778e-01	   7.9156173476193914e-01	   7.3239523303329102e-01	   6.3847705316536962e-01	   5.7027379113242771e-01	   3.2248617013217645e-01	   7.3758632717754258e-01	   7.4525204076682128e-01	   4.9498235677724445e-01	   6.2026864385098957e-01	   5.8037439490913567e-01	   7.0545093362693878e-01	   4.3373939003922557e-03	  -9.2233187563839900e-02	  -1.2336927215041444e-02	   4.3864081543475503e-01	   4.5071762009397481e-01	   2.7617805245250276e-01	   5.1114674048736830e-01	   7.7154179488603170e-01	   7.9122845746309356e-01	   7.6338390019959113e-01	   5.4570326007836034e-01	   5.2730305252371124e-01	   3.5221523327276760e-01	   4.4804517988080567e-01	   6.1484658502725520e-01	   5.0055241971856967e-01	   4.9839083851701949e-01	   6.0999589326109493e-01	   3.8635277549576125e-01	   1.7382963717764160e-01	   2.2739298402002844e-01	   2.9220369590834294e-01	   2.5592330707363997e-01	   2.6687634668716520e-01	   6.8721736528740557e-02	   3.2417735872955922e-01	   3.5522920002278668e-01	   4.7435197904171833e-01	   2.6791777462678623e-01	   3.4958594340765692e-01	   2.9860950047366486e-01	   6.2255481704589177e-01	   5.8692445359908951e-01	   3.2767307831780434e-01	   4.9371584627582821e-01	   6.3520039965315522e-01	   7.2416057070271378e-01	   7.1893050364993161e-01	   6.7997360990692146e-01	   7.0402424566074662e-01	   5.9029597229444120e-01	   6.8907307226397130e-01	   7.2050262565131906e-01	   6.9120318078477105e-01	   6.8779897965666914e-01	   7.1263267366285432e-01	   3.8496136570328621e-01	   3.8860474246425536e-01	   5.4429534664900714e-01	   4.9708734785124653e-01	   5.1735909789660151e-01	   4.1187827985432696e-01	   7.8365502755183414e-01	   7.3817217271920432e-01	   1.0573797393180664e-01	  -5.6333206951101822e-01	   5.4062436375323342e-01	   5.3367471089807150e-01	   6.5971523958553147e-01	   2.4582078852276951e-01	   6.2906387987291601e-01	   4.5231641139945838e-01	   7.2289816511996685e-01	   2.9515534627997930e-01	   3.5125098840441743e-01	   6.1686090242715419e-01	
   6.0432442228822447e-01	   1.7134225839421266e-01	   7.2846810726816225e-01	   5.6259301834068121e-01	   3.3166623906908199e-01	   5.4361216536626911e-01	   8.6836149276614560e-01	   7.0730754829955345e-01	   7.2238515162646322e-01	   5.2675273609679008e-01	   8.6509157197707176e-01	   5.3705396627390778e-01	   0.0000000000000000e+00	   8.4071492195839292e-01	   6.4267784980272091e-01	   5.7704569720538568e-01	   6.7470865429019633e-01	   7.9706273767335564e-02	   6.2487037204243745e-01	   5.9993900744356299e-01	   2.9586574695878504e-01	   4.3884903272899367e-01	   8.1509777917750315e-01	   8.0130505081752168e-01	   2.7305976388892245e-01	   1.1824823368094334e-01	   1.6448154812182217e-01	   3.0747635784168875e-01	   6.9720634731735442e-01	  -1.4961050344629412e-01	   3.0704318748623394e-01	   5.3163159087333778e-01	   8.0610798312597232e-01	   8.3335758370677759e-01	   6.8069493219772725e-01	   6.5372306779867329e-01	   4.0060524017747945e-01	   4.2912459400997238e-01	   4.4028123963226073e-01	   3.9691474288051631e-01	   6.3848958987153681e-01	   6.2843113058821554e-01	   2.7156677836463267e-01	   2.6440431269159315e-01	   4.4755062669476861e-02	   4.4615475466417454e-01	   5.0969650430866265e-02	   2.8723751758845606e-01	  -5.5797470165961802e-02	   6.7118232821524804e-01	   5.0029891603904963e-01	   7.4919533043522168e-01	   3.1159633957085303e-01	   6.9024365899630968e-01	  -1.9052896936609606e-01	   6.7778905350105467e-01	   4.1394042947029897e-01	  -1.5112712468595293e-01	   1.7901894534980636e-01	   4.5722724839237761e-01	   6.9377235861536246e-01	   5.9815033265293760e-01	   6.6978716834584340e-01	   5.1908890859802648e-01	   8.0045896531473137e-01	   7.9718369850533943e-01	   7.0309694351337093e-01	   6.9958064690825594e-01	   4.3297414582607191e-01	   6.6615464019096415e-01	   2.9041563154014699e-01	   4.6124175888004149e-01	   7.0658321461748375e-01	   6.2384805817174160e-01	   2.3740274429155137e-01	   6.9376700857398577e-01	   7.8485257093743421e-01	   8.5574379095733222e-01	   3.1744647133649095e-01	  -3.8734883083143945e-01	   6.6021532520603543e-01	   6.2169146150955179e-01	   3.0188515995917248e-01	   8.5542126035710042e-02	   5.7875342484649450e-01	   5.1019097340003139e-01	   3.6522367378337994e-01	   1.8312883299964455e-03	   3.3849185958239783e-02	   6.8307649125242986e-01	
   6.9171337120224385e-01	   5.3348365622144256e-01	   5.9475161813641564e-01	   5.7698887466257154e-01	   1.9168041975692734e-01	   4.0992685337269485e-01	   7.0320120238723760e-01	   7.4041182524453020e-01	   5.3945401790384750e-01	   4.7269049082546261e-01	   8.5312916741512779e-01	   7.9156173476193914e-01	   8.4071492195839292e-01	   0.0000000000000000e+00	   7.8409939936506079e-01	   6.6787278867528688e-01	   7.1191789178195886e-01	   1.1642899144111925e-01	   6.9843842800625966e-01	   6.9314801234731216e-01	   4.6029963300199184e-01	   5.6735494184188240e-01	   7.1193498156675672e-01	   7.9819932694125628e-01	   2.1266751710997214e-01	   2.9315261969065774e-02	   1.4793115182236588e-01	   3.6303497274767793e-01	   6.2370783431875076e-01	   2.8404221495011022e-02	   3.8260013296279310e-01	   6.3293195104222177e-01	   8.2131308605170084e-01	   8.7494885072555784e-01	   6.8924766125677983e-01	   7.2600627548720531e-01	   4.7265420596648777e-01	   4.7694636672855162e-01	   6.3741459444897286e-01	   5.9336949778881565e-01	   5.5430924331695153e-01	   6.8874788198808135e-01	   3.2366737645144261e-01	   2.5436632277736754e-01	   2.1074430472218225e-01	   5.0908953390302447e-01	   1.6547537826665698e-01	   3.0647568148451898e-01	   8.0064443009941907e-02	   6.2133308846150670e-01	   5.7616036916345181e-01	   7.3059844025706644e-01	   4.7052242505755193e-01	   6.4287334727388223e-01	   1.5058024086025570e-01	   6.3626511738524272e-01	   5.0422838542330883e-01	   1.6305394820664995e-01	   3.3775681144271591e-01	   6.7251729378586189e-01	   8.0124199695073717e-01	   7.8742258215608441e-01	   7.5100943567286083e-01	   6.8755341916072699e-01	   8.1816364058432900e-01	   8.7697571161047838e-01	   7.8415188397841273e-01	   7.8833947824651451e-01	   5.8866532402806526e-01	   7.5593935016237324e-01	   3.6248584045057569e-01	   3.8571753724483793e-01	   6.9459070779480214e-01	   5.9929275320566577e-01	   3.5817194673744374e-01	   6.2008548380463790e-01	   9.0867298022583987e-01	   9.0783500302463827e-01	   1.4856783122136474e-01	  -5.0832178780416504e-01	   6.6611381517086921e-01	   5.5890494959563641e-01	   5.3321934669554660e-01	   9.4580210562506178e-02	   6.9831400220846707e-01	   4.9599013065599989e-01	   5.5842220465731052e-01	   9.6097057414525747e-02	   3.0159303022116413e-01	   6.3523378143214382e-01	
   6.5109025880126026e-01	   4.5001250684352390e-01	   3.5254168996318108e-01	   2.6163294542478438e-01	  -9.9953624354741782e-02	   2.9625908681191038e-01	   5.1588226631312395e-01	   4.3665062783534964e-01	   2.3391131457756426e-01	   2.3875413583164409e-01	   7.6602088361629084e-01	   7.3239523303329102e-01	   6.4267784980272091e-01	   7.8409939936506079e-01	   0.0000000000000000e+00	   8.0552639383304125e-01	   4.4056540969730251e-01	  -6.9033670720767271e-02	   5.7605109685382827e-01	   5.3211246032854786e-01	   7.1744100132574784e-01	   7.7720004931353326e-01	   5.2750455645567040e-01	   6.5302135848937426e-01	   1.5220932187260883e-01	   2.2774480228728952e-02	   3.9540496878185599e-01	   7.3112862340675711e-01	   6.7147850806444986e-01	   1.1344047862649115e-02	   5.3334985936999391e-01	   7.7216799629521993e-01	   6.3495870412631650e-01	   6.2652409454123337e-01	   6.3136078267909657e-01	   5.3212232882146770e-01	   5.6758982813040726e-01	   5.2533425545800871e-01	   7.3236179532003587e-01	   6.1129505811191120e-01	   4.9769735311095997e-01	   3.9275066927903124e-01	   1.5315845730786359e-01	   1.6022231546425823e-02	   1.1066997872196023e-01	   3.1100422091332447e-01	   4.1871410033172081e-02	   4.5151995807081770e-02	  -7.1616079298447655e-02	   4.9292711104626286e-01	   3.5656880045116857e-01	   6.1260755763506003e-01	   2.6529990115038038e-01	   4.6767277766259507e-01	   1.8760824330927772e-01	   7.0150469628823964e-01	   4.6812459266648099e-01	   1.3283116203086892e-01	   5.0754437629483351e-01	   6.2907516302287381e-01	   6.8491005650520087e-01	   5.7491617393336858e-01	   5.2012403408072716e-01	   4.7200519541690744e-01	   6.8182734364053621e-01	   7.8268094708005820e-01	   7.7779036632966103e-01	   7.7510879291859025e-01	   5.8420242022426638e-01	   7.2593329680161556e-01	   4.9956497627923380e-01	   5.6374431444325923e-01	   5.6517846163854657e-01	   5.7391551541207653e-01	   3.5548293123091268e-01	   5.2489588921305663e-01	   7.6992550174228058e-01	   7.6349971083431156e-01	  -2.9115514717725565e-02	  -5.8379867818155584e-01	   4.7004071955892401e-01	   2.9006926574188902e-01	   7.0974251836024427e-01	   4.9553312348577017e-01	   4.5671313174951667e-01	   3.4751487176840601e-01	   5.2065240714590544e-01	   3.7932630931817690e-01	   1.4783388728213676e-01	   7.2565691577305735e-01	
   3.5939718527108228e-01	   1.0793016935429040e-01	   5.8226076351627121e-01	   4.8223933880365860e-01	   1.6632738403378183e-01	   5.1625710590093599e-01	   6.2387363424147435e-01	   5.4451714453378686e-01	   3.8518246775037868e-01	   4.4826102686714886e-01	   5.8712145950914452e-01	   6.3847705316536962e-01	   5.7704569720538568e-01	   6.6787278867528688e-01	   8.0552639383304125e-01	   0.0000000000000000e+00	   1.7912793789748285e-01	  -9.5943085065038985e-02	   3.9964689327963454e-01	   4.4619708697390981e-01	   7.2161081749765088e-01	   7.5568645747200036e-01	   7.0914789719415849e-01	   7.4912329125243526e-01	   3.9435330534156798e-01	   3.1963248811102479e-01	   3.8168544118960873e-01	   6.7141990765020831e-01	   4.4787493292032193e-01	   7.7977366133066342e-02	   4.1640066260185116e-01	   7.2561036761808451e-01	   6.6219878058237547e-01	   5.7101736785226020e-01	   7.5143251320719640e-01	   6.7045327514746145e-01	   3.3947506289806806e-01	   3.9758605479400488e-01	   6.3630647073476765e-01	   5.6378764307344009e-01	   7.1829976484056601e-01	   5.2769870448095257e-01	   1.6218929325359524e-02	   4.4434196821484404e-02	   1.0045869288232884e-02	   3.2596746987561503e-01	  -6.4240069508638573e-02	   1.6182688182172278e-02	  -5.0994217982695329e-02	   4.8140913589622103e-01	   2.9041406147661930e-01	   5.1732189498148196e-01	   2.1007722459815409e-01	   5.3540630395920430e-01	  -2.3415275743909329e-02	   5.8176071682369557e-01	   1.1552571056918998e-01	  -2.5216758894909674e-01	   1.2208020189417584e-01	   3.1325831840248131e-01	   4.2455904419880375e-01	   3.7757767169860479e-01	   4.0716802884462466e-01	   3.1505883423464293e-01	   6.8850952120022801e-01	   7.0415582771132368e-01	   6.2106716898495162e-01	   6.9827732350167770e-01	   2.9861895929299109e-01	   5.4523778938439649e-01	   3.4006889216980796e-01	   3.9863847484323189e-01	   5.8352073660998138e-01	   5.8899579316575290e-01	   5.3897034661841214e-01	   4.5995264812033354e-01	   6.8072316652385700e-01	   7.1927452465117447e-01	  -7.8476984201616168e-02	  -5.9416640226166351e-01	   3.8372212207006900e-01	   2.6875775483693209e-01	   6.1620981779418615e-01	   4.6375859748114295e-01	   4.2869988558896410e-01	   5.0166195826020132e-01	   2.9026455820220620e-01	   1.7158328841237144e-01	   1.6387780251237702e-01	   6.1139433558646117e-01	
   8.0018569501782011e-01	   5.1427943056080838e-01	   4.5559403234657775e-01	   4.0315807659712721e-01	   5.0116051344944443e-02	   2.4096231729217277e-01	   5.7080399983246921e-01	   4.9699911207368919e-01	   3.7407842057559210e-01	   2.4963947317572849e-01	   7.4587880925290628e-01	   5.7027379113242771e-01	   6.7470865429019633e-01	   7.1191789178195886e-01	   4.4056540969730251e-01	   1.7912793789748285e-01	   0.0000000000000000e+00	   4.2216475426498612e-01	   7.2573165157652708e-01	   7.3327180416941062e-01	   1.2483034874195045e-01	   1.9590150027968439e-01	   4.8146496692834828e-01	   4.9568887034993747e-01	  -4.3197333727798014e-02	  -1.6246421027427432e-01	  -1.9015629707904680e-01	   1.0280206962911559e-01	   6.4880700046484030e-01	   8.3137992105664804e-02	   2.4168452291028503e-01	   3.5010584692514124e-01	   7.1684486765764532e-01	   7.5929597076535815e-01	   3.6588970946329435e-01	   3.8663938938180731e-01	   3.9024381402588731e-01	   2.8816135402132326e-01	   4.0101518943387349e-01	   3.2981389217193730e-01	   3.4008926127995953e-01	   5.0436494099391971e-01	   5.7867928909567734e-01	   4.0608235874509829e-01	   3.1614130433733767e-01	   4.0962545613562262e-01	   4.5826785672002890e-01	   5.0853706859164416e-01	   2.0206570790651018e-01	   4.5385083742220400e-01	   5.3893147416133746e-01	   5.7433104442732574e-01	   3.2702044290232796e-01	   4.2012730304182216e-01	   1.8161791484137763e-01	   5.7365685137108213e-01	   7.9566609766811502e-01	   3.8661758487595194e-01	   4.1340152140051117e-01	   6.0913382631763024e-01	   7.5397781367407057e-01	   6.9921726556129271e-01	   8.1945344864578951e-01	   7.6469018666059307e-01	   4.6820275731756039e-01	   4.6891309492923194e-01	   6.5253954940137504e-01	   5.6275738585841273e-01	   7.4289742983618989e-01	   7.1891986507517169e-01	   1.5724822616250150e-01	   2.7359030130126316e-01	   4.3156099728815511e-01	   3.6694272201268940e-01	   1.4273518480165681e-01	   5.1756350327441569e-01	   5.9183282157335371e-01	   6.1195258422229371e-01	   3.2797741474406905e-01	  -3.3730204286076004e-01	   7.6613809802516541e-01	   7.4476237111911303e-01	   3.1268338142391094e-01	   5.3520054110834908e-02	   6.1571577937286237e-01	   2.6161496771342707e-01	   6.2718720994430743e-01	   2.4333932418051729e-01	   1.2903399796602386e-01	   5.9192782207414329e-01	
