   0.0000000000000000e+00	  -6.6997757159523486e-01	   8.4579290957076858e-01	  -5.1670099830882088e-01	   1.8809263773552248e-01	   7.9858439012367222e-01	   9.2178107321600988e-01	  -6.4875064395047533e-01	   7.2010635564174641e-02	   6.1407090464774350e-01	   6.5772931439707905e-01	   7.2608726420534309e-01	   7.0902919572539225e-01	   4.4303009392162224e-02	  -4.8919478556215834e-01	   7.6716940169730863e-01	   1.3702355457228901e-01	   3.3079392520634110e-01	   1.9126491568168982e-01	   2.1985125954260540e-02	   7.3385179415601742e-01	   4.0384412121800467e-01	  -2.1206784146414570e-01	  -3.2013766588716452e-01	   6.6216104462921233e-01	   6.9533928304109915e-01	   6.8458227225253199e-01	   4.9440599028270310e-01	   8.4617264041165940e-01	  -5.8068768586708464e-01	   1.5187591103278278e-01	   5.1098816033909922e-01	   5.5807242427898907e-01	   1.5141891918555694e-01	  -1.1888336980133782e-01	  -2.5823630211624815e-01	   5.8154118799479715e-01	  -2.8460416355874074e-01	  -4.0246370006376653e-01	   3.5736200049053285e-02	   5.4201087551297555e-01	  -6.8803247907114073e-01	   2.4880100251146081e-01	  -4.3293241141155592e-01	   2.1390374146948937e-01	   4.8640205667938213e-01	  -9.4946670400418348e-02	   1.0386481097381078e-01	  -7.5767548119208508e-02	   6.0592040806811709e-01	  -1.7062041262412334e-01	   7.3631139506285170e-01	  -6.3029452455095092e-01	   9.5419111898028652e-01	  -3.7257895512916728e-01	   3.0753200585424778e-01	   9.5619552135569641e-01	  -6.9255390341072853e-01	   7.9272167389908521e-01	  -5.9228815030736626e-01	   5.3231309458026943e-01	  -5.5904020688660028e-01	   6.6909018880188215e-02	  -2.9195940969331110e-03	  -3.5945564181419543e-01	   5.1528517664729701e-01	   3.3789663558828120e-01	   2.1107935187291479e-01	   4.2058212496188407e-01	   5.0891448766083514e-01	  -6.4147196958346608e-01	   7.1859919984767517e-01	   4.0550818159892166e-01	   2.9478344261578365e-01	  -3.6200603706551959e-01	   7.5600249937773278e-01	  -1.4530834843224283e-01	   8.5247374784577112e-01	  -3.3270780320010501e-01	  -7.3132076646698840e-01	  -1.4359261692072239e-01	   7.4078970970083213e-01	  -6.4013657663369319e-02	   2.4710002675729167e-01	  -8.2764754176882749e-01	   9.2683397533010659e-01	  -4.9633021265499766e-01	   6.4177128315094023e-01	  -8.3721435801984123e-01	   9.4094634681017442e-01	
  -6.6997757159523486e-01	   0.0000000000000000e+00	  -6.8115861580821568e-01	   7.8780835080152789e-01	  -3.1231974140485086e-01	  -8.1833765881399723e-01	  -8.1973286171131865e-01	   8.8842629820771746e-01	  -2.5004713550374713e-01	  -7.4565926973414309e-01	  -2.0540975858691951e-01	  -2.8211635768773530e-01	  -4.6949208138512849e-01	   3.6126322208931760e-01	   5.3386352076486676e-01	  -6.2250486904184998e-01	   3.9146801523293773e-01	   1.5991982874955535e-01	   4.4833420942463309e-01	   5.9745905483348594e-01	  -5.6534297284295532e-01	  -9.0939890261836354e-02	   1.5281050213080621e-01	   3.4521065858486505e-01	  -7.4368960280004881e-01	  -8.0794539175249525e-01	  -6.4035623055871049e-01	  -4.2680666552807284e-01	  -7.1837862663453955e-01	   7.6746473929207615e-01	  -1.3628108694995814e-01	  -5.0840690929330212e-01	  -1.1126087512605956e-01	   3.8244047175175938e-01	  -1.0659951354557234e-01	   8.7851286905927750e-02	  -3.6896796868705561e-01	   4.4790200201098218e-01	   5.1308595834241100e-01	   2.1284594251284600e-01	  -3.9133084081310121e-01	   5.7744077803018734e-01	   2.1176281288900931e-01	   7.2894259079522894e-01	   6.7596122351220117e-02	   1.8276587083778800e-03	   5.4961754625354153e-01	   5.3212834073016335e-01	   1.9423797902282725e-01	  -2.9558900033953311e-01	   5.2315248825948069e-01	  -4.7327053025862720e-01	   8.3307882374645370e-01	  -6.7819101058067255e-01	   6.0737573871555750e-01	   1.6827902416599988e-01	  -7.4737139195054325e-01	   9.7431358363729337e-01	  -2.7594026107822678e-01	   8.8113748249204449e-01	   9.7210598009198790e-02	   9.0081618650179274e-01	   4.5899506613107849e-01	   5.6568352662302490e-01	   5.5245962350567412e-01	  -3.0160422612645110e-01	   2.1291169417792266e-01	   3.3244722703904112e-01	   1.9755923441080045e-01	   2.3512500127058734e-02	   5.9759146429944898e-01	  -7.2080851735489726e-01	  -2.4548578884061664e-01	  -5.8928872449994341e-02	   4.0420190353795116e-01	  -7.3497586524509495e-01	   5.8632187533277769e-01	  -4.8091444519183268e-01	   4.2068119773835067e-01	   6.4618311856679533e-01	   6.8472728599620125e-01	  -3.7534327223690589e-01	   3.2420379694132068e-01	   2.1212111176565218e-01	   8.8295387825572247e-01	  -7.5942470218092795e-01	   6.5545404075215441e-01	  -3.0694261920486327e-01	   8.7552564365193852e-01	  -8.1020306034747858e-01	
   8.4579290957076858e-01	  -6.8115861580821568e-01	   0.0000000000000000e+00	  -3.3829119994341778e-01	   1.3167463160232437e-01	   7.0153961882439198e-01	   9.0379697699519568e-01	  -5.1007510718805249e-01	   3.4602647059242278e-02	   5.2035876838893325e-01	   4.0310212927659184e-01	   6.3183754415164417e-01	   6.3942438306533211e-01	   6.5136136081527587e-02	  -4.9953911300860193e-01	   6.4488768830417387e-01	   3.7878571472015801e-02	   8.9000376184436153e-02	   1.1824037658379929e-01	  -9.6553697851822051e-02	   6.2504063041344282e-01	   3.9946971823762156e-01	   2.0763147807016180e-01	   2.5477206639223940e-02	   6.4329735913929809e-01	   6.8652120040627906e-01	   5.9405138702063198e-01	   4.3048614713530481e-01	   7.1323204158644082e-01	  -5.0114265370358624e-01	  -5.3169098903897108e-04	   3.8648819115722766e-01	   4.8898993961689657e-01	   9.2853000765064503e-02	   5.6928783152484397e-02	  -7.2641248934717184e-02	   5.2778827614479873e-01	  -2.6352992144534043e-01	  -3.9432418414681747e-01	   2.9729510107879560e-02	   4.8895975018404936e-01	  -5.6447592079671693e-01	   2.5619995723897926e-01	  -5.0810626039007711e-01	   3.3182162044708474e-01	   4.3504463219982420e-01	  -1.6763585015136329e-01	  -8.2124313100569876e-02	   1.1755628262857090e-01	   5.9122024325095124e-01	  -3.2518184388608984e-02	   7.5732634991839276e-01	  -5.3118360574470724e-01	   8.6380091438672790e-01	  -2.7897023036191587e-01	   1.7237423502399796e-01	   7.6723805987967664e-01	  -7.1337555926731766e-01	   6.1164089821578782e-01	  -5.6003621570278139e-01	   4.2494878111685858e-01	  -5.8153944260931012e-01	   2.2442206302619925e-02	  -1.2224419044292870e-01	  -1.2279267755706727e-01	   5.7895823481150366e-01	   2.6483741580083087e-01	   1.0333281497516562e-01	   1.9959792240200760e-01	   3.2522349104194115e-01	  -7.4055248303087606e-01	   5.2862417316762289e-01	   3.8326067750732973e-01	   3.6053762421314700e-01	  -3.5616916722374808e-01	   6.7765564756269436e-01	  -1.0602102495770466e-01	   7.0185677460337481e-01	  -2.3961274535976751e-01	  -6.3586138878487142e-01	  -1.2799516105396616e-01	   6.2452493262029318e-01	   4.6873764218939795e-02	   2.4010154876659109e-01	  -6.8206187621307646e-01	   8.2621594439370805e-01	  -4.7177949635616262e-01	   5.1552862086406892e-01	  -6.8891946016027750e-01	   8.0793160730324809e-01	
  -5.1670099830882088e-01	   7.8780835080152789e-01	  -3.3829119994341778e-01	   0.0000000000000000e+00	  -3.5629765480730835e-01	  -6.9650683391739232e-01	  -5.9667812030468026e-01	   8.6418564355964167e-01	  -4.0554089451781739e-01	  -7.0868369918622842e-01	  -2.8744165121181220e-01	  -1.0185670502010921e-01	  -4.1148248627726325e-01	   3.4339120695777126e-01	   4.2230014444067099e-01	  -4.9009929282335951e-01	   2.0084372974131331e-01	  -5.1310792528863489e-02	   5.6555470772432959e-01	   6.2614504605930499e-01	  -4.0430010262799665e-01	   1.3250132131516535e-02	   5.9937011150393493e-01	   7.3458251405667052e-01	  -5.4058646120729659e-01	  -5.8793369641958781e-01	  -4.5890219173512425e-01	  -2.5197575778505027e-01	  -6.2311132369876610e-01	   6.0317461274545747e-01	  -7.9051628514798262e-03	  -2.2321987212583833e-01	   2.5785710314363282e-02	   5.1021852525697464e-01	   2.0844589754527498e-01	   3.2502954874370471e-01	  -3.2603754738900620e-01	   4.0876688743290890e-01	   5.3530807640279909e-01	   2.5386876843859485e-01	  -2.8515518958611735e-01	   4.8762882127886481e-01	   2.2599722202371114e-01	   4.9815058343087071e-01	   2.0427458515353036e-01	  -4.0230335610330480e-02	   3.2924968765425594e-01	   3.1881719431136268e-01	   1.5768532588687165e-01	  -2.2279978934973499e-01	   5.7140222845695809e-01	  -2.1316262784534190e-01	   6.0624218585275091e-01	  -4.6705810148939464e-01	   4.7609217938561799e-01	   6.0055407730916971e-02	  -6.1244675106650737e-01	   7.5232339255359304e-01	  -2.0078138589249628e-01	   7.7315626350064592e-01	   3.8818873506642163e-02	   6.7140213307928498e-01	   2.6479454853521012e-01	   3.1556255016602053e-01	   5.5049696440525420e-01	  -1.6626787071981827e-02	   2.5876390293788598e-01	   3.8339303657189661e-01	   2.9683894082685874e-01	   1.9987709496473227e-01	   4.6695597536478817e-01	  -6.0989891081537506e-01	  -2.4822716001435635e-01	  -4.5997372683061971e-03	   2.9563973089056517e-01	  -5.4887501878405742e-01	   6.2014765293192053e-01	  -3.5243398020141536e-01	   5.3494418577516567e-01	   4.6456736339434207e-01	   5.7712038882839278e-01	  -3.1240370366277692e-01	   3.5388484167643142e-01	   2.1118573364715329e-01	   7.8914169557296476e-01	  -5.5935277527901284e-01	   5.5841089036006553e-01	  -2.2847503521324178e-01	   7.2163948125361854e-01	  -6.3408486236638195e-01	
   1.8809263773552248e-01	  -3.1231974140485086e-01	   1.3167463160232437e-01	  -3.5629765480730835e-01	   0.0000000000000000e+00	   5.5300673978891646e-01	   3.0381578050355174e-01	  -1.8137075945667133e-01	   8.7447134967617901e-01	   7.2924256825397804e-01	   1.0452430100889454e-01	  -9.3194377002316975e-02	   3.1151196129752656e-01	  -5.5044870392042790e-02	   1.8629766547569429e-01	   2.2438434809288874e-01	  -1.4813949002937704e-01	  -1.4285447772132992e-01	  -1.6113874900407271e-01	  -1.4533890877908018e-01	   2.2626794080017251e-01	   4.9265021176609268e-02	  -2.5039587262602875e-01	  -1.5081574949434248e-01	   6.0205067668852685e-01	   5.9620197378866147e-01	   4.6997291195352303e-01	   3.4366592239143923e-01	   1.9425156360595613e-01	  -3.9611174582206288e-01	   1.5221616261568791e-01	   1.7867011041333414e-01	   2.9372852570540170e-01	  -3.9480111384272418e-02	   2.2904657505056679e-02	  -7.1949440136187301e-02	  -9.2685562290893506e-03	  -1.6923931048894383e-01	  -6.9565606397104005e-02	  -1.7303856302318810e-01	   1.4776374148266785e-01	  -2.2960428431484484e-01	  -1.4424559328701075e-01	  -2.6129411701999189e-01	  -1.3489089272464413e-01	  -2.9285850595004381e-02	   1.8698693609261928e-02	  -9.5521666816239179e-02	  -1.9030059840688524e-01	  -8.8587218837611503e-02	  -3.5576995938411854e-01	   3.2968174474143540e-02	  -2.6729010780059925e-01	   1.7257665524361923e-01	  -9.4932677127112300e-02	   1.6756455510746019e-03	   2.2966024016210423e-01	  -2.7707540152616184e-01	  -5.3666869175021418e-03	  -2.8427037323989801e-01	  -7.4688109002162731e-02	  -2.7340457031268717e-01	  -2.3872266924400035e-02	  -1.0496630824011001e-01	  -1.7844577266271672e-01	  -3.4960478619775713e-02	  -1.3475562743192898e-01	  -7.1518708045457777e-02	  -8.8501501166653868e-02	   3.5712371335006605e-02	  -9.6208786646383576e-02	   2.1008238369203278e-01	   1.6605362427023540e-01	  -2.9074113765164143e-02	   4.4895308433970632e-02	   2.0890547112190272e-01	  -8.3053085962721429e-02	   2.3665555913914899e-01	  -2.9630227327676373e-01	  -2.4981648713652321e-01	  -2.0517515083861460e-01	   6.8642885197132728e-02	  -4.5935908979111484e-02	  -2.1383151940406975e-01	  -3.2035175610706412e-01	   2.1041182315950274e-01	  -1.3573230384324267e-01	  -1.3113655037277275e-01	  -2.2684248423731115e-01	   2.5231836622144271e-01	
   7.9858439012367222e-01	  -8.1833765881399723e-01	   7.0153961882439198e-01	  -6.9650683391739232e-01	   5.5300673978891646e-01	   0.0000000000000000e+00	   8.4777887508969352e-01	  -7.1660535482602017e-01	   4.4029177193379343e-01	   8.8808819169312270e-01	   4.6087265016480999e-01	   4.4087326886413714e-01	   6.5093923860518976e-01	  -6.8940789408305891e-02	  -4.2420521994970484e-01	   7.9335193013467209e-01	  -1.3609127744029595e-01	   8.6263236497075818e-02	  -1.8224307471819770e-01	  -2.8601401245316316e-01	   6.8247191901124427e-01	   3.3185651756593820e-01	  -2.7405122068326471e-01	  -3.5296051567584230e-01	   8.9122033883605112e-01	   9.0145955663547828e-01	   8.0712746689401349e-01	   6.3257348770842636e-01	   7.1520747230403314e-01	  -7.2984779746621042e-01	   7.1412999129634003e-02	   4.3625632203364451e-01	   3.8251280134031296e-01	  -1.1891080583573571e-01	  -5.8851485893226155e-02	  -2.0553383982555695e-01	   4.0479940491910393e-01	  -3.1415199868475274e-01	  -3.6346257667169035e-01	  -2.2224956399270628e-02	   4.6167563154575653e-01	  -6.8074138314826094e-01	  -2.6888475937408216e-02	  -5.8846606023743520e-01	   3.4009118718961194e-02	   2.6117114943933939e-01	  -2.8540401272618227e-01	  -2.0624256305305033e-01	  -1.3619400167203385e-01	   3.7355828380483747e-01	  -4.4731084831916934e-01	   5.0501600135747748e-01	  -7.2081832050362293e-01	   7.6306562821588331e-01	  -3.9072854783365540e-01	   1.4990351358821979e-01	   8.2790876702767391e-01	  -8.0173149012338096e-01	   5.1634565954892842e-01	  -7.0836209302572783e-01	   2.0589057744947820e-01	  -6.8412853712408306e-01	  -1.3153232861619596e-01	  -2.5084259605420872e-01	  -4.4053015398865358e-01	   2.8325365606509956e-01	   4.9615370165521512e-02	  -5.5240560791708297e-02	   4.6944458664251502e-02	   2.3857945183919535e-01	  -6.2068682157534538e-01	   6.4407153480480073e-01	   3.4676113910422818e-01	   1.0194228333615428e-01	  -3.3748063033038200e-01	   7.2909149301141296e-01	  -3.0677979626732643e-01	   7.3754420105700580e-01	  -5.3207778504719916e-01	  -7.8387351122745252e-01	  -4.2275492153025318e-01	   4.7362101004664658e-01	  -1.0288788184218337e-01	   6.4144282826713583e-02	  -8.7918833579434885e-01	   7.9916327149159250e-01	  -4.6725055952343403e-01	   4.8491712427912481e-01	  -7.8374952800869779e-01	   8.7008126937858588e-01	
   9.2178107321600988e-01	  -8.1973286171131865e-01	   9.0379697699519568e-01	  -5.9667812030468026e-01	   3.0381578050355174e-01	   8.4777887508969352e-01	   0.0000000000000000e+00	  -6.8121742859108436e-01	   2.0300846302067446e-01	   7.3619878183628684e-01	   4.8246837400669773e-01	   6.1023279134742459e-01	   6.9499479634603611e-01	  -1.0633947221950990e-02	  -5.6497844917424245e-01	   7.1385997106740384e-01	  -1.5658068098235854e-02	   1.7589791334022048e-01	   7.4418931494277373e-03	  -1.7635549707415502e-01	   6.5573634740247366e-01	   2.9344134015394402e-01	  -8.6510783455466381e-02	  -2.3396096691025361e-01	   7.1050637920070292e-01	   7.9470342135734184e-01	   6.6050792554453208e-01	   4.1682173213671336e-01	   8.6111101193292550e-01	  -6.1543188917833580e-01	   1.7934699684868197e-01	   5.2702816883746717e-01	   4.7837950757877246e-01	   1.5633525937677119e-02	  -2.0470546019991001e-02	  -1.8347492543588001e-01	   5.1932277154559592e-01	  -3.8362984488047325e-01	  -5.1085097904283616e-01	  -1.2588972338476107e-01	   5.0491700693217900e-01	  -6.5270110080085497e-01	   1.3083906294437037e-01	  -5.4040390487652634e-01	   2.0732427290494296e-01	   3.8620723170723853e-01	  -2.2964528336201129e-01	  -1.1200008492426547e-01	  -7.4352640841220563e-02	   5.3955762668341722e-01	  -2.7933447387416377e-01	   7.1833266059352030e-01	  -7.2650399923926168e-01	   9.0415588795321056e-01	  -4.9882590875470134e-01	   1.6382581466848817e-01	   8.8277225084478372e-01	  -8.2868761764495613e-01	   6.1831674255388913e-01	  -7.0849382325326093e-01	   3.6438767846643316e-01	  -6.8507518825440106e-01	  -5.8717314455544276e-02	  -1.4930996843698746e-01	  -3.2839494958927828e-01	   5.8146267489008918e-01	   1.9396255240336452e-01	   7.4762643133376591e-02	   1.9112874379067563e-01	   3.4379149652143814e-01	  -6.9897151683359238e-01	   7.2012781688957550e-01	   4.0578486634322897e-01	   2.8895448381136762e-01	  -3.9105489602976556e-01	   7.7021177563072707e-01	  -2.6589154164517825e-01	   7.7637540021884655e-01	  -3.3032514422013892e-01	  -6.8326977797656940e-01	  -2.9706646809629744e-01	   6.9287023593980512e-01	  -1.4338155810202263e-01	   1.0343838039515155e-01	  -8.6782290396828976e-01	   9.2090263889098678e-01	  -6.2313628024409018e-01	   4.5860207186346569e-01	  -8.8523819831601003e-01	   9.2729745195662039e-01	
  -6.4875064395047533e-01	   8.8842629820771746e-01	  -5.1007510718805249e-01	   8.6418564355964167e-01	  -1.8137075945667133e-01	  -7.1660535482602017e-01	  -6.8121742859108436e-01	   0.0000000000000000e+00	  -1.4346714213146372e-01	  -6.0427123270207361e-01	  -2.8829650510320098e-01	  -2.2584090649143496e-01	  -4.0148344126556063e-01	   4.9900833289989766e-01	   4.9474442118793177e-01	  -5.8742360753238931e-01	   3.0560081649693482e-01	   6.9198241706308880e-02	   4.5831761714887376e-01	   5.5260585211839497e-01	  -5.7091113316728703e-01	  -8.0754072695861018e-02	   3.9559486952165712e-01	   6.1367187825223246e-01	  -6.4066747870902252e-01	  -6.7490453004654705e-01	  -6.1413318797108440e-01	  -4.6408275287770839e-01	  -6.8401860270358750e-01	   7.6049409612122143e-01	  -9.6292295150481488e-02	  -4.4014284988371088e-01	  -3.0341897252116848e-02	   4.2981575735698224e-01	  -4.2970911391595644e-03	   1.6385601455800120e-01	  -3.7805387124057255e-01	   4.5216082499151333e-01	   4.7768350940318427e-01	   1.9956983988073190e-01	  -3.5482492945879562e-01	   6.0016991324696789e-01	   2.2046437390037019e-01	   6.3904335754132313e-01	   1.7422650490717012e-01	  -1.2851404224337285e-02	   5.2527100546971739e-01	   4.2424187100665361e-01	   2.1660687753775265e-01	  -2.7494276035299120e-01	   5.2082125816194380e-01	  -4.1063641118073296e-01	   7.5152341329628314e-01	  -6.4241492722219384e-01	   5.4666574427766279e-01	   1.2565574297463208e-01	  -7.6723453714319034e-01	   8.6742811210753268e-01	  -2.9836005372176405e-01	   8.2559680151800530e-01	   7.6243375090454535e-02	   8.2568539489388904e-01	   4.2313694872764718e-01	   5.0311877668000904e-01	   6.7266220462831738e-01	  -1.4352702437639495e-01	   1.9406666056773877e-01	   3.2071942618676175e-01	   1.0737981471391773e-01	  -1.1012025793440277e-02	   5.0499935261754059e-01	  -6.9479222080236003e-01	  -1.9931423885206845e-01	  -4.7242908682110256e-03	   3.9955454579080318e-01	  -7.0207298311874411e-01	   6.1139006672648677e-01	  -4.2468599167112092e-01	   4.5924431300477775e-01	   6.3018475987046907e-01	   6.6623519563943445e-01	  -3.3337175857487711e-01	   3.6735214640661262e-01	   2.2381556998269175e-01	   8.4508622215845186e-01	  -7.1195217294867785e-01	   5.6443108459373326e-01	  -4.0020275179769038e-01	   8.3058898164524808e-01	  -7.8173825886715598e-01	
   7.2010635564174641e-02	  -2.5004713550374713e-01	   3.4602647059242278e-02	  -4.0554089451781739e-01	   8.7447134967617901e-01	   4.4029177193379343e-01	   2.0300846302067446e-01	  -1.4346714213146372e-01	   0.0000000000000000e+00	   6.6774378075271890e-01	   1.3139177559732801e-01	  -1.6805807549761531e-01	   3.8154243369069563e-01	  -1.6030565571187899e-02	   2.7607274461213360e-01	   1.2652773540273199e-01	  -1.7869040675102352e-01	  -1.0201274553724435e-01	  -3.0301939174309916e-01	  -2.1474535933620659e-01	   7.8715788966519679e-02	  -7.8945297590413299e-02	  -3.8158416247543842e-01	  -2.4778900210183491e-01	   4.1451098149027821e-01	   4.3219783650278154e-01	   2.3313840042223788e-01	   1.3965401890430562e-01	   1.4899749231546272e-01	  -2.8404142453789494e-01	  -1.2757416855922318e-02	   6.3033942236583578e-03	   8.9850772820405989e-02	  -1.5397478040118007e-01	  -1.3569320845125160e-01	  -1.6225927006575933e-01	   1.8818019594723984e-02	  -1.8502870882091518e-01	  -1.9361625241763761e-01	  -2.1926146373321992e-01	   1.5205279069735739e-01	  -8.9888822607323671e-02	  -2.1016792430217621e-01	  -1.1966556453676516e-01	  -2.2871727145885762e-01	  -2.5201273964915059e-03	  -4.1543728828430633e-03	  -8.4753272091074389e-02	  -1.0588506173574198e-01	  -6.2430451741441059e-02	  -4.1455552395937806e-01	  -6.3552918437795133e-02	  -1.9789363079226138e-01	   4.8841938341355806e-02	  -1.3889078518644848e-01	  -4.2425254371261059e-02	   9.3704103069898986e-02	  -2.2710289281687174e-01	  -9.1610938160595817e-02	  -2.6159690434721844e-01	  -9.2802422631318951e-02	  -1.7196308791019432e-01	  -2.0563385219273801e-02	  -3.5476283624054007e-02	  -1.7042922656567844e-01	  -1.2626401649381791e-01	  -1.7100799820219137e-01	  -1.5676928806657439e-01	  -2.4304094250169883e-01	  -1.9490078627622170e-01	  -1.3381902958710420e-01	   1.1963835051776593e-01	   1.2866770395865446e-01	  -2.4936436332123051e-02	   9.4148946805880235e-02	   1.4364460136226909e-01	  -1.6082771475176330e-01	   1.3491143231148683e-01	  -3.1821504953401619e-01	  -1.3743562491647571e-01	  -1.6713413152608020e-01	  -2.3574438087828864e-03	  -5.0646659700392740e-02	  -2.2421710946131254e-01	  -2.8442944854821606e-01	   7.9223085976753135e-02	  -2.1552885425497259e-01	  -2.3595917564524740e-01	  -1.8075173465096323e-01	   1.1347801800941827e-01	
   6.1407090464774350e-01	  -7.4565926973414309e-01	   5.2035876838893325e-01	  -7.0868369918622842e-01	   7.2924256825397804e-01	   8.8808819169312270e-01	   7.3619878183628684e-01	  -6.0427123270207361e-01	   6.6774378075271890e-01	   0.0000000000000000e+00	   2.9605484872372573e-01	   2.2159970574251159e-01	   5.7386958892432682e-01	  -7.8579635341951753e-02	  -3.3832488988200771e-01	   6.3383019908751237e-01	  -1.5680142712392378e-01	   5.1829872449355406e-02	  -2.8712692504953841e-01	  -3.3934813539188113e-01	   4.7805873092896867e-01	   1.1302251244257130e-01	  -3.2442598239012704e-01	  -3.7402506991723411e-01	   7.5646276312658878e-01	   8.2141595348039176e-01	   6.4115596774928629e-01	   4.5951716829120792e-01	   6.1555132747647023e-01	  -5.8976198964185800e-01	   1.4577689284901599e-01	   3.5845167599617578e-01	   3.3469979993831167e-01	  -1.3387675543895503e-01	  -9.5171319271324550e-02	  -2.2315518649780708e-01	   3.2021588227437081e-01	  -2.8474349697997176e-01	  -4.2264237106644992e-01	  -1.3354204413653095e-01	   3.8308501516880250e-01	  -4.7157749211248579e-01	  -9.4608635399147739e-02	  -4.6312469926491706e-01	  -4.8717726807493311e-02	   1.3084025893112203e-01	  -2.1616590256460866e-01	  -1.7316505680213792e-01	  -1.6433057929559444e-01	   2.3100522695039694e-01	  -4.9489022185776799e-01	   3.5805931976736310e-01	  -6.6101032933535286e-01	   6.0730563749508948e-01	  -4.3535194604472477e-01	   1.3045909580612658e-01	   6.5467131290612901e-01	  -7.1028540823223041e-01	   3.2100441352690468e-01	  -6.6369185015120236e-01	   5.7004916788690463e-02	  -6.0047058127427877e-01	  -1.6311755715772280e-01	  -2.3864345243051815e-01	  -4.3519311075058076e-01	   2.2348630455425011e-01	  -5.3602110693447669e-02	  -9.9142339072692987e-02	  -7.2659314222148913e-02	   8.1549702600619764e-02	  -5.1955251954042270e-01	   5.5209234660655948e-01	   3.1202609000492715e-01	   1.1220488092922615e-01	  -2.3406527932826751e-01	   5.8023935948606209e-01	  -3.6271089296223202e-01	   5.6463934685720929e-01	  -4.6090668748740493e-01	  -5.6992680090996406e-01	  -4.2434930757942135e-01	   4.0873255836987993e-01	  -1.8823910343293065e-01	  -7.1134375462273719e-02	  -7.6862764142431628e-01	   6.4385646023290111e-01	  -5.2379059215462020e-01	   2.0075782149103527e-01	  -7.0315808387466205e-01	   7.0287516929606486e-01	
   6.5772931439707905e-01	  -2.0540975858691951e-01	   4.0310212927659184e-01	  -2.8744165121181220e-01	   1.0452430100889454e-01	   4.6087265016480999e-01	   4.8246837400669773e-01	  -2.8829650510320098e-01	   1.3139177559732801e-01	   2.9605484872372573e-01	   0.0000000000000000e+00	   6.7612168043027465e-01	   7.1545824557425997e-01	   3.4088242550142112e-01	   7.8468845564230189e-03	   4.3291859873919958e-01	   3.6457958003469104e-01	   4.8930172825764434e-01	   2.3054744920286840e-01	   2.5712987475788612e-01	   4.9431325226424117e-01	   3.2968632447990054e-01	  -3.9995972819963210e-01	  -3.6333644141349286e-01	   2.9300346475028960e-01	   2.4236188110305334e-01	   2.9599653215789551e-01	   2.0370177325959263e-01	   5.3756818040678400e-01	  -2.0190186459798654e-01	  -1.4075346450551585e-02	   2.0301064358578824e-01	   3.3083632668600826e-01	   2.5845753074868916e-01	  -3.9271034788366960e-01	  -3.9997401786644171e-01	   3.6304155591464005e-01	  -3.2678170487566593e-01	  -1.7786547513329412e-01	  -1.5533211064185261e-02	   2.9532300422437874e-01	  -3.7697623285147541e-01	   2.9304776242607078e-01	   7.6582586122747370e-04	   6.0222837343567814e-02	   5.7421194403439646e-01	   1.7817636944873727e-01	   3.9753017590543938e-01	  -4.1683331036682113e-02	   5.1697440299329789e-01	  -6.5609798975763578e-02	   3.8005370646627168e-01	  -2.3507587413984624e-01	   5.0690133972466689e-01	  -8.9109313405845270e-02	   2.8188719279469032e-01	   5.6508803902730753e-01	  -2.3835732106615856e-01	   6.9187338274211663e-01	  -1.4958672124007077e-01	   6.4125302219583191e-01	  -5.3976068552847006e-02	   3.8967350942305812e-01	   3.3946621738191601e-01	  -1.8529671507389761e-01	   1.9255264827368218e-01	   4.7414409962695730e-01	   2.7597275771396612e-01	   3.7128031461094824e-01	   3.9384108901967074e-01	  -3.6683854821241785e-01	   4.2708215331324645e-01	   3.6064577493192762e-01	   3.6740716430298082e-01	  -7.2698584813164657e-02	   3.9610583730719229e-01	   1.0402072661480199e-01	   6.1474237954262512e-01	  -2.6629355891624007e-01	  -4.2488695981829350e-01	   2.4987171306224476e-01	   5.1369898212752374e-01	   1.5349416731591595e-01	   3.7333481929143797e-01	  -4.5853513944550484e-01	   4.7552734047301148e-01	  -9.8138000356734936e-02	   5.0564003275613978e-01	  -4.1691040022480963e-01	   4.8948674313115637e-01	
   7.2608726420534309e-01	  -2.8211635768773530e-01	   6.3183754415164417e-01	  -1.0185670502010921e-01	  -9.3194377002316975e-02	   4.4087326886413714e-01	   6.1023279134742459e-01	  -2.2584090649143496e-01	  -1.6805807549761531e-01	   2.2159970574251159e-01	   6.7612168043027465e-01	   0.0000000000000000e+00	   5.4226413068225909e-01	   4.1753837284285356e-01	  -2.3282672531855597e-01	   6.0677669164579984e-01	   2.2662256225145888e-01	   4.9759811440867385e-01	   3.2324803984422956e-01	   2.0687483072385465e-01	   5.1048646972174083e-01	   3.9476447020612804e-01	  -5.9924835620789929e-02	  -7.3968171562596968e-02	   2.7636549348811967e-01	   2.9441283346621755e-01	   3.3717844256293283e-01	   2.5508416025579428e-01	   5.2495061711001523e-01	  -1.9116614033936929e-01	   3.8626395906492104e-02	   2.7646513150442648e-01	   4.3215889956440651e-01	   3.6784070653830025e-01	  -1.4392016597737875e-01	  -9.3349708848883731e-02	   4.6231543389552299e-01	   6.2614734915215631e-03	  -2.6578450626452893e-01	   1.1232698559595394e-01	   2.6553368036430430e-01	  -3.7174025728278093e-01	   3.9094100407860838e-01	  -3.2485185301858066e-02	   2.7476579868889262e-01	   5.2083705728155028e-01	   4.5075721957584518e-02	   3.3381342708986583e-01	   9.8105252884221950e-02	   6.4107454417277465e-01	   2.2622249278144949e-01	   6.0676624751906283e-01	  -2.6399090106661777e-01	   6.5449327724605011e-01	  -1.6943152252973298e-01	   3.6905357114097104e-01	   6.0205297487965193e-01	  -3.0315001646962730e-01	   7.9106491830744985e-01	  -1.1534560724127857e-01	   6.6601511332712937e-01	  -1.5182788204596653e-01	   2.9867452381545145e-01	   2.4630825779823451e-01	  -6.7046612067905367e-02	   5.3605452262233833e-01	   5.6816152921385443e-01	   4.4346222329081819e-01	   3.9631178339555057e-01	   4.5933241684043807e-01	  -4.1909078154267937e-01	   4.1520914351249422e-01	   3.7924745515980196e-01	   4.2919197257630815e-01	  -2.3036480817667229e-01	   4.1535931764644363e-01	   2.2189033824931576e-01	   6.7271612073755549e-01	   6.0881022067423990e-02	  -3.7002890617137951e-01	   2.4256517471763750e-01	   6.9838718862635618e-01	   1.5334730537371827e-01	   4.8533710873185992e-01	  -4.4046880618104789e-01	   6.2966548030942082e-01	  -2.4630376492415151e-01	   5.4456917071585309e-01	  -4.8231626579206943e-01	   5.8222769741524760e-01	
   7.0902919572539225e-01	  -4.6949208138512849e-01	   6.3942438306533211e-01	  -4.1148248627726325e-01	   3.1151196129752656e-01	   6.5093923860518976e-01	   6.9499479634603611e-01	  -4.0148344126556063e-01	   3.8154243369069563e-01	   5.7386958892432682e-01	   7.1545824557425997e-01	   5.4226413068225909e-01	   0.0000000000000000e+00	   3.3413416853856043e-01	  -4.8383764334597380e-02	   4.8447211495942166e-01	   2.3039824484071164e-01	   2.8783043201894382e-01	  -1.0456391623755288e-02	  -2.2020219987016143e-02	   5.2257510007548535e-01	   3.5187927656908491e-01	  -2.3301545680347141e-01	  -2.6123706565528654e-01	   5.2239028865764447e-01	   5.2542131595254693e-01	   3.9012508950386915e-01	   2.1948495883341296e-01	   6.5826063909269283e-01	  -2.9440537440514253e-01	  -8.6238074771425116e-02	   2.3828338512203195e-01	   4.7859118618369684e-01	   1.2766468216973120e-01	  -2.6018830030739815e-01	  -3.1718746966451072e-01	   5.4389148975562573e-01	  -3.3009098173707985e-01	  -3.4871362109725218e-01	  -1.1631787873137392e-01	   4.2758682426889061e-01	  -3.2748372014284954e-01	   1.6583497400485725e-01	  -2.1456540550235376e-01	   1.6126103428533156e-01	   5.1621636896345424e-01	  -1.5331979134344351e-02	   1.5631425806668864e-01	   1.0591677708098837e-01	   5.2275354225823822e-01	  -1.5366319417616803e-01	   4.7479317349802419e-01	  -4.0198197817063347e-01	   6.2382255600340086e-01	  -2.8368158458438680e-01	   2.2866809475767647e-01	   6.1714845793407780e-01	  -5.1528420355540083e-01	   5.6586170920277334e-01	  -4.0299476864615991e-01	   5.7258618901876079e-01	  -2.7196726739507054e-01	   3.5362971109500396e-01	   2.1620409554153897e-01	  -2.0548972610239324e-01	   3.8547318968355482e-01	   3.1968925904016765e-01	   1.1623922663837877e-01	   1.3221721628920974e-01	   1.6663020839973866e-01	  -6.7543277820817604e-01	   4.2660996617840435e-01	   4.4308846585286266e-01	   4.4052178913174656e-01	   1.8936933488045742e-02	   5.9898402483978797e-01	  -8.3836765645473738e-02	   6.4754016207219400e-01	  -3.4280362788295926e-01	  -4.9347345824525263e-01	   1.1960678951259075e-01	   6.1218005662047326e-01	   2.1451100691732145e-01	   3.5836708560802388e-01	  -6.0375682190067281e-01	   6.3609395871135788e-01	  -3.6867647346848653e-01	   3.8581031085028694e-01	  -5.7912706256360580e-01	   5.8530538505813512e-01	
   4.4303009392162224e-02	   3.6126322208931760e-01	   6.5136136081527587e-02	   3.4339120695777126e-01	  -5.5044870392042790e-02	  -6.8940789408305891e-02	  -1.0633947221950990e-02	   4.9900833289989766e-01	  -1.6030565571187899e-02	  -7.8579635341951753e-02	   3.4088242550142112e-01	   4.1753837284285356e-01	   3.3413416853856043e-01	   0.0000000000000000e+00	   2.1419451285314944e-01	   9.9963189183246204e-02	   5.4195862386150329e-01	   5.0241577780200952e-01	   3.8325998612357970e-01	   3.9327576415608789e-01	   2.4343325643290267e-02	   2.8007278887818510e-01	   1.1419432770615334e-01	   2.7325640703318665e-01	  -1.5510199002450042e-01	  -1.9101633804644708e-01	  -1.8450146042488064e-01	  -2.2585708261164841e-01	  -3.7559497885842563e-02	   4.0796791429064594e-01	  -2.2738103327862277e-01	  -2.2486076053058590e-01	   3.1555469775747769e-01	   4.6580628084821152e-01	  -2.6898377119220984e-01	  -1.1996470022075645e-01	   1.7327134977789749e-01	   1.4534000983951495e-01	   5.8107276532460173e-02	   2.0988144355017202e-01	   3.3297202329462455e-02	   8.6538034834105174e-02	   4.1308346579489558e-01	   3.9073383986015320e-01	   3.1881684324661225e-01	   4.6457259972641585e-01	   4.8118464265533678e-01	   5.4745641222707353e-01	   3.4596814543172694e-01	   3.1260976393778844e-01	   3.9673976238938846e-01	   2.7979037142019395e-02	   3.4803915467468893e-01	  -1.6038215622858176e-02	   3.1463355710396285e-01	   4.6779460978281295e-01	  -1.1764598024213987e-01	   3.2414384500268012e-01	   3.3882858853124598e-01	   3.7177233975577484e-01	   6.4024045144436159e-01	   5.0002843475888603e-01	   6.9305772913943553e-01	   6.7785196739974651e-01	   3.7997396724512222e-01	   1.9372195977128781e-01	   5.1858260646038057e-01	   4.6099473848813272e-01	   1.6769571673302930e-01	   1.2847874086576863e-01	  -1.2591333324105153e-01	  -2.2431501731596193e-01	   2.1040002328110249e-01	   4.0906132421781360e-01	   1.8957397894118810e-01	  -1.8539768947932406e-01	   4.7638816067128031e-01	   2.8032165262074410e-01	   1.5941914574492333e-01	   1.6296831496119407e-01	   7.0882851705843097e-01	   3.0233935876177020e-01	   5.2152550200386416e-01	   6.9348051003782341e-01	   1.6366676646771777e-01	  -5.5110070568643935e-02	   2.2611366001926250e-01	   1.7761962750783045e-01	   2.3259224296771544e-01	  -1.2986928495924191e-01	
  -4.8919478556215834e-01	   5.3386352076486676e-01	  -4.9953911300860193e-01	   4.2230014444067099e-01	   1.8629766547569429e-01	  -4.2420521994970484e-01	  -5.6497844917424245e-01	   4.9474442118793177e-01	   2.7607274461213360e-01	  -3.3832488988200771e-01	   7.8468845564230189e-03	  -2.3282672531855597e-01	  -4.8383764334597380e-02	   2.1419451285314944e-01	   0.0000000000000000e+00	  -4.5019871220200619e-01	   7.9347896158805040e-02	  -1.5946802240841948e-01	   1.0087434351607524e-01	   2.8926693291053884e-01	  -2.8993771348168856e-01	  -9.6204388424150716e-02	  -3.3035700381273875e-02	   2.5323341757316609e-01	  -2.4664830216769051e-01	  -3.5595758797274718e-01	  -3.0103211477730291e-01	  -2.4272474643920960e-01	  -5.0013497333871515e-01	   3.0327310096929638e-01	  -2.7037207947869082e-02	  -1.4692725951285879e-01	  -3.5845805830251584e-02	   2.0112862751186411e-01	   6.7328945563163781e-02	   2.2465687133349557e-01	  -2.4555459403541208e-01	   1.2159523700454297e-01	   3.8689900792776083e-01	  -8.1113563588304419e-02	  -2.7182279899707373e-01	   4.4075021699872596e-01	  -1.0602158523530567e-01	   3.6631804126679457e-01	  -2.0711125208460809e-01	  -1.8926223053050314e-01	   2.1763320046838827e-01	   2.2792355471269615e-01	  -6.4357757546462974e-02	  -3.5354933748466782e-01	   1.4486326494622265e-01	  -4.7430912255039726e-01	   4.1778134075515727e-01	  -5.2778030076056248e-01	   2.5107821668187458e-01	  -1.0300966191531247e-01	  -5.0958999039129260e-01	   5.2048997133089525e-01	  -2.9449799068180521e-01	   4.6875077509244900e-01	  -1.5059137635251322e-02	   5.1553535999985656e-01	   2.3418663100183090e-01	   2.5023883296073535e-01	   2.1455251901658748e-01	  -2.7262358170748624e-01	  -2.7741704435503410e-02	   3.1852380042316622e-02	   2.1901756652975120e-02	  -1.0226459516994502e-01	   4.4404071386505745e-01	  -4.0940679784354800e-01	  -7.6473269652619191e-02	  -2.1385992953673392e-03	   4.2087130325300792e-01	  -3.7005071239319348e-01	   4.4941135667238430e-01	  -3.0585386170127521e-01	   2.1288703250676064e-01	   3.5606273483661061e-01	   4.0294193900242009e-01	  -3.2494235266377053e-01	   3.1045809555358589e-01	  -3.9097248563759790e-02	   4.9240080605633380e-01	  -5.6224851270720877e-01	   4.7274810887781549e-01	  -3.6555026829213311e-01	   5.1496497371891370e-01	  -5.9384071331851174e-01	
   7.6716940169730863e-01	  -6.2250486904184998e-01	   6.4488768830417387e-01	  -4.9009929282335951e-01	   2.2438434809288874e-01	   7.9335193013467209e-01	   7.1385997106740384e-01	  -5.8742360753238931e-01	   1.2652773540273199e-01	   6.3383019908751237e-01	   4.3291859873919958e-01	   6.0677669164579984e-01	   4.8447211495942166e-01	   9.9963189183246204e-02	  -4.5019871220200619e-01	   0.0000000000000000e+00	  -6.4338724236692336e-03	   3.4981566973360334e-01	  -3.2148737448487952e-02	  -1.5121729190639005e-01	   7.4335691676682991e-01	   4.8716958528889598e-01	  -2.1242901715986084e-01	  -2.6492793383113061e-01	   6.6964740220705954e-01	   7.1728066143065794e-01	   7.9405409843598562e-01	   6.9921696285677370e-01	   6.4963377875229933e-01	  -5.7028975240479751e-01	  -1.9005815863540526e-02	   3.6590450501323535e-01	   3.9304687511125436e-01	   7.6542354529055834e-02	  -5.4079973189093355e-02	  -1.2524969318133738e-01	   4.9776779693976492e-01	  -1.6794631383758987e-01	  -4.8368384145603927e-01	   1.1215416551549116e-01	   4.5045636522885546e-01	  -6.6060409070022386e-01	   8.2051960516733441e-02	  -4.3277501629631909e-01	   8.7780898776222659e-03	   2.4877180471906030e-01	  -2.0017159427955683e-01	  -3.3874991434410723e-02	  -4.7862622156656820e-02	   3.7000935124352452e-01	  -2.4859527684803201e-01	   4.7758989227497506e-01	  -5.5604824478709047e-01	   7.4503141370704673e-01	  -2.3017166801098876e-01	   3.2211133672079340e-01	   7.9945899171495616e-01	  -6.1398732986346305e-01	   6.6508129521215364e-01	  -5.4286909207938805e-01	   3.7347260165923279e-01	  -5.2244832844630118e-01	  -4.6701289616305056e-02	  -9.5115348914519143e-02	  -2.7722269510466657e-01	   3.3176433044410236e-01	   2.2311027356440011e-01	   1.6923131855561410e-01	   2.3829788271582608e-01	   3.0418506778755872e-01	  -5.5916867421602345e-01	   4.9814891955787838e-01	   3.4684763170938582e-01	   2.6689843918366957e-01	  -2.8460068410213918e-01	   7.2631338594227546e-01	  -1.1074567142261808e-01	   7.5045258536560866e-01	  -2.6419197737808442e-01	  -6.6214064026843733e-01	  -2.2850160833446823e-01	   5.8421215973683327e-01	   2.1326081635199140e-02	   3.7479961418223229e-01	  -7.4175928715834483e-01	   7.8816027810427802e-01	  -3.8813584614613605e-01	   6.6855727852056912e-01	  -6.5469697153534423e-01	   8.3088967843762007e-01	
   1.3702355457228901e-01	   3.9146801523293773e-01	   3.7878571472015801e-02	   2.0084372974131331e-01	  -1.4813949002937704e-01	  -1.3609127744029595e-01	  -1.5658068098235854e-02	   3.0560081649693482e-01	  -1.7869040675102352e-01	  -1.5680142712392378e-01	   3.6457958003469104e-01	   2.2662256225145888e-01	   2.3039824484071164e-01	   5.4195862386150329e-01	   7.9347896158805040e-02	  -6.4338724236692336e-03	   0.0000000000000000e+00	   5.1175436627861448e-01	   4.6453266341201965e-01	   5.3077579823402210e-01	   1.3388759443407755e-02	   2.0525582064879830e-01	   1.3069907790470670e-02	   3.8243316813510508e-02	  -1.5849878004131598e-01	  -1.8285566644412057e-01	  -1.3140309754051094e-01	  -1.5652162521864763e-01	   1.1676317015662044e-01	   4.6668017548855306e-01	  -4.0772834009028917e-02	  -2.0828150462510758e-01	   4.7665536366725358e-01	   4.5739537100417854e-01	  -3.0045102826047315e-01	  -3.3365409532626622e-01	   2.6752862861488591e-01	   1.4253262080328080e-01	   1.4002386773832676e-01	   2.7121295558321723e-01	   1.1691351028078198e-01	   4.4208901235215370e-02	   2.9139051749278372e-01	   2.9414276088843694e-01	   8.9467674757947938e-02	   3.5594169341046045e-01	   4.6275890122117880e-01	   6.2691771181280054e-01	   1.7202957292679322e-01	   1.5575355327470577e-01	   3.2456788867686726e-01	   1.2694991171845358e-02	   3.6707232405604412e-01	   6.1917092947887858e-02	   3.5612339658593395e-01	   4.3902180295396032e-01	   3.3014242703388513e-02	   3.4777914189789239e-01	   2.5502766741581928e-01	   2.4560929588306346e-01	   6.3205034489987344e-01	   4.2472458463916696e-01	   7.7066098081917211e-01	   7.3398239022133838e-01	   3.6123298806583987e-01	   2.6364221613140410e-02	   3.5096119560650657e-01	   3.3312655327903967e-01	   4.2150031141303890e-01	   3.1992189085612333e-01	  -3.0319580288922468e-02	  -5.2740334079606391e-02	   4.1599788216371753e-01	   4.8483518439566886e-01	   2.8564389670902174e-01	  -4.0724785277188119e-02	   4.5234189717565926e-01	   2.6706657470717177e-01	   6.0016470330997745e-02	   1.0306175438080456e-01	   7.4158390674486785e-01	   3.8621089014362009e-01	   3.6897274600691043e-01	   5.4584880249598600e-01	   2.0814803996939668e-01	  -1.6908516017957755e-02	   2.9157760765670943e-01	   1.8763449084040792e-01	   2.2297880757664990e-01	  -5.3386768918431332e-02	
