   0.0000000000000000e+00	   3.3644831431515071e-01	   5.9502543205226133e-01	   1.3984908782109740e-01	   1.9578122765290806e-01	   4.5980519829357702e-01	   7.6430064362108263e-01	  -1.3447594804603280e-01	   3.4418396290877729e-01	   3.9668262825078182e-01	   6.1707533535104875e-01	   2.9128700913711797e-01	   5.9903123082160958e-01	  -1.1120696522245083e-02	   4.4060356321543470e-01	   3.1887149676666482e-01	   7.4648810230792939e-01	   2.8463932868655023e-01	   5.1147672117028886e-01	   2.0694790989676698e-01	   3.1133534586747214e-01	   1.5302732291760227e-01	   3.6727314208648187e-01	   2.6962803790809042e-01	   1.7200690150056375e-01	   3.5197258251634123e-01	   3.2618999565890405e-01	   3.4891202825805046e-01	   5.3803896079597902e-01	  -3.1403896871754328e-01	   1.5612140952158923e-01	   1.8186933058214833e-01	   3.2879716757593752e-01	   2.8507596335915786e-01	   2.7185941571693928e-01	   2.9255800629554285e-01	   5.5500045301261458e-01	  -3.0779874047538269e-01	   1.7183794226867291e-01	  -1.2865041713678804e-01	   1.7344967732530031e-01	   1.8768437852210951e-01	   1.1748413388391485e-01	  -3.4327015051594335e-02	   1.8243453257987724e-01	   1.8177054602382758e-01	   2.6887652112807930e-01	   8.1302186764025536e-02	   1.9119476724092366e-02	   2.3619599278295958e-01	  -2.2046858288606620e-02	  -6.2051827188275219e-03	  -9.4411322859727934e-02	   2.4188626372055824e-01	  -1.5349506352265377e-01	   4.2488868334960384e-01	   9.2282267007532393e-01	   3.3584327679694459e-01	   6.0670945322798020e-01	   2.9001745736964768e-01	   7.2593307724380862e-01	   2.0217087873261297e-01	   5.0347862877793392e-01	   1.3216950327215035e-01	   4.2241519406017353e-01	   2.7735154610159951e-01	   2.3193366629557260e-01	   2.4463023629909991e-01	   2.4632478219348794e-01	   2.4879390941791280e-01	  -2.1504221475913390e-01	  -1.9199614996863123e-03	   4.7184505528334808e-01	   3.8755352813037625e-01	   2.7339114476019588e-01	   5.3585255494737083e-01	   3.1745538259632144e-01	   2.8297582560014645e-01	   5.6793010340497529e-01	   3.4980459670126018e-01	   5.3702769104524095e-01	   6.9073036624528106e-01	   5.4284939357954065e-01	   6.6890401530890231e-01	   3.0802565213223038e-01	   3.4169165280307479e-01	   3.0979119345382955e-01	   1.8535511709019087e-01	  -1.7127008538729926e-01	   6.5651898723892776e-01	
   3.3644831431515071e-01	   0.0000000000000000e+00	   7.0276441262139569e-02	   4.2679726306306132e-01	  -1.7037059724549020e-01	   7.0667926586241658e-02	   2.7350156358788125e-02	   3.6148196400982113e-01	  -4.0692541246539718e-02	   2.3245334147852414e-01	   8.6195810335162312e-02	   1.9875122990569755e-01	  -2.7642889353143702e-02	   8.8094812932058730e-02	  -7.5554659121167885e-04	  -2.5681327743333433e-02	   4.8602595557321582e-01	   4.7088744349380462e-01	   5.0602547077777604e-01	   4.7770360300390380e-01	  -1.0711338723434310e-01	  -1.3168152562089214e-01	   2.9202375974784434e-01	   2.6515341291557371e-01	   4.6390239090917024e-02	  -3.3959654060819432e-02	  -1.1406129198754535e-01	  -2.2838271913783925e-01	  -7.5777959141758208e-02	  -1.4914120630535083e-01	   1.4335396841780274e-01	   5.7567127132104844e-02	  -9.6868828328697809e-02	   2.0880108599731026e-01	  -1.7117860712936431e-01	   6.6299329475508206e-02	  -2.2205730304769206e-02	   3.5335800296032456e-02	  -4.5046079964534393e-02	   4.1598659620695061e-02	  -2.7647074796688292e-01	   3.3642779445683897e-02	   1.8777886865261550e-02	  -6.1408049044053323e-02	  -8.0348830708778518e-02	   7.4886594262978307e-02	  -4.5636480756885256e-02	  -6.3723179891558790e-02	  -1.7666013027844148e-02	   5.4898668363654368e-02	  -3.3325972331422676e-02	  -1.9277494764582054e-01	   1.5884718713685991e-01	  -1.7442950764050082e-02	   2.0795373581667051e-01	   1.3417849116950001e-01	   4.2973888250870862e-01	   9.1473611014198153e-01	  -6.2538257327011029e-02	   2.3614940790355837e-01	   2.7131520695456302e-01	   2.2242389730708187e-01	   2.0890838117461979e-01	   1.3307970272570757e-01	  -1.5436501972873257e-01	   9.8965943168209669e-02	  -1.6557579589463611e-01	   4.5587559307177485e-02	   4.7458680238045425e-01	   5.0596364057579768e-01	  -3.2794439843704511e-02	  -1.0860950055073880e-01	  -4.1099197495032463e-02	  -2.5642930190602437e-01	   4.7872873852398384e-02	  -2.2967201061485659e-01	   2.3188789788009800e-01	   6.4714670330541263e-02	   1.3216195272134468e-01	   4.3218231939816382e-01	   2.8217348494575850e-01	   2.1682519807502315e-01	   4.0148454750653967e-01	   3.8064174632694020e-01	   2.8987999812085785e-01	  -1.4222420948270914e-01	   3.8420766487780422e-01	   2.7883378890981314e-01	   2.6356028281639882e-01	   9.2395866444130066e-03	
   5.9502543205226133e-01	   7.0276441262139569e-02	   0.0000000000000000e+00	   5.7501350443382138e-01	   4.8373817184033779e-01	   5.7118242899051974e-01	   8.7850217060069213e-01	   1.4767233414892775e-01	   4.0206343952764312e-01	   4.9200550850577696e-01	   5.5997578332459041e-01	   6.3561713444592771e-01	   5.0055540417987987e-01	   3.4809067384999037e-01	   4.6854265040345300e-01	   5.1302395759045849e-01	   4.4413063206142323e-01	   1.7080536132236793e-01	   5.3074911855825935e-01	   3.3946862758297541e-01	   5.9945630115347615e-01	   2.1065146843660559e-01	   6.9389816644984081e-01	   5.8976325698940524e-01	   5.3305569011939813e-01	   5.2524801794081988e-01	   5.1379493268041987e-01	   3.2441685057592373e-01	   6.3565279467815627e-01	  -2.9190129864840243e-02	   3.5937218642004243e-01	   3.7468702877673465e-01	   6.1025917057725598e-01	   4.2393110528012556e-01	   2.8189586397448829e-01	   2.3280595546404315e-01	   2.3401229188919911e-01	  -5.6932067335605552e-01	   1.1219776439758605e-01	  -2.1329534190626775e-01	   2.4823544094758943e-01	  -5.0279525861690821e-02	   2.0858040087263280e-01	   1.3819455502706540e-01	   1.8478539885781420e-01	  -3.0741410837981088e-02	   1.9692048663031159e-01	   5.1135258741154772e-02	   2.1447744142703576e-02	   1.4703554898258317e-01	   8.2631222467132448e-02	   1.8291699954366525e-02	  -3.0110467448734507e-01	  -2.5745045521831753e-02	  -4.0030544245814054e-01	   1.5866086815431207e-01	   5.0132190392956566e-01	  -5.0074353198517182e-03	   1.8719488093011721e-01	  -3.2446368586951685e-02	   4.0156103238632368e-01	   8.8043341680902922e-03	   2.7400203108516680e-01	   1.2536251736634227e-01	   3.0351974071417998e-01	   2.4501084899644471e-01	   2.2604734345943930e-01	   8.0637187079520750e-02	   1.4806283947932583e-01	   1.8591640336916815e-01	   2.5245380467752224e-02	   2.9370524911052831e-01	   4.4752492479873424e-01	   3.9224872248740250e-01	   1.3113457828290942e-01	   2.7353045051612213e-01	  -1.2515184019548962e-02	   4.7045783177998228e-02	   3.0075053411647018e-01	   2.9735498528599696e-01	   4.1720785909954122e-01	   5.6527071877380974e-01	   4.2517379982375386e-01	   4.7357633664046150e-01	   1.4633420314786183e-01	   3.9913317486530725e-01	   1.9201384126455204e-01	   8.6393423577777212e-02	  -3.7300878297135831e-01	   5.7011168213992702e-01	
   1.3984908782109740e-01	   4.2679726306306132e-01	   5.7501350443382138e-01	   0.0000000000000000e+00	   1.8140862963290202e-01	   2.8974571429508006e-01	   3.9313927992119724e-01	   7.5779192712068877e-01	   2.8318632367276997e-01	   5.5438788854845222e-01	   3.5040821578881054e-01	   7.3185899471204841e-01	   2.2095517157424627e-01	   6.8124707736645662e-01	   3.2762315798173580e-01	   4.7562186162114745e-01	   2.7517246736304873e-01	   3.1714898426210203e-01	   5.5562399809153862e-01	   5.9894285765025934e-01	   4.3880677876136565e-01	   2.3675143680533103e-01	   7.5317191045473497e-01	   7.9653933438106128e-01	   6.1799683607463263e-01	   3.5487433678409941e-01	   4.1693602899892018e-01	   1.0279317490022355e-01	   2.9905750521393026e-01	   2.6852433472957482e-01	   4.6845963848464806e-01	   4.1221664768978944e-01	   3.4417471526071691e-01	   5.3490169472266458e-01	   3.5722779195415865e-03	   1.3684879800103958e-01	  -4.0300917494423653e-02	  -9.1568581160843598e-02	   1.8191160669478074e-01	   2.2043456216408375e-01	   1.2075737634749872e-01	   9.0925676700526870e-02	   9.7128733893610694e-02	  -1.8876373401364062e-02	  -6.0513164256429476e-02	  -1.5823605919342673e-01	  -1.1889395352161600e-01	  -1.8361475356534068e-01	   1.1858163960707294e-01	   1.6086155475407826e-01	   3.1185566980514628e-01	   1.8230175741345050e-01	   1.0087418624844677e-01	   1.1866879242789745e-01	   9.6704825629569474e-02	   1.9478354085597491e-01	   6.7631025342588663e-02	   3.3179682055243109e-01	  -1.0848006905145124e-01	   1.4732295276322946e-01	   1.7101414806898099e-01	   2.1460599612220194e-01	   2.6362274708343081e-01	   2.2525443929270333e-01	  -6.9551602667012463e-03	   2.4708001901912624e-01	   1.1470141972245605e-01	   1.4051153558791699e-01	   4.0810833754097903e-01	   4.1092994051091675e-01	   2.5197528154559307e-01	   2.3858930879138635e-01	   1.8735522748237260e-01	   1.6146273469250927e-01	   1.3815200730881608e-01	  -6.3148762736230032e-02	   1.7392158697025334e-01	   1.2315554258093231e-01	  -6.6644246805670881e-02	   2.9282822758866522e-01	   3.7098197893621154e-01	   2.2019313950201369e-01	   4.9027346324741800e-01	   3.5454092509683943e-01	   3.2074457485968549e-01	   3.2769870888634833e-01	   2.9325466701146852e-01	   2.5654675027076168e-01	   1.2160146032060995e-01	   2.3204610798066652e-01	
   1.9578122765290806e-01	  -1.7037059724549020e-01	   4.8373817184033779e-01	   1.8140862963290202e-01	   0.0000000000000000e+00	   6.7978333098684973e-01	   3.1490608012533222e-01	  -1.7608298182297876e-02	   4.5744638085857980e-01	   4.7737744649614966e-01	   1.0479221161048005e-01	   4.8762395049956531e-01	   1.0218289814608161e-01	   3.3940112363951525e-01	   3.4607790800979921e-01	   5.2480625886364907e-01	   1.8339601622761836e-01	   1.3642449601324477e-01	   3.6396805056505116e-01	   3.1457371920403016e-01	   4.7572355311700137e-01	   1.8503487521416245e-01	   2.0805227846211391e-01	   2.7251407229709801e-01	   4.4669776769790176e-01	   4.7816356222207496e-01	   4.9808822855538232e-01	   3.6339919876787841e-01	   4.8845390072949119e-01	   4.3619550868122214e-01	   4.5452828377394466e-01	   5.3414570291553387e-01	   6.3345644343659147e-01	   4.6429344416732554e-01	   1.2823602648004934e-01	   2.8061308055451699e-02	   6.5785978675046111e-02	  -3.4649266092398578e-01	   4.4704789139393089e-02	  -1.0332980064090888e-01	   1.0836862517952323e-01	   1.4461937086889814e-01	  -8.8558300931776551e-02	  -1.9120827180968158e-01	  -1.9410498992996070e-01	  -3.6209554532753085e-01	  -1.9324533891119491e-01	  -2.8011853059836767e-01	  -3.8997288346185960e-01	  -2.7773172252498884e-01	  -2.3153216537973195e-01	  -1.4520208157517334e-01	  -4.1109277570823644e-01	   6.7278386649925314e-03	  -5.4686487822415542e-01	  -2.4600909498415868e-01	   1.5077055118803850e-01	  -1.8199485987171843e-01	  -2.8933840445578892e-02	  -2.1430123973459517e-01	  -5.6631078308378685e-02	  -1.0614433420972449e-01	   1.6320894038725395e-01	   1.3185300584264306e-01	   2.6403905051157153e-02	   2.5538923663689317e-01	  -8.8366915599195558e-02	  -2.0089049107532028e-01	  -2.3068987424472352e-02	  -2.8802380451745491e-01	   2.1358965207218061e-01	   4.5490003579668126e-01	   3.8554803708123375e-01	   4.8478850415164970e-01	  -7.6576982528920776e-04	   3.5633640198953520e-01	  -3.1307454466275603e-01	  -1.8463101615520264e-01	   1.0878193324062607e-01	   2.1340264347172669e-01	   2.9974449455302088e-01	   3.2340627163402980e-01	   7.4740152037221869e-02	   1.5142098812792434e-01	  -2.9342496918582719e-02	   2.6208503037015274e-01	  -1.6523282365300901e-01	  -2.4534465804372507e-01	  -4.5405571586446536e-01	   1.0588536156001158e-01	
   4.5980519829357702e-01	   7.0667926586241658e-02	   5.7118242899051974e-01	   2.8974571429508006e-01	   6.7978333098684973e-01	   0.0000000000000000e+00	   4.5229628323428528e-01	   1.6214848349041029e-02	   2.9353831805512254e-01	   4.6314901260089530e-01	   3.1357919135612655e-01	   4.0441623395761717e-01	   2.1932866423874658e-01	   2.4689144792683926e-01	   4.9515450356902979e-01	   4.8603510085212920e-01	   5.0184377276628722e-01	   2.6105852012785413e-01	   5.4487076524137401e-01	   3.8928582251723787e-01	   6.9227557262228978e-01	   3.1692987237477466e-01	   3.7247361213378100e-01	   4.0248688006468686e-01	   5.2406155473830329e-01	   3.9820179976786685e-01	   5.7228242455664546e-01	   2.7978045198516927e-01	   5.5026425805007773e-01	   2.5772498542718225e-01	   4.9151102023560134e-01	   5.3960459748347112e-01	   6.7841810175008810e-01	   4.8325085667299594e-01	   2.5121169658910486e-01	   1.7233821800033852e-01	   4.3296297401310324e-01	  -3.2849837021513129e-01	   2.0805952222569718e-01	  -7.5926431610948170e-02	   1.0798697948715093e-01	   1.9687480812450331e-01	   1.8252744655908720e-01	  -1.3527829512696869e-02	  -9.2205783187064100e-02	  -1.3001286672431905e-01	   1.9875958655325557e-02	  -1.3862098081181340e-01	  -2.4801005084523692e-01	  -9.7294429888028000e-02	   4.9135063558832945e-02	  -1.4956574234160525e-01	  -2.9226242737731345e-01	   3.1009391823743800e-02	  -3.1705813200093513e-01	   1.8700326686376716e-02	   3.7198767432420460e-01	   1.0885536971480375e-01	   1.5238207334061649e-01	  -1.0229755093138972e-01	   1.9366214268861340e-01	  -1.3831776016873082e-01	   1.9724418521567230e-01	   7.2699499018416852e-02	   2.1100739825887171e-01	   3.9861786843551739e-01	   7.0253266394265254e-02	  -1.2094048001203800e-01	   5.0601621296915561e-02	   1.4434646803670341e-02	  -1.3721675219553200e-01	   1.5847964031346204e-01	   3.3862699361324466e-01	   4.5887764821845844e-01	   1.2936638764516137e-01	   4.8712091792789647e-01	  -2.6649958332510895e-02	  -7.8457990073779321e-02	   3.4710664496557969e-01	   3.8876912161360105e-01	   5.9328879715172600e-01	   4.0571767900005812e-01	   4.1739683585865289e-01	   2.9521186622683188e-01	   1.4663795982948274e-01	   2.3981508000846927e-01	   2.2379836179512635e-01	  -7.4352133024523787e-02	  -2.8191973630215800e-01	   1.8758095783513815e-01	
   7.6430064362108263e-01	   2.7350156358788125e-02	   8.7850217060069213e-01	   3.9313927992119724e-01	   3.1490608012533222e-01	   4.5229628323428528e-01	   0.0000000000000000e+00	   1.0831551908339178e-01	   4.1859071787277108e-01	   4.4186674938531612e-01	   7.5055606411837061e-01	   5.2198584498836942e-01	   7.2613072285063018e-01	   2.7788569128611251e-01	   5.2066387849677220e-01	   5.0421724367356480e-01	   5.1355573455135217e-01	   1.6027374268010700e-01	   5.0691408911323965e-01	   2.4494013285849187e-01	   4.4379195417644185e-01	   2.0231141346644915e-01	   5.6811723597524777e-01	   4.7043292622850341e-01	   3.2898907471889960e-01	   4.8235214771579815e-01	   4.9274788656864715e-01	   4.7822221203022969e-01	   5.9198426508008617e-01	  -2.0099181740270897e-01	   2.2184699670394292e-01	   2.7207682487548962e-01	   5.4664021671128338e-01	   4.1672673324184889e-01	   3.9466774129512472e-01	   4.1492699130119515e-01	   4.0268565397996520e-01	  -4.6480827102430600e-01	   7.6779112699423863e-02	  -2.5642285912489482e-01	   1.4232763406751206e-01	  -5.6862982559075376e-02	   3.1974206361342017e-01	   1.5563215955401910e-01	   3.3722932164731584e-01	   1.6273629279974317e-01	   3.3021694078682950e-01	   1.6650471090045768e-01	   1.8329274681095109e-01	   3.3063923341759527e-01	   2.2986263152684797e-01	   2.6249405569591155e-01	  -7.6148163380012915e-02	   1.9164379376849711e-01	  -2.2224494747087992e-01	   3.7856822303778920e-01	   6.4486762556582533e-01	  -3.1219476388096131e-02	   4.8560412167356626e-01	   2.3879805053719239e-01	   5.8665026129548314e-01	   1.8538025258099999e-01	   3.3718620085302270e-01	   2.0872118575448634e-01	   5.4395928987475828e-01	   3.6846549810191398e-01	   4.4749169051580817e-01	   3.7452990625273341e-01	   2.4339553346298559e-01	   3.1881038309283677e-01	  -1.4505817608929533e-01	   7.3823379044043291e-02	   5.1634986295977703e-01	   4.0839302546490935e-01	   3.3973770601580350e-01	   4.7272435632686843e-01	   2.6780523424710029e-01	   3.3437232758029634e-01	   3.3314526438355541e-01	   2.6090999649273849e-01	   4.1984318220908246e-01	   5.9945706194169313e-01	   5.1635475288317023e-01	   5.9087203842180935e-01	   2.1967139499879618e-01	   4.4810769583017973e-01	   2.4286641620096894e-01	   1.0637631113365008e-01	  -2.5338078706491668e-01	   7.5065201233026380e-01	
  -1.3447594804603280e-01	   3.6148196400982113e-01	   1.4767233414892775e-01	   7.5779192712068877e-01	  -1.7608298182297876e-02	   1.6214848349041029e-02	   1.0831551908339178e-01	   0.0000000000000000e+00	   3.2850924299161621e-01	   4.8896739545246337e-01	   2.4991805233726716e-01	   5.6240290198093712e-01	   1.6281869305951235e-01	   7.5985459625446072e-01	   2.7685390299998602e-01	   3.4971742305855447e-01	   1.7630756020312506e-02	   2.9721794944082497e-01	   3.9542509642353585e-01	   4.7972747723816084e-01	   1.8141092163803774e-01	   1.2450267122461356e-01	   4.8901406219947180e-01	   5.8142710399213393e-01	   4.2610204740170654e-01	   2.2058738014218376e-01	   2.9068240564223846e-01	   1.1303364579075770e-01	   4.9509542138506503e-03	   4.5940152388864386e-01	   4.2973730657771581e-01	   3.2014808240682285e-01	   1.8350890398385128e-01	   5.3227757576332579e-01	  -7.9783594486742049e-02	   1.5696866624189759e-01	  -2.5889192658769877e-01	   1.9988467189406661e-01	   2.2137332886408095e-02	   2.3735955356581889e-01	  -1.9245812604401746e-01	   4.6556612363460502e-02	   9.6784898452362295e-02	  -1.3961460445152923e-01	  -5.2305452074695419e-02	  -1.0268865629374675e-01	  -1.8460698714928120e-01	  -2.9069324995066714e-01	   2.8944540040787592e-01	   2.5857536727882785e-01	   4.8492292248536728e-01	   4.5828675852080347e-01	   3.9560535819681786e-01	   1.6905545984345527e-01	   4.2695646246766805e-01	   1.7002030036223009e-01	  -1.8034669925489363e-01	   2.6643691378319678e-01	  -5.3736432229284058e-02	   3.1902533280416101e-01	   1.2309901844452006e-01	   4.3147090368546032e-01	   1.4079450726721693e-01	   2.4453328570382418e-01	   8.3134646406810467e-02	   4.3004936388430048e-01	   1.8276892820785806e-01	   2.9821507349092075e-01	   4.2660500796852047e-01	   4.4504827092502353e-01	   3.6812988848799877e-01	   1.8977750950320516e-01	   8.3835205108705985e-02	   1.9818737084272578e-02	   2.5305673136901191e-01	  -1.1358521673275139e-01	   3.3474606348750569e-01	   3.5414574853735103e-01	  -2.6368148798481689e-01	   8.2916703610284387e-02	   1.5326218123939492e-01	  -1.3912820112819171e-01	   3.7756274209279400e-01	   1.4209267813959503e-01	   1.9841031412737165e-01	   1.2178214483392502e-01	   1.7243511851826948e-01	   7.9460990292817044e-02	   3.5486923432180839e-01	  -4.9680727672057348e-02	
   3.4418396290877729e-01	  -4.0692541246539718e-02	   4.0206343952764312e-01	   2.8318632367276997e-01	   4.5744638085857980e-01	   2.9353831805512254e-01	   4.1859071787277108e-01	   3.2850924299161621e-01	   0.0000000000000000e+00	   6.8956700640079038e-01	   3.5726968002164244e-01	   4.5689554068525506e-01	   3.8887189492843943e-01	   3.2820474051309750e-01	   5.8851116524710423e-01	   4.5054556432577453e-01	   2.4936632006808063e-01	   1.4945845900726523e-01	   4.3751089715446967e-01	   2.1563718314027785e-01	   2.9359835343790253e-01	   1.4346529170942746e-01	   4.6223681667019234e-01	   4.1369844472223627e-01	   5.4980113720124879e-01	   6.8730262570477185e-01	   5.5147968881208875e-01	   6.2054615706780081e-01	   5.0790476198674672e-01	   3.0051667403210941e-01	   5.5150208105728793e-01	   4.5200214823548768e-01	   5.2691932263919805e-01	   6.2740314020440735e-01	   4.2711070741629048e-01	   3.4569938310335280e-01	   1.8650199472379014e-01	   6.5376691597471656e-02	   1.5553734082198775e-01	   6.1275134195909631e-02	   1.4048805311830487e-01	   3.3581645572435748e-01	   1.5375246423725303e-01	  -3.3582906629504160e-02	   3.3171209735955648e-01	   1.4951588110383759e-01	   1.7930043769566478e-01	  -5.3212679563026305e-02	   2.3049391249017420e-01	   2.5746920765350434e-01	   1.9484663166053828e-01	   3.1447285747770037e-01	  -4.5343660766503466e-02	   1.1966550378714552e-01	  -3.6110277228849866e-02	  -1.5772208631630188e-02	   2.6618479954203916e-01	  -4.1634784488157411e-02	   3.9638460026792682e-01	   2.1292426782205245e-01	   4.3341060270875009e-01	   3.2333649421676747e-01	   4.8996784984670361e-01	   1.2743528975214774e-01	   4.8055087606397140e-01	   4.0164860593089835e-01	   4.3293552412090164e-01	   4.2770057543247247e-01	   1.7723692892274057e-01	   9.6333979048109170e-02	   2.8192166705800670e-01	   3.4432376610804949e-01	   5.7072017575701617e-01	   3.5896012117314435e-01	   2.2331599963379378e-01	   3.3891088543076148e-01	   2.3349437087125902e-01	   2.9793364406749334e-01	   1.5868984491466107e-01	   9.4926723787435552e-02	   2.1619211522376477e-01	   2.0769751008568130e-01	   3.1740493918041723e-01	   2.4490861634783201e-01	   1.3597528956756774e-01	   3.4678136917430441e-01	  -7.5393505389848417e-02	  -1.6455987480064460e-01	  -1.1099455263218416e-01	   1.2325878568888590e-01	
   3.9668262825078182e-01	   2.3245334147852414e-01	   4.9200550850577696e-01	   5.5438788854845222e-01	   4.7737744649614966e-01	   4.6314901260089530e-01	   4.4186674938531612e-01	   4.8896739545246337e-01	   6.8956700640079038e-01	   0.0000000000000000e+00	   4.9219726317086321e-01	   6.1646743766331702e-01	   4.6660326784823491e-01	   6.1754929010226356e-01	   7.1077444480278673e-01	   7.4587675694492506e-01	   4.5581476199642229e-01	   4.4418514805606402e-01	   6.8880914402236781e-01	   5.3313533253392342e-01	   4.7668991206869038e-01	   1.1604553297347776e-01	   6.8042384224965891e-01	   7.2380916341927748e-01	   6.9474266596264334e-01	   7.7199934367146295e-01	   6.9425696011909566e-01	   5.6276634979889251e-01	   5.9244496027728633e-01	   3.5566638817253737e-01	   6.6270475076861501e-01	   6.6649331226597897e-01	   5.7455374180528185e-01	   7.5248577945332040e-01	   3.7656621838360527e-01	   3.4189853154465327e-01	   1.6564898890167420e-01	  -1.5124293351552387e-01	   2.3518768225083686e-01	   1.5551084936108492e-01	   8.1585448360183190e-03	   2.5518917582941814e-01	  -1.0858557259972400e-01	  -3.7540142245973679e-01	  -7.0336723775376461e-02	  -1.9218571130673306e-01	  -1.9936826876828431e-01	  -4.2071541088277309e-01	  -1.9405531266048831e-01	   5.5507731404226277e-03	   7.6812691914565884e-02	   2.1596345491922378e-01	  -4.5181766987761579e-02	   1.7360802708573211e-01	   1.3434946260774946e-02	   1.1318788580035737e-01	   3.8338872260874646e-01	   1.6656153233462764e-01	   1.1159645817249089e-01	   3.5188141146231110e-02	   2.5650780943876195e-01	   1.5467361666620422e-01	   3.3919089660413398e-01	   9.7329526045894822e-03	   2.7651471300401925e-01	   4.3999756049214522e-01	   7.4959411972289530e-02	   1.5466184414270737e-01	   1.2787191596812733e-01	   1.4386932955437745e-01	   1.4431696709899716e-01	   2.9421110328001920e-01	   3.3535649663949219e-01	   4.6731922379277385e-01	   3.1224271830056001e-02	   3.8768742550930135e-01	   1.7405324295510627e-01	   2.1731012157860430e-01	   3.5396309971446321e-01	   2.3510863057859732e-01	   5.2221779623843956e-01	   3.7130670273031674e-01	   5.0435224874471518e-01	   4.8335532768062828e-01	   3.7844302319785639e-01	   4.7484389093100460e-01	   7.4071556242023022e-03	  -4.1224545532978071e-03	  -5.7311385771845941e-02	   3.3799883048201196e-01	
   6.1707533535104875e-01	   8.6195810335162312e-02	   5.5997578332459041e-01	   3.5040821578881054e-01	   1.0479221161048005e-01	   3.1357919135612655e-01	   7.5055606411837061e-01	   2.4991805233726716e-01	   3.5726968002164244e-01	   4.9219726317086321e-01	   0.0000000000000000e+00	   4.9073396322979412e-01	   9.2120884133184289e-01	   4.5572313344744786e-01	   7.6529701865536792e-01	   6.3439163924716091e-01	   6.6426102691325206e-01	   4.9568962371850656e-01	   5.4536550097686420e-01	   3.7260991810589600e-01	   4.9326287105025818e-01	   3.3921122297523232e-01	   5.4923975577921924e-01	   5.2122826792205790e-01	   3.7419321561286389e-01	   4.2868861535144209e-01	   5.2603257018396810e-01	   4.0324198926730692e-01	   6.7261997933903472e-01	  -3.0600886614012154e-02	   1.4132471579329492e-01	   2.1527856614875190e-01	   5.2153448040701955e-01	   5.4859591686860332e-01	   4.8954496401637904e-01	   5.1246645034378546e-01	   4.9634785187009961e-01	  -1.9486350199498070e-01	   2.4629557595142962e-01	   4.4501963907013296e-02	   5.1826145243908696e-02	   1.0794592012202830e-01	   2.2025344876376332e-01	  -6.7969993170975018e-02	   3.1132005693627979e-01	   8.1289301986208901e-02	   1.8770952434442156e-01	  -2.3109926571318173e-03	   1.8404163174509200e-01	   3.2673416199615113e-01	   4.4881367011001239e-01	   4.3865318609720438e-01	   3.3763076221160648e-01	   4.4920963743307041e-01	   3.0461501515239864e-01	   6.3558086023125537e-01	   5.0776653128493610e-01	   1.2695201986997354e-01	   4.7945046821982273e-01	   4.4641982458874990e-01	   5.6287293813843764e-01	   3.7876383268103692e-01	   3.1081780575303586e-01	   2.9771804900855087e-01	   6.1438800094640400e-01	   4.5676604139084598e-01	   5.2385106399281045e-01	   5.0824279108740911e-01	   3.9010027947433817e-01	   4.7662865233200769e-01	  -2.4626124226116869e-01	  -1.7764683317827601e-01	   3.8732021265620720e-01	   4.7596314596593647e-01	   4.3729528598706752e-01	   4.3891358172424488e-01	   5.1715227031973166e-01	   5.0072782551891770e-01	   4.8059014997996385e-01	   3.8204784591980295e-01	   6.2105872107846538e-01	   6.0997329239357279e-01	   7.5649153841913130e-01	   7.1789637093426917e-01	   5.8375667449969182e-01	   5.9170175454208751e-01	   4.1245840966218222e-01	   3.0368639388510954e-01	   2.2214808793234503e-01	   7.0737090276825076e-01	
   2.9128700913711797e-01	   1.9875122990569755e-01	   6.3561713444592771e-01	   7.3185899471204841e-01	   4.8762395049956531e-01	   4.0441623395761717e-01	   5.2198584498836942e-01	   5.6240290198093712e-01	   4.5689554068525506e-01	   6.1646743766331702e-01	   4.9073396322979412e-01	   0.0000000000000000e+00	   4.1507497632903001e-01	   7.7193110659814645e-01	   5.3416865833459326e-01	   7.5803522332282269e-01	   3.9151862881930100e-01	   4.8974117779512050e-01	   6.2079957722980872e-01	   5.8403779280232926e-01	   4.7305886054520513e-01	   4.1340885129169525e-01	   6.0986515590469603e-01	   6.7955297098018019e-01	   5.8004815576433821e-01	   5.0774647895916103e-01	   5.7850639530567982e-01	   3.5926404729920547e-01	   5.1369981896610262e-01	   4.8218620928769496e-01	   5.4297747391531437e-01	   5.6863383364996722e-01	   6.2800633149625795e-01	   6.3116880503606643e-01	  -9.9385012510968531e-04	   5.6658217212595369e-02	  -9.7831814150181919e-03	  -8.2930002797436619e-02	   8.2455983237314373e-02	   1.1606997069012094e-01	   1.1965960547847525e-01	   2.0653415600359554e-01	  -1.3700478411430633e-01	  -3.4887039992921681e-01	  -1.4136622739371857e-01	  -4.2266205519787742e-01	  -3.5287481424137912e-01	  -4.0609099083008077e-01	  -1.2152572122127567e-01	  -6.1330962642774600e-02	   6.9370553175747030e-02	   1.0092075564250078e-01	  -3.8757104377503543e-02	   1.0503049093244518e-01	  -9.1787048734574384e-02	   5.8860661693605106e-02	   1.4283640953259696e-01	   2.1292072648825872e-01	   9.6200125460343761e-02	   2.6813241568158525e-01	   2.2646521391186075e-01	   3.5453341566276247e-01	   4.6277957683014370e-01	   4.6075849130136004e-01	   1.9473814889181401e-01	   3.6754582265427987e-01	   7.7550492578854394e-02	   9.4561386977493639e-02	   2.4501599654238757e-01	   1.4145592670563747e-01	   2.9844647246771583e-01	   3.7029155128114721e-01	   4.7298334795234420e-01	   4.5501178001248632e-01	   2.0104846982098185e-01	   1.9913115010984841e-01	   9.6728835565329974e-04	   9.2525518530238354e-02	  -4.4486031714741942e-02	   3.7436604228907439e-01	   4.3369351369269682e-01	   5.1797220634126417e-01	   5.3815807432641782e-01	   5.3015463657876760e-01	   3.9975238900052956e-01	   5.3036498486151618e-01	   2.1210562609705408e-01	   1.6445880913926256e-01	   2.2534845451983674e-02	   3.7638044529381609e-01	
   5.9903123082160958e-01	  -2.7642889353143702e-02	   5.0055540417987987e-01	   2.2095517157424627e-01	   1.0218289814608161e-01	   2.1932866423874658e-01	   7.2613072285063018e-01	   1.6281869305951235e-01	   3.8887189492843943e-01	   4.6660326784823491e-01	   9.2120884133184289e-01	   4.1507497632903001e-01	   0.0000000000000000e+00	   4.0710258193529347e-01	   7.7534823085626592e-01	   5.9063640904737047e-01	   6.0107031749820561e-01	   4.0926767789013774e-01	   3.9096470164364533e-01	   2.0037009862898394e-01	   3.7266822449838577e-01	   2.8583987812352651e-01	   4.4786577617447132e-01	   4.2243422497895022e-01	   2.6035101780985798e-01	   3.6996216064185816e-01	   4.8869874538617675e-01	   4.5504171674910393e-01	   6.1689539043007113e-01	  -1.1167214940848637e-01	  -1.1790569095382394e-02	   9.5666892241817555e-02	   3.9212477533079293e-01	   4.1029020289604312e-01	   4.5140631141746096e-01	   5.0286069254349519e-01	   4.8194357106301855e-01	  -1.2417275787116258e-01	   2.4968071254069302e-01	   5.4483737129537774e-02	   1.4518172469965837e-01	   1.6911771325762190e-01	   1.1912941904418171e-01	  -1.3581004253886891e-01	   2.7133506788388789e-01	   1.2147713969587814e-01	   1.4613339504927247e-01	  -4.4033376273372005e-02	   2.1423652750593905e-01	   3.8990216638824338e-01	   4.4040558989549583e-01	   5.0460877500639578e-01	   3.7369897643357669e-01	   5.2895228161877117e-01	   2.7790118595084884e-01	   6.4452671984743937e-01	   5.3017680745042706e-01	  -2.6620210075390758e-03	   5.6621677793009528e-01	   4.5643019307085719e-01	   5.8356564563490443e-01	   3.8377412464164584e-01	   3.1078253148262519e-01	   2.5611138505549780e-01	   6.9010735590720651e-01	   4.9139424442765633e-01	   5.2279716651538333e-01	   5.3757581675066402e-01	   2.9286497646728493e-01	   3.7116714915204063e-01	  -2.6668345808443406e-01	  -2.2098516598647960e-01	   4.4115905093980334e-01	   4.9879757603891173e-01	   4.5228580632144932e-01	   5.0420526255254294e-01	   4.5884826158907593e-01	   4.6880435248494234e-01	   4.5589074301060301e-01	   3.0105873987941423e-01	   5.8416081001153319e-01	   6.1504355498244079e-01	   6.6963638523478985e-01	   6.9274848470659256e-01	   6.0451548648803088e-01	   7.0616150107774156e-01	   3.1242709221706655e-01	   2.7612678596934037e-01	   2.2222852127264606e-01	   8.0847848833614466e-01	
  -1.1120696522245083e-02	   8.8094812932058730e-02	   3.4809067384999037e-01	   6.8124707736645662e-01	   3.3940112363951525e-01	   2.4689144792683926e-01	   2.7788569128611251e-01	   7.5985459625446072e-01	   3.2820474051309750e-01	   6.1754929010226356e-01	   4.5572313344744786e-01	   7.7193110659814645e-01	   4.0710258193529347e-01	   0.0000000000000000e+00	   5.2865861056366525e-01	   7.3899170863313968e-01	   2.0707530311580138e-01	   3.8211474944602036e-01	   4.3514835809388741e-01	   5.5551611287789149e-01	   5.1964784397151642e-01	   4.7848492194885939e-01	   4.9727704174599230e-01	   6.7767662398355644e-01	   5.7512187753140354e-01	   3.9798124175344751e-01	   5.6034272206902636e-01	   3.1068039005098841e-01	   3.5348546114180174e-01	   5.8234596500362501e-01	   4.7817773848711020e-01	   5.3484005080328290e-01	   4.7633288029701060e-01	   6.4161889208515510e-01	   2.7057284152882072e-02	   1.7081602498893678e-01	  -7.2921519155907777e-02	   6.8542049345239345e-02	   6.3689872246765519e-02	   2.1850775374411077e-01	  -1.2641569784460724e-02	   1.7754878431125978e-01	  -8.2529977653265113e-02	  -3.8608454593469388e-01	  -2.2017753993195971e-01	  -4.2020529428445208e-01	  -4.1882045438989723e-01	  -5.0781027786672994e-01	  -7.8757843637153213e-02	  -4.2331587072106464e-02	   2.9785077078124861e-01	   3.4183419749283428e-01	   2.7449928718075678e-01	   3.4393309654301779e-01	   1.9271684578125908e-01	   2.6494578776419497e-01	  -7.9701185012284737e-02	   5.7098520236150974e-02	  -8.5939333056721939e-02	   1.3686992104619952e-01	   7.3435755938116742e-02	   2.7879523901248915e-01	   2.5440156253858404e-01	   2.9758794706410918e-01	   9.4510405734486158e-02	   4.6076069314811291e-01	   6.8329020512145955e-02	   1.2671026150609432e-01	   3.0603000484983878e-01	   2.3188425711016020e-01	   3.5773181711060487e-01	   3.0238928081113442e-01	   3.2725686159954387e-01	   5.0409437105577859e-01	   2.8173935961332558e-01	   2.5117325259278006e-01	   2.1552142810357930e-01	   3.4497104856183902e-01	  -3.5079933578894079e-02	   2.4339227372744329e-01	   4.4263823798079438e-01	   2.0917325966396125e-01	   4.2407422056879823e-01	   3.0246390710648063e-01	   3.5294504421847456e-01	   5.3413597930846568e-01	   6.2209221584689070e-02	   1.5963476671430180e-02	   1.4124965155991087e-01	   2.6047834591843610e-01	
   4.4060356321543470e-01	  -7.5554659121167885e-04	   4.6854265040345300e-01	   3.2762315798173580e-01	   3.4607790800979921e-01	   4.9515450356902979e-01	   5.2066387849677220e-01	   2.7685390299998602e-01	   5.8851116524710423e-01	   7.1077444480278673e-01	   7.6529701865536792e-01	   5.3416865833459326e-01	   7.7534823085626592e-01	   5.2865861056366525e-01	   0.0000000000000000e+00	   8.0819586728221249e-01	   5.9409300032214241e-01	   5.9037636035611807e-01	   5.6793746167447257e-01	   3.4455860310402875e-01	   6.4241818929899508e-01	   4.4946058642355463e-01	   5.8148750191643561e-01	   5.6878154457536700e-01	   5.6173740050072829e-01	   5.9071780464668777e-01	   6.8038217762052600e-01	   5.1900920335907974e-01	   7.5237037806410079e-01	   2.4484190667075423e-01	   3.5438961211408038e-01	   3.9306025202730704e-01	   6.5634715090082207e-01	   6.6809656212868251e-01	   5.8666984905099551e-01	   5.1988668031452889e-01	   5.2886009452561422e-01	  -1.6088690169946420e-04	   4.2193660183094933e-01	   2.3148629766774001e-01	   1.6450406910468796e-01	   4.0577752580350657e-01	   1.3369571799247795e-01	  -1.8808459832617158e-01	   2.3343977628350776e-01	   2.6785876248007004e-02	   5.5360984019865195e-02	  -1.8362018454264539e-01	   5.7175933472198050e-02	   2.5027388042948506e-01	   4.1291414645360680e-01	   4.1489500137099478e-01	   1.9189034871130856e-01	   3.8853521701567811e-01	   3.1724249185608266e-01	   4.2378110178606743e-01	   3.6937204234228882e-01	   7.5847383242955327e-02	   4.3082321080999986e-01	   2.9484035508013046e-01	   4.3099129474029546e-01	   3.0150519498631190e-01	   2.9918080180513973e-01	   2.0211914525491689e-01	   6.5756134960889856e-01	   6.2568149639221116e-01	   4.6909072544412106e-01	   4.4850917940392460e-01	   2.2384204957442017e-01	   2.6198580641750563e-01	  -1.3289366101839273e-01	  -8.2199093258199352e-02	   5.0827667079547290e-01	   6.0950214673951952e-01	   4.2120907070742336e-01	   5.4279998666745888e-01	   3.9084001426102394e-01	   3.1082019215311701e-01	   4.2431511984375492e-01	   4.6679720664589708e-01	   6.8232877350676213e-01	   6.0750898338200354e-01	   7.5810018677259206e-01	   6.5987771574159759e-01	   6.6584932025066823e-01	   7.0885166344263006e-01	   3.4075485086682467e-01	   2.4668186936136172e-01	   2.6573194359578267e-01	   5.1573951650146710e-01	
   3.1887149676666482e-01	  -2.5681327743333433e-02	   5.1302395759045849e-01	   4.7562186162114745e-01	   5.2480625886364907e-01	   4.8603510085212920e-01	   5.0421724367356480e-01	   3.4971742305855447e-01	   4.5054556432577453e-01	   7.4587675694492506e-01	   6.3439163924716091e-01	   7.5803522332282269e-01	   5.9063640904737047e-01	   7.3899170863313968e-01	   8.0819586728221249e-01	   0.0000000000000000e+00	   4.5024026942135636e-01	   5.3312068621162689e-01	   6.2283261485404284e-01	   5.1217625732211780e-01	   6.4979577486380169e-01	   5.0216595962532673e-01	   6.0877971944113607e-01	   7.1221349943524803e-01	   6.4723456764441134e-01	   6.8247416366576363e-01	   7.4134333895961146e-01	   5.9178848967473707e-01	   6.8488820415370699e-01	   4.1321415868196126e-01	   5.4035608875044772e-01	   6.4887620586323080e-01	   7.6389897899464021e-01	   7.3880636123692400e-01	   4.1648230832843253e-01	   4.0268825292947863e-01	   3.4523682181887522e-01	  -3.8891171971466680e-02	   3.1667259013808668e-01	   2.1561764029347566e-01	   1.4573425238665838e-01	   3.5968828198090663e-01	  -3.2396715707624271e-02	  -3.5116577682003025e-01	  -3.3166075108531992e-02	  -2.9709372893633745e-01	  -2.4379433943983886e-01	  -3.7682872484820323e-01	  -2.0094973761726359e-01	  -7.9202952041177777e-02	   1.8417247167943834e-01	   2.8105362606555379e-01	   1.1627482667783490e-02	   3.0014108894901603e-01	   6.4288890852730818e-02	   2.5566068295278782e-01	   2.3646174392967878e-01	   1.5112734627776330e-02	   1.7265169787042628e-01	   1.1460805482535988e-01	   1.6822424451349843e-01	   1.5212121006396953e-01	   2.6519100494877745e-01	   2.0714901201114028e-01	   3.7172306138051953e-01	   4.7368219688885277e-01	   1.9438983050735303e-01	   2.4649007494607650e-01	   1.4354916020492167e-01	   1.3828094565175769e-01	   3.2262071963625273e-02	   1.4016122032092806e-01	   4.5379553749602752e-01	   7.1592686370040037e-01	   2.4757779219233444e-01	   5.3940226994812401e-01	   1.9836989989718293e-01	   2.4023971208554792e-01	   2.2392766903982286e-01	   3.9498468910867701e-01	   5.9666612314102552e-01	   6.1418772759111084e-01	   6.4388012259886129e-01	   6.5553549053701543e-01	   5.4993872133441568e-01	   7.4113708942437806e-01	   2.4439811564194097e-01	   2.1550771206283725e-01	   8.1459513995830457e-02	   5.3619014159809664e-01	
   7.4648810230792939e-01	   4.8602595557321582e-01	   4.4413063206142323e-01	   2.7517246736304873e-01	   1.8339601622761836e-01	   5.0184377276628722e-01	   5.1355573455135217e-01	   1.7630756020312506e-02	   2.4936632006808063e-01	   4.5581476199642229e-01	   6.6426102691325206e-01	   3.9151862881930100e-01	   6.0107031749820561e-01	   2.0707530311580138e-01	   5.9409300032214241e-01	   4.5024026942135636e-01	   0.0000000000000000e+00	   6.5112898167044175e-01	   5.9937661506517070e-01	   4.6288204867098703e-01	   4.3170475179755086e-01	   3.5679452889986218e-01	   4.3709666835413996e-01	   4.0803875318720462e-01	   3.3898926714355559e-01	   3.5924690125555753e-01	   4.5389654948310870e-01	   2.7168741992405832e-01	   5.5682793175595935e-01	  -1.0348233164039869e-01	   2.1169891654922168e-01	   2.6571872684759529e-01	   3.6161528708232882e-01	   4.3984432610594681e-01	   2.7525552201257497e-01	   2.8338563382904058e-01	   5.5036833443309874e-01	  -5.7280738851562832e-02	   3.4167074166380573e-01	   1.9315300821933074e-01	   1.4943819781563822e-01	   3.6867090115057499e-01	   8.8633448123593264e-02	  -9.8894969688187936e-02	   3.5941090740246234e-02	   8.2097153121331146e-02	   8.8685550673951757e-02	   1.9557190786894045e-02	  -1.4159720045492047e-01	   1.4075421438182015e-01	   1.0180165237180352e-01	   3.1226997534792582e-03	   1.1869956953287325e-01	   3.6855395627985132e-01	   8.2178829484433169e-02	   4.7187508280290247e-01	   7.1575666694836215e-01	   5.6389816082095845e-01	   3.1110948904223901e-01	   3.1617216263011466e-01	   4.8234991456105158e-01	   1.6946997517910278e-01	   4.3610129715287416e-01	   1.6092229118145276e-01	   3.6477372067196434e-01	   2.8788546489551037e-01	   1.4137175140059449e-01	   2.0025014492559451e-01	   4.0876497371277953e-01	   3.7695705480287583e-01	  -2.4141291983847979e-01	  -1.4626174778041681e-01	   3.5327034435467963e-01	   3.7908328456783708e-01	   2.4203817836862901e-01	   4.0951493551075430e-01	   2.8940130792715435e-01	   1.7647569804454635e-01	   6.5884902729845840e-01	   6.9969885719199532e-01	   8.4900065660463220e-01	   7.9716638587960864e-01	   7.4669567731528219e-01	   7.7099101757630439e-01	   6.8062324510031535e-01	   4.8260531317236466e-01	   4.6228173379516030e-01	   3.6959206379650189e-01	   1.2853194331166024e-01	   5.2657788855299459e-01	
