   0.0000000000000000e+00	  -5.0221251966596858e-01	   5.9194311806039679e-01	  -4.3334538634357800e-01	  -2.3060700558056618e-01	   3.3172289677118183e-01	   6.9124084457798463e-01	  -5.7319996410563101e-01	  -5.0153110645811227e-01	   6.5975395344956100e-01	   5.4345761345599741e-01	  -1.3062105445600142e-01	   2.1407841922740989e-01	  -3.2412649239797775e-01	  -4.2117098899482930e-01	   6.6953298042562481e-01	   2.5182596261593326e-01	  -1.7939866653120196e-01	   7.0691754190471590e-01	   3.1476293189722626e-01	   1.0866346819052443e-01	   1.5314383109969343e-01	   2.8503261553097226e-01	   5.6717960513934330e-02	  -6.8567518608831507e-02	   4.0611310860458405e-01	  -4.5042911727833410e-02	   5.9097230261805078e-01	   7.6745034776992649e-01	  -6.7212487556756328e-01	  -3.9101368428541818e-02	   2.5475254299248667e-01	   3.4063401124939896e-01	   3.7548524676336043e-01	   2.1005376472335335e-01	  -2.8752886818258078e-02	   5.8743582041400577e-01	  -5.7205699007191935e-01	  -1.3382854205837721e-01	  -2.2268867560277295e-01	   6.2270843001470044e-01	  -1.8437905417051648e-01	   7.8511106286347790e-02	   7.3784072038981185e-02	  -8.8541978374121283e-02	   7.5017387224580864e-03	  -6.8045361777309313e-02	   1.1088802863526653e-01	  -1.6343116185028211e-01	   1.7342589447358847e-01	  -7.8639510172136856e-02	   3.4163076807773440e-01	  -2.2647347077026142e-01	   2.8229923927809680e-01	  -5.8960724703395251e-01	   6.6428168600926163e-01	   9.3588461516200738e-01	  -3.2608617633920400e-01	   4.6375403039129603e-01	  -1.9382673449361285e-01	   7.0720079992555585e-01	  -2.8653354740650194e-01	   1.1147590210617517e-01	  -7.0789023412689583e-02	   6.5869116507402792e-02	   4.0056386835806750e-02	   1.5554482795513749e-01	   2.1441871634206411e-01	   3.7426576038364423e-01	   2.4579193786559014e-01	  -5.1221495281649976e-01	   3.8228864646953520e-01	   4.5840940935609165e-01	   2.6960875105924050e-02	  -2.8876190975809785e-01	   5.7800593365066988e-01	  -2.6947525711356701e-01	   4.9532061807356531e-01	   5.5453051849641788e-01	  -4.9416894323532151e-01	   1.8151592053172491e-01	   5.5886342557344371e-02	  -4.4346932481854506e-01	   1.1864977446507569e-01	  -5.4578974911382172e-01	   3.5151646886999960e-01	   1.8762498433428532e-01	   5.9560806897819241e-01	  -6.6956569140005295e-01	   7.5403054975373141e-01	
  -5.0221251966596858e-01	   0.0000000000000000e+00	  -7.8408728835906161e-01	   2.8542712941709469e-01	   5.1409850003958024e-01	   7.8574182259569594e-02	  -7.7301166508981423e-01	   7.0375567871972400e-01	   7.1998028612369969e-01	  -5.6305689757969068e-01	  -6.1048405174541487e-01	   4.1294420771672646e-01	  -1.7592125529653724e-01	   2.9921501135476503e-01	   7.6498126923646603e-01	  -5.9719275261584337e-01	   1.8618157094386431e-01	   3.8589893001870657e-01	  -2.3290678270474979e-01	   1.3623559847604594e-01	   1.0394983979140840e-01	   9.4167651313471434e-02	  -5.7148222764660939e-01	  -4.3326171049094836e-01	  -2.2871061657820208e-01	  -5.4082959283998866e-01	   5.0876466081048155e-01	  -1.3186907210707749e-01	  -7.7774058215449071e-01	   7.2928665077249921e-01	   2.9178734825458119e-01	  -2.3110495500049466e-01	  -3.1251360488120855e-02	   2.7512505892404088e-02	  -2.2607702578397021e-01	  -7.0354358819600504e-02	  -6.6711658334537183e-01	   5.5426662728065712e-01	   5.6956588184188273e-01	   1.5111328054109230e-01	  -3.8998049804655111e-01	   3.5175479923976460e-01	  -1.1265802899279467e-01	  -1.7193923400913830e-01	   7.1649765665206699e-02	  -4.3404040566064783e-02	  -3.7859168632324459e-03	  -2.7665002151822016e-01	   1.5081216282175230e-01	  -2.9047478019645312e-01	   1.0437374107856706e-01	  -4.5549887418082913e-01	   2.2224351782437840e-01	  -3.1707543829753720e-01	   7.8146651704266312e-01	  -6.2257372843866832e-01	  -4.1642950833776388e-01	   9.2368500000665155e-01	   2.3175839462638159e-01	   6.9342478571305022e-01	  -2.3390010185226295e-01	   5.5061350901571404e-01	   1.2081413852356010e-01	   3.2555251835145121e-01	  -9.3269804905032339e-02	   3.3159582195278293e-02	   3.3396381125974234e-01	   1.5210551114856402e-01	   4.3488657254013230e-01	   5.2596582116297563e-01	   7.0173550762379988e-01	  -4.4810662434513865e-01	  -2.7599092836739841e-01	   4.2587864602971828e-02	   5.9880823201021438e-01	  -5.1718232822358079e-01	   3.7475874004355197e-01	  -4.7433734125011151e-01	  -5.7758451502351726e-01	   6.5556405473601409e-01	  -3.3429079809879324e-02	   9.8308993864861374e-02	   7.5515150624812344e-01	   2.6487487771639950e-02	   7.7676571975889486e-01	  -4.1043763185426996e-01	   3.6182926710245322e-01	  -5.8535166201500750e-03	   8.7987829387554739e-01	  -7.2697832727894818e-01	
   5.9194311806039679e-01	  -7.8408728835906161e-01	   0.0000000000000000e+00	   1.3090731591261875e-01	  -4.1673899298598160e-01	   1.8028698324763406e-01	   9.7347305861586286e-01	  -3.5570882064106502e-01	  -6.6580542412122434e-01	   7.9748170331240242e-01	   8.1840391814888380e-01	   2.7951034699970005e-02	   4.0999709533507955e-01	   8.8533219811438219e-02	  -6.5483414685676378e-01	   7.1922691991946119e-01	  -1.7600440977798204e-01	  -1.9968531391595962e-01	   5.9083225869878908e-01	   3.4890379638224978e-01	  -1.2671918870861298e-01	   1.8421197150564162e-02	   8.9555222102536181e-01	   7.0225816145473130e-01	   4.4647328248544615e-01	   7.3425658493859580e-01	  -4.5661826553238649e-01	   1.3109259867215892e-01	   7.8235536777432846e-01	  -5.3794059358097956e-01	  -2.3817292124907896e-01	   3.7195826033616136e-01	   4.2707800712448585e-01	   3.8235476734626905e-01	   4.4267829480149018e-01	   2.7159404769500278e-01	   5.6203714105503255e-01	  -4.9250899437410933e-01	  -4.4193519000556780e-01	  -1.1083531750381959e-01	   6.2938227256174173e-01	  -1.1520653328594740e-01	   3.6553837792764110e-01	   3.0255898687058447e-01	   2.0102169942310699e-01	   2.1110973789728765e-01	   2.6557746340380228e-01	   4.2481777771102935e-01	   1.0678131406526239e-01	   5.3491713705036825e-01	   9.7109064505854603e-02	   7.1031348847312414e-01	  -4.9695655014543233e-02	   4.5350750807426859e-01	  -6.8344805512171303e-01	   7.2663875980664372e-01	   4.7889049492802371e-01	  -7.3183873512401409e-01	  -2.0360632836178308e-01	  -6.6907702130751923e-01	   3.3524345280164114e-01	  -3.8870219426309138e-01	  -4.7453692336601939e-02	  -1.7470626480351435e-02	   2.0033369927059919e-01	   2.0943657151631720e-01	  -1.1016995758956850e-01	   8.2934670142100694e-02	  -3.2475396778812216e-01	  -3.8388632060390782e-01	  -5.3351925713477832e-01	   6.9922272387074880e-01	   3.4898040808614517e-01	   8.9157137466184255e-02	  -4.9517413683298278e-01	   6.8989348069249212e-01	  -1.5839978821523792e-01	   7.0160811416851054e-01	   6.0488325774894958e-01	  -5.2663402830376127e-01	   7.1373791170394094e-02	   2.7448439113444223e-01	  -7.3051278452881530e-01	   2.6005970237504794e-01	  -7.3760821137909738e-01	   5.3313482557244840e-01	  -1.1883339366040691e-01	   2.7825372652962793e-01	  -8.5019498390574533e-01	   8.3248075446379011e-01	
  -4.3334538634357800e-01	   2.8542712941709469e-01	   1.3090731591261875e-01	   0.0000000000000000e+00	   1.4585430268177574e-01	  -4.9737503915887507e-02	   1.9171089219057122e-02	   7.8084039832703411e-01	   2.8016105373637784e-01	  -2.4985351842266582e-02	   6.4002519027894764e-02	   4.6785115969194768e-01	   1.9214986605525991e-01	   7.0771075095403890e-01	   2.8186850384312401e-01	  -1.5878630212831585e-01	  -1.4604723092601671e-01	   5.3026033624658603e-02	  -3.9851373199026093e-03	   3.7786675580851625e-01	  -7.2401340103582706e-02	   2.6850972830359650e-02	   4.7389678556784975e-01	   6.3663820074328514e-01	   4.3541525189590752e-01	   1.4822776894826123e-01	  -1.4858654097154919e-01	  -4.3012284214807373e-01	  -2.4876272637650632e-01	   4.6787113682388859e-01	   1.2945047898053846e-01	   2.5142212204167980e-01	   2.6609851760055386e-01	   2.0051747979873213e-01	   2.6399768321779299e-01	   3.3475237613998771e-01	  -3.5634529818444738e-01	   3.5119030304636378e-01	   5.9042214058976389e-02	   2.0474059335449724e-01	  -7.9547348883380248e-02	   3.0321470231886299e-01	   3.8011819208945741e-01	   2.2509459772163462e-01	   4.6489842151342919e-01	   2.7681889371468582e-01	   4.8041933085787775e-01	   2.5189688169787589e-01	   5.0203227581268983e-01	   3.1518720928669258e-01	   4.5770247430023947e-01	   2.5484029489213533e-01	   5.5102924329465286e-01	   1.2248241779132341e-01	   3.6449870425218522e-01	  -1.6163945486264153e-01	  -4.5528607686043282e-01	   7.7524385759390552e-02	  -3.8643371042270946e-01	  -1.3122033170570313e-01	  -2.7349452091055670e-01	   1.2892578960114259e-01	   6.7665825017662537e-02	   1.7663427597467257e-01	   1.7421291735788264e-01	   2.0053706269761795e-01	   2.8093505318626821e-02	   3.1470886483468401e-02	  -3.2226324227553016e-01	  -2.7605690479291456e-01	   3.9767603961681564e-01	   1.5148280979940484e-01	  -1.1649772038033981e-01	   6.1336381565035236e-02	   1.4292903821102337e-01	  -8.8059288693010329e-02	   3.9063272623177570e-01	   5.6169665258621174e-02	  -1.8942940394079083e-01	   2.9199564987985627e-01	   3.2156103534697875e-02	   3.5153059898894246e-01	   5.5785324809464375e-02	   6.0678363493445076e-02	   2.7031504036721987e-01	   3.8717317077682193e-03	  -9.1457700107495044e-02	  -2.0175571937804593e-01	   2.9970922969688740e-01	  -2.0665744659435473e-01	
  -2.3060700558056618e-01	   5.1409850003958024e-01	  -4.1673899298598160e-01	   1.4585430268177574e-01	   0.0000000000000000e+00	   2.4918641063646593e-01	  -3.7961629957969945e-01	   3.6421982914937323e-01	   6.8106299087981215e-01	  -2.8634626553980630e-01	  -2.2272099702741741e-01	   3.2427482706572808e-02	   1.1672191825489722e-01	   9.2052667350043499e-02	   6.5681251093508908e-01	  -3.7114003800788592e-01	   3.1541209147100369e-01	   7.4118797471045911e-02	  -1.8323723588649424e-01	  -3.9896436609896914e-04	   9.2040919527633325e-02	  -1.0499327139850408e-02	  -2.9999969201757681e-01	  -1.5598588577186701e-01	   1.7051515443121684e-01	  -1.5097254201452237e-01	   6.0446967767107240e-01	   1.3543131869592576e-01	  -3.8665511204308001e-01	   2.8268806371654542e-01	   1.6949271636513888e-01	  -1.4918571327926322e-01	  -1.0298763650079693e-01	  -6.4503401779970909e-02	  -1.6338852333729843e-02	   2.7122786076433217e-02	  -4.1978714855815907e-01	   2.7633151671365769e-01	   5.0825946856889348e-01	   1.0680141867677570e-01	  -2.6385181619972481e-01	   2.5220926286649831e-01	   1.0754252191743712e-02	  -2.6156561708461305e-02	   1.6188102351751316e-01	   6.1324074228905547e-02	   2.5020708309400584e-02	  -1.4633494148388615e-01	   1.7424554357669758e-01	  -1.0302880186596932e-03	   1.5034852389700842e-01	  -1.2097323701069379e-01	   2.2349156460273686e-01	  -1.7425428320556857e-01	   4.7865305640309341e-01	  -4.2594872995828126e-01	  -1.8658893940284443e-01	   4.6587488142701317e-01	   1.8358246027926062e-01	   3.4457255206111848e-01	  -7.4139374017539172e-02	   2.0371938025142375e-01	   1.6474197678927954e-01	   8.1617732713746061e-02	   1.4385118338009070e-01	   3.1992579248628791e-02	   3.3045423368718535e-01	   1.6227014105498971e-01	   1.9341226761795127e-01	   2.2911079597936718e-01	   4.6777070132228538e-01	  -3.3768215632645548e-01	  -1.6407884232297158e-02	  -1.7296525799878959e-01	   3.4773194604425289e-01	  -4.5103625570612682e-01	   1.9584082890334081e-01	  -3.6983857971540018e-01	  -2.7037178766295328e-01	   2.6508469075401581e-01	   1.9595083875308367e-02	   8.0332131282710967e-02	   4.1890727609781886e-01	  -6.6437414795566002e-02	   5.4790169477855888e-01	  -2.6456529267923490e-01	   1.6402784180158247e-01	   6.1591141642549349e-02	   5.7812373238834591e-01	  -4.5943848996649295e-01	
   3.3172289677118183e-01	   7.8574182259569594e-02	   1.8028698324763406e-01	  -4.9737503915887507e-02	   2.4918641063646593e-01	   0.0000000000000000e+00	   1.9644071619666165e-01	  -3.6807853524630813e-02	  -7.4426360551337833e-02	   4.1544279312028665e-01	   9.3484975235647472e-02	   2.3646444717657475e-01	   3.9492542205357931e-02	   6.8512560842281273e-02	  -6.8719173451825183e-02	   3.2244185984814877e-01	  -9.8258116630738315e-02	   2.6640235232566312e-01	   4.6614504084545616e-01	   3.5356298109560136e-01	   3.9262204099186584e-02	   6.9471187156600764e-02	   1.2506626409952432e-01	   7.7654203682579206e-02	   9.4324733664758020e-02	   4.4531818360835462e-01	   5.2824116558705658e-01	   5.4276111426475770e-01	   4.8593701874704853e-02	  -8.6784897575083675e-02	  -1.1076662707629678e-02	   1.5080157385541698e-01	   3.1352231381216134e-01	   3.8964412774068541e-01	   2.7763743241246874e-01	   2.4654809707129963e-01	  -1.5873097411536700e-02	  -1.0173981587095254e-01	  -3.7900319434167488e-02	  -6.5107265700258779e-02	   2.8663720841331164e-01	  -3.9252528014056813e-02	   2.0343656815891359e-01	   2.2570932578464223e-01	   1.4635974625404047e-01	   2.1446815866643043e-01	   3.5380940781219741e-02	   1.7202407803507536e-01	   1.2438157667001083e-01	   2.5632961396222409e-01	   6.8294008035489169e-03	   3.6245780917357850e-01	  -2.4843372520160617e-01	   2.8585255069175119e-01	  -1.8185501009543467e-01	   3.3854049831438238e-01	   2.9715340576362137e-01	   2.0105852834294341e-01	   3.2876620123778183e-01	   2.1899934410685656e-01	   2.0840146944475307e-01	   1.7758248948960878e-01	  -1.1150452766532479e-01	   2.9246224855060010e-01	   3.2730017975012328e-02	   3.8696433158019938e-01	   4.6598515663971207e-01	   5.6135044756215979e-01	   4.5495107929061418e-01	   5.4443343204103190e-01	  -6.6954409860781883e-02	   2.1319512720684536e-01	   1.7825870567216762e-01	   2.8065750021873376e-01	   5.6285324306615592e-02	   3.1506593412157147e-01	  -8.1689939947364065e-02	   2.5232941266622910e-01	   4.4636158947374424e-02	  -2.1729801572291214e-02	  -1.4688921789511938e-01	   2.6703696226959922e-01	   1.2672845993485981e-03	   2.9335586173395078e-01	  -2.3227274136795573e-01	   3.5394063733105019e-01	   2.6196926807663978e-01	   5.6998641028260910e-01	  -1.7162525051311409e-01	   3.4656096767433747e-01	
   6.9124084457798463e-01	  -7.7301166508981423e-01	   9.7347305861586286e-01	   1.9171089219057122e-02	  -3.7961629957969945e-01	   1.9644071619666165e-01	   0.0000000000000000e+00	  -4.2014092785745238e-01	  -6.3661440087325305e-01	   8.2905544000485354e-01	   8.1134361143658396e-01	  -9.8672766986589271e-03	   4.3541110264479532e-01	   6.1255721878821141e-04	  -6.2973854728054945e-01	   7.5674864515211138e-01	  -1.1925343704097241e-01	  -2.2785613071472349e-01	   6.3884949901807087e-01	   3.5336338897696684e-01	  -1.1167833774929325e-01	   3.8179379005406827e-02	   8.2594933620870159e-01	   6.1133071613999013e-01	   3.7691373785320975e-01	   7.0248182942617132e-01	  -4.3366094652887044e-01	   2.1126639978778738e-01	   8.2644990332522728e-01	  -5.9348670538923209e-01	  -1.9331326320729228e-01	   3.8354843524796584e-01	   4.4412719962404201e-01	   4.1026012806462991e-01	   4.0106845228981169e-01	   2.0634388843781581e-01	   6.2034657946834415e-01	  -4.9518058822675082e-01	  -3.5956295435314256e-01	  -8.6707596004911486e-02	   6.8706193401507143e-01	  -1.0508306335074502e-01	   3.6097880523088377e-01	   3.0523034367036811e-01	   1.9263492337346583e-01	   2.1615223753024299e-01	   2.4850359420154566e-01	   4.2011480821998431e-01	   6.6505848060196271e-02	   5.0132603548667087e-01	   7.2201424559438926e-02	   6.9647585247016741e-01	  -8.6690231487067643e-02	   4.7036451016575398e-01	  -6.9741182161943394e-01	   7.6486713355119462e-01	   5.7379985640017162e-01	  -6.9784207019164834e-01	  -1.1075574032415036e-01	  -6.1968784974650770e-01	   3.9624576391972399e-01	  -3.9433982143705520e-01	  -4.3551456058176147e-02	  -3.7049110737644463e-02	   1.6251484479491760e-01	   1.8830675154509066e-01	  -6.4654281750864351e-02	   1.0614701089938111e-01	  -2.1328761674434221e-01	  -3.0455111039068528e-01	  -5.3959945701449064e-01	   6.7934866174172259e-01	   4.1226171412525092e-01	   1.0688347507988513e-01	  -4.7540772789315139e-01	   7.2324447310659012e-01	  -1.6465514892403693e-01	   7.0880489966305804e-01	   6.1417081834962528e-01	  -5.5579787086719379e-01	   1.3232446206827778e-01	   2.6118063895432503e-01	  -7.0433983762327679e-01	   2.2772835078367520e-01	  -7.4115128457975676e-01	   5.5755579784408904e-01	  -1.1476163760730351e-02	   3.5386596815298027e-01	  -8.6285910707688707e-01	   8.6722977825255843e-01	
  -5.7319996410563101e-01	   7.0375567871972400e-01	  -3.5570882064106502e-01	   7.8084039832703411e-01	   3.6421982914937323e-01	  -3.6807853524630813e-02	  -4.2014092785745238e-01	   0.0000000000000000e+00	   6.2312967078237236e-01	  -3.0173603972217616e-01	  -2.8445020300982093e-01	   5.7258581221777749e-01	   1.2711123845906899e-01	   7.0262231520543217e-01	   6.4110986799126790e-01	  -4.5052744409021417e-01	   1.1671119704354332e-02	   1.7392290667527019e-01	  -1.2928557773543914e-01	   2.7063990130226795e-01	  -1.1933769181216422e-02	   7.8050015499404990e-02	   3.6415759027919386e-03	   1.9041475682743847e-01	   1.8560259479135449e-01	  -2.3349406559406860e-01	   1.2714650502827285e-01	  -4.0198193198753168e-01	  -5.9744464952080878e-01	   6.8846125387920298e-01	   3.2288755696900517e-01	   6.4313484402169663e-02	   1.4653211500456517e-01	   1.2212060994457034e-01	  -4.2456206310365743e-02	   1.2350805217024749e-01	  -5.4580410612954422e-01	   5.3539667301636507e-01	   4.1002141728839314e-01	   2.1266428109000152e-01	  -2.1888201361852316e-01	   4.7229069655504657e-01	   1.4829084512471755e-01	   7.8418200164570451e-03	   2.6750521556265600e-01	   5.6834777860773102e-02	   3.0010628578254228e-01	   1.0124107933957927e-02	   3.9261496224048675e-01	   2.6326625997729232e-02	   4.2500419688421259e-01	  -1.2207302245870139e-01	   6.1158230790156831e-01	  -5.1752715892845386e-02	   6.8219541712062981e-01	  -4.4812099952129791e-01	  -5.4461590786807346e-01	   4.9295681386504381e-01	  -1.2996386350413899e-01	   2.5775228265063249e-01	  -2.4829049898345046e-01	   3.4361014974066512e-01	   1.9781852189696153e-01	   2.5555182138843746e-01	  -7.8081176607659210e-03	   5.1819431061610639e-02	   9.5494305201862362e-02	   8.9365674473202913e-03	  -4.9485857841330888e-02	   5.6317840446719475e-02	   7.3694265686230720e-01	  -1.1179856354825013e-01	  -1.2041473839397487e-01	   9.1361430302279695e-02	   4.5062281524671116e-01	  -3.5458045673095928e-01	   5.2501698438489730e-01	  -2.2150795332031120e-01	  -4.9760744285951064e-01	   4.9552151773558328e-01	   5.3772190533268524e-02	   2.1182892413190779e-01	   4.2555166532841904e-01	  -8.6191144817166550e-03	   6.1676376906232788e-01	  -3.2118897675890951e-01	   9.2765568308073712e-02	  -1.5806686339761053e-01	   6.9395609419191873e-01	  -5.3259901140949895e-01	
  -5.0153110645811227e-01	   7.1998028612369969e-01	  -6.6580542412122434e-01	   2.8016105373637784e-01	   6.8106299087981215e-01	  -7.4426360551337833e-02	  -6.3661440087325305e-01	   6.2312967078237236e-01	   0.0000000000000000e+00	  -4.8362632867977495e-01	  -4.6905452226840294e-01	  -2.6938859276137588e-02	   1.1121780177901580e-01	   1.6214130873592350e-01	   8.7184944958790944e-01	  -5.7602454698908023e-01	   2.8452040408939705e-01	  -5.1921764102414211e-02	  -3.4916133699080509e-01	  -2.6297210773389493e-02	   1.6997485003452678e-01	   9.5725771135381291e-02	  -4.8371723516538351e-01	  -2.7021609265303698e-01	  -7.7119599914021522e-02	  -4.9069126000610935e-01	   4.1272835987122763e-01	  -3.0309758526796127e-02	  -6.1665676529436431e-01	   4.3288933736205815e-01	   5.2224770682812638e-01	   1.4834213515246386e-02	  -8.1643961921311126e-02	  -1.1536515611101372e-01	  -2.2991044390081933e-01	  -1.4753728839904814e-01	  -6.2005526198627570e-01	   4.8346602281402484e-01	   5.7600431541806363e-01	   2.7568006526165789e-01	  -4.8853744393551157e-01	   1.7350109978168032e-01	   3.2548902679783423e-04	  -9.7179446424610107e-03	   1.6619620288849674e-01	  -4.8341786240721274e-04	   1.0524658405456107e-01	  -1.3148397006131407e-01	   2.0687450615937358e-01	  -1.0033704371892849e-01	   2.1243660302209949e-01	  -3.4371339522078431e-01	   4.2410032644005047e-01	  -1.8073514837453492e-01	   8.1705629088757925e-01	  -5.5543912252009686e-01	  -3.9060689219512096e-01	   6.1397582931963479e-01	   2.0207541941713544e-01	   5.1723934607908639e-01	  -1.4234576258182183e-01	   3.2971841418006947e-01	   2.1373281450387327e-01	   1.4528726152302570e-02	  -2.9044262552769672e-02	  -1.0796942576404434e-01	   2.7212854944143805e-01	   6.5486045933325909e-02	   2.4576440131764388e-01	   2.7361696480133524e-01	   6.9526273870587352e-01	  -5.2654526883640629e-01	  -1.0152664428454775e-01	  -1.3829673595274328e-01	   6.2242003475177865e-01	  -5.6127174380024702e-01	   3.8632091753041753e-01	  -5.0137611357185352e-01	  -5.0244729168210756e-01	   3.7368847882747414e-01	   9.0713546442098246e-03	  -9.1811137871410611e-02	   6.7325713493599748e-01	  -2.1267851642347005e-01	   7.2465921238576347e-01	  -5.3022998546832067e-01	   1.7967955616956366e-01	  -2.2514912752635255e-01	   8.4691222064424121e-01	  -7.3071741354816089e-01	
   6.5975395344956100e-01	  -5.6305689757969068e-01	   7.9748170331240242e-01	  -2.4985351842266582e-02	  -2.8634626553980630e-01	   4.1544279312028665e-01	   8.2905544000485354e-01	  -3.0173603972217616e-01	  -4.8362632867977495e-01	   0.0000000000000000e+00	   6.5815341488358814e-01	   1.1123400691959318e-01	   4.0728995732470730e-01	   1.6274673330373901e-01	  -5.0618270399567833e-01	   8.2790404536062245e-01	  -1.9451330143630530e-01	  -1.0576250493495215e-01	   7.0616555646445145e-01	   3.9954292576305916e-01	   2.7066507008918793e-02	   2.5294654844851305e-01	   6.3483491557294691e-01	   4.4308017262802213e-01	   3.3844916724325069e-01	   7.2123060917814197e-01	  -2.2243717545820130e-01	   4.0935736583395776e-01	   6.7769554120010433e-01	  -4.8775394011738166e-01	  -1.3688939433602922e-02	   4.4815160021700562e-01	   4.4628518093492847e-01	   4.8308061416532316e-01	   2.2597786199476769e-01	   5.7009523923322286e-02	   5.3090892086080121e-01	  -4.1047610939359069e-01	  -2.4380249678390187e-01	   3.4844133383507774e-02	   6.6624938906707853e-01	  -4.4581642014858605e-02	   2.5234146252404432e-01	   2.3477567421901066e-01	   7.7774583437269604e-02	   1.3217870699977413e-01	   9.6351902941107473e-02	   3.4709520001616595e-01	  -7.3808583251734495e-03	   4.4599452047052973e-01	   1.3971696378620595e-02	   6.3399491512918749e-01	  -1.0463579849431866e-01	   5.4024060988568723e-01	  -6.0702435868007754e-01	   7.8196445577514062e-01	   5.6785768518224367e-01	  -4.2996293914829742e-01	   9.5574921182315142e-02	  -3.5418125433606729e-01	   4.6579218809455991e-01	  -2.4580898802171386e-01	  -1.4015495122646635e-01	   7.0609075178767647e-02	  -3.3311217929592088e-02	   2.2371532105861866e-01	   5.2457980341672171e-02	   2.0373862875211457e-01	   5.0511600554578123e-02	   1.1701106517975263e-02	  -3.7520109572912741e-01	   7.3616994677394443e-01	   4.3333433217395145e-01	   3.1642149696567667e-01	  -3.0104470460410820e-01	   7.7801263964978251e-01	  -1.3017889011827688e-01	   6.9806615153710705e-01	   4.4378088006125271e-01	  -4.6354953834530876e-01	  -5.8431835250175479e-02	   2.1423171509514205e-01	  -5.9354981706661269e-01	   2.4754318031904354e-01	  -7.3310498892116838e-01	   4.5529617492088736e-01	   8.2865041370128428e-02	   4.2296524219770804e-01	  -7.5065411099071888e-01	   8.2901030079335092e-01	
   5.4345761345599741e-01	  -6.1048405174541487e-01	   8.1840391814888380e-01	   6.4002519027894764e-02	  -2.2272099702741741e-01	   9.3484975235647472e-02	   8.1134361143658396e-01	  -2.8445020300982093e-01	  -4.6905452226840294e-01	   6.5815341488358814e-01	   0.0000000000000000e+00	   6.0061815554496217e-02	   7.2811142647422544e-01	   1.6990190220211643e-01	  -3.5966596098821341e-01	   4.9504209357465900e-01	   2.4412679708028046e-01	  -8.3759438368967043e-02	   6.3148943595022444e-01	   4.5065791313726955e-01	  -1.4839251235100032e-01	   2.1537732312383262e-02	   7.2217039726976218e-01	   4.9454321287451042e-01	   3.8953139836407197e-01	   4.6016728879604618e-01	  -3.3553900079112153e-01	   9.6476558829605458e-02	   7.7553659088086213e-01	  -4.5134871797025822e-01	  -2.8784123063777561e-01	   1.1071009806148338e-01	   4.1118461800504258e-01	   3.5707880054493518e-01	   3.6554390431280315e-01	   1.7313208956511750e-01	   5.0901851729773329e-01	  -5.2409560961183710e-01	  -8.9069780217559541e-02	  -2.2633918623110108e-01	   6.2053991154322952e-01	  -8.2485921845689536e-02	   3.5713175168333006e-01	   1.9128993143130685e-01	   2.6937798118264145e-01	   1.1866372551197310e-01	   3.3657855760540212e-01	   3.3167044172629928e-01	   1.9782651742628565e-01	   4.4126144036482362e-01	   2.0256477676463785e-01	   5.5718374209489441e-01	   5.5100889593169715e-02	   2.7420917108255571e-01	  -4.4029792504506526e-01	   5.1925485820927497e-01	   5.3857749231063901e-01	  -5.7896650874624789e-01	  -1.2266392678756091e-01	  -5.9090701964111603e-01	   4.2863212968115982e-01	  -3.3438614986962711e-01	   2.7861221706730221e-01	   1.6548531859753746e-02	   3.5301284676273942e-01	   8.4824934460852180e-02	  -5.5049027192354216e-02	   1.2987390870461080e-02	  -2.1983513227025397e-01	  -3.0604315656367587e-01	  -3.0808732994247950e-01	   5.8690656089342019e-01	   5.5588707423406469e-01	   7.8008899602701864e-03	  -1.9117972397727734e-01	   5.4724139724378662e-01	   5.8583390849418812e-02	   5.8324649923691152e-01	   6.8171445586233248e-01	  -4.4004938138996169e-01	   2.9690281672309404e-01	   2.6958661122104244e-01	  -5.5621774004884061e-01	   4.4257436126020877e-01	  -4.7244938479380288e-01	   2.6123745834306206e-01	   5.0924330630451362e-02	   3.0411270566825582e-01	  -6.3378745897962330e-01	   5.9792513899138444e-01	
  -1.3062105445600142e-01	   4.1294420771672646e-01	   2.7951034699970005e-02	   4.6785115969194768e-01	   3.2427482706572808e-02	   2.3646444717657475e-01	  -9.8672766986589271e-03	   5.7258581221777749e-01	  -2.6938859276137588e-02	   1.1123400691959318e-01	   6.0061815554496217e-02	   0.0000000000000000e+00	   1.0002142777688582e-01	   7.5666696063201389e-01	   9.2681148658037102e-02	   9.0775211889677382e-02	  -1.3667286565133652e-01	   6.4700648778129732e-01	   2.9358182893077656e-01	   4.0934987764740921e-01	  -1.7462149509330914e-02	   2.2820038210664861e-01	   2.3305161111519340e-01	   2.0024007741455860e-01	   2.0344235860531143e-01	   1.1672524985866356e-01	   2.6596983981717955e-02	  -2.3792600566103966e-01	  -2.0286727093746448e-01	   6.5233641816374821e-01	   3.2942462610877243e-02	   1.4742603910053453e-02	   2.7206170170086275e-01	   3.5947420551158715e-01	   1.4925614787775487e-02	   1.4028634538572105e-01	  -1.6431705189055307e-01	   2.6392974569406369e-01	   1.2318893692351096e-01	  -9.5461637764480620e-03	   2.4902759406175770e-01	   5.6648605336055302e-01	   2.4196370446216420e-03	  -1.5744703529134957e-01	   6.9344889774374183e-02	  -8.9438551592296606e-02	   5.2381836097905310e-02	  -8.2029244237937338e-02	   6.9621059052308920e-02	  -4.2536157536164410e-02	   5.6651783474311684e-02	   3.8852079519492580e-03	   7.5581246949249267e-02	  -1.1330127209379794e-02	   7.4419150267035855e-02	  -7.9331642011661735e-02	  -2.1967118906519179e-01	   3.6912867444388220e-01	  -1.8097608584842551e-01	   6.0112705483593043e-02	  -1.9424778204245857e-01	   2.8236028567362725e-01	  -7.5625770561140213e-02	   5.7289217227498346e-01	  -1.5828130338885721e-01	   1.7818551392268425e-01	   1.0522089392768511e-02	   7.2171196405543037e-02	  -7.8757500564447629e-03	   1.5032778746134601e-01	   4.3531735837390351e-01	   4.2375182521586929e-01	   3.9100088411445719e-03	   4.6626222055458344e-01	   1.3599544724093116e-01	   1.4966292611904530e-01	   2.7621612778173710e-01	   2.0340669360169722e-01	  -2.3700720239471612e-01	   2.9159046336521022e-01	  -6.1037579284813931e-02	   4.7338101025792984e-01	   4.4036013395280141e-02	   4.1107175788497885e-01	   8.6670414583554373e-02	   2.0245269746216099e-02	   2.7645892389076115e-01	   2.3129048972875418e-01	   1.3583823500568537e-01	  -4.2339808671920326e-03	
   2.1407841922740989e-01	  -1.7592125529653724e-01	   4.0999709533507955e-01	   1.9214986605525991e-01	   1.1672191825489722e-01	   3.9492542205357931e-02	   4.3541110264479532e-01	   1.2711123845906899e-01	   1.1121780177901580e-01	   4.0728995732470730e-01	   7.2811142647422544e-01	   1.0002142777688582e-01	   0.0000000000000000e+00	   3.1557184281002604e-01	   1.8579302177009541e-01	   1.1909062589357892e-01	   4.1165261336294567e-01	  -8.9796331025775028e-02	   4.4217862497377486e-01	   4.9634467053627412e-01	  -1.0609127819306230e-01	   5.6732040536679448e-02	   4.4501059667685489e-01	   2.9143010724192531e-01	   3.3573658956407049e-01	   1.2633869626775271e-01	  -1.4845082522067926e-01	   2.0582379442575773e-02	   4.1955165234316538e-01	  -2.0721726060774437e-01	   7.9334549156560394e-02	   1.0185323667698108e-01	   4.5820688340896021e-01	   3.9044495603841856e-01	   1.9751822965567337e-01	   6.2069753839187336e-02	   2.0638572548177403e-01	  -2.2740765197586571e-01	   3.0699288521439216e-01	  -6.1131013736537149e-02	   3.5463789653551947e-01	   3.3943136654357086e-03	   4.0991320928763963e-01	   2.2421144542657176e-01	   4.1651500418016885e-01	   1.5533483474669535e-01	   4.6643776272308402e-01	   3.1366973527227171e-01	   4.0557435427021332e-01	   4.3739992676915895e-01	   4.5621625618053713e-01	   4.0386640726050171e-01	   3.7590786516337016e-01	   2.4749357876547590e-01	   9.8708782088538782e-02	   2.2394270213097012e-01	   2.8330721830997513e-01	  -2.1024830383721063e-01	   4.2114684508127741e-02	  -2.2881661825260122e-01	   4.3144886283892170e-01	  -3.7501486001940365e-02	   5.4231555434105783e-01	   9.6777065094804868e-02	   2.9945087623810829e-01	   7.5105008155137695e-02	   1.1460305934588307e-01	   4.4568317740561039e-02	  -6.1205732870038498e-02	  -1.2628215452681812e-01	   1.4945731036334825e-01	   2.4541608210275406e-01	   5.8443615137409688e-01	  -2.1887709562771078e-02	   2.0955712040229946e-01	   2.5159849017292196e-01	   3.8299949053338811e-01	   3.2026838117150724e-01	   3.6991053574184612e-01	  -2.5854148330401672e-01	   3.6056132725744666e-01	   2.0077323371317485e-01	  -1.1258963139844963e-01	   3.9745940803534263e-01	  -5.2502147172642719e-02	  -9.1423920946917647e-02	   2.3228928624412989e-01	   1.9716242279358298e-01	  -1.3176895376379624e-01	   1.5232652117956172e-01	
  -3.2412649239797775e-01	   2.9921501135476503e-01	   8.8533219811438219e-02	   7.0771075095403890e-01	   9.2052667350043499e-02	   6.8512560842281273e-02	   6.1255721878821141e-04	   7.0262231520543217e-01	   1.6214130873592350e-01	   1.6274673330373901e-01	   1.6990190220211643e-01	   7.5666696063201389e-01	   3.1557184281002604e-01	   0.0000000000000000e+00	   1.8042766967091783e-01	   5.0415308193013902e-02	  -1.0679305059451824e-01	   3.9145554982451758e-01	   2.0546225754693936e-01	   4.2157749578126014e-01	   7.4530928341626449e-03	   2.3487809488467304e-01	   3.5148340424882918e-01	   4.3132640835147129e-01	   3.9383590275486624e-01	   1.6314416987155189e-01	  -6.4685079345490837e-02	  -3.1548094033944696e-01	  -1.7377294189501818e-01	   5.5553402713242428e-01	   1.3880377192362667e-01	   2.1430708679022481e-01	   2.4872548937531086e-01	   2.9196474324314342e-01	   1.2206781751529207e-02	   1.4472315804711514e-01	  -2.5453244433674360e-01	   2.2553232369207030e-01	   1.1849451996545768e-01	   9.1506799293115018e-02	   7.8821792519768230e-02	   4.5968271374372754e-01	   1.3014352393654918e-01	  -3.4749909040625179e-02	   2.0995094202526515e-01	   9.6619559344231880e-03	   2.0371262179131197e-01	   5.7106121920726019e-02	   2.6319191930588848e-01	   1.4472631155909715e-01	   2.6910391911210019e-01	   1.2530382719519662e-01	   3.6619500835268776e-01	   1.2023623241673217e-01	   1.9305940170866709e-01	  -1.1032694205701404e-01	  -3.4856954780003557e-01	   1.9924589732724857e-01	  -2.9368643248836490e-01	  -4.2084385158420209e-02	  -1.9920765267571644e-01	   2.0114028077463042e-01	   5.1747600878950153e-02	   4.0031798517472417e-01	  -8.2202356692513051e-02	   1.3748015180346698e-01	  -7.2990739805426669e-02	  -2.1355470548616008e-02	  -2.2876953290723495e-01	  -6.9022688316167979e-02	   5.1628881519703951e-01	   4.2457614286865553e-01	   8.7055566124409622e-02	   3.4901631590574050e-01	   1.9505383670027462e-01	   6.5589597072026995e-02	   3.4365399341554981e-01	   1.4576638817986534e-01	  -1.5278204915524629e-01	   2.0518986348455542e-01	  -4.9112940032728633e-02	   3.1678070124837798e-01	  -4.3900009190371249e-03	   3.3575539039057289e-01	   9.9898979066948862e-02	  -1.2317529168396822e-01	   8.7174855403740731e-02	  -3.3139641482364993e-02	   1.8814284519907440e-01	  -9.6345715256026060e-02	
  -4.2117098899482930e-01	   7.6498126923646603e-01	  -6.5483414685676378e-01	   2.8186850384312401e-01	   6.5681251093508908e-01	  -6.8719173451825183e-02	  -6.2973854728054945e-01	   6.4110986799126790e-01	   8.7184944958790944e-01	  -5.0618270399567833e-01	  -3.5966596098821341e-01	   9.2681148658037102e-02	   1.8579302177009541e-01	   1.8042766967091783e-01	   0.0000000000000000e+00	  -5.8323166009120220e-01	   4.5212256300377074e-01	   6.7565891085761606e-03	  -2.3495531126860009e-01	   5.1533549073962501e-02	   1.8399483034760516e-01	   8.9771833817926555e-02	  -4.4230179544023651e-01	  -2.8597069018698518e-01	  -6.7122596568772730e-02	  -5.4762140552207539e-01	   4.7015729093354419e-01	  -7.6558540608264641e-02	  -5.3678522685627894e-01	   4.4716959743232343e-01	   4.2199404065758822e-01	  -1.2881436266130586e-01	  -8.8638148608486775e-02	  -1.2869547945854884e-01	  -1.9539155589831869e-01	  -1.4631358134157244e-01	  -5.1351394120861338e-01	   4.0114429931713225e-01	   6.8548890223166536e-01	   1.2739293256823564e-01	  -3.7189212851494169e-01	   2.0266838570388718e-01	  -1.6729067160732778e-02	  -1.0445262349121041e-01	   1.5834927334871762e-01	  -1.7364333680495548e-02	   1.1706902234986112e-01	  -1.9275524036490532e-01	   2.9464533783229807e-01	  -1.4519923820449834e-01	   3.2955686006791968e-01	  -3.5783677677575321e-01	   4.6605226720241894e-01	  -2.3191949390038580e-01	   8.4168491329411999e-01	  -5.9820138992527061e-01	  -3.0325914132401244e-01	   6.2350625354535505e-01	   2.4107797915898527e-01	   4.9973146481626729e-01	  -4.2021244488657364e-02	   3.0790728345841556e-01	   3.9940557369674129e-01	   2.3746482267607588e-02	   1.2918799552682544e-01	  -1.3150792891446725e-01	   2.6554788233636029e-01	  -2.8867254754477968e-02	   2.7596004759823300e-01	   2.7643041599653245e-01	   7.1617155782582209e-01	  -5.5019009182907008e-01	  -3.6818808721937046e-02	  -1.8805333762077031e-01	   6.2672813330223809e-01	  -5.9944407659352916e-01	   4.3064271471563487e-01	  -5.3090289382302214e-01	  -4.4604966840088989e-01	   3.7781239736254546e-01	   1.6720257566320779e-01	  -8.8771980182078797e-02	   7.3516354831635344e-01	  -4.1197015443990827e-02	   7.9498480361630830e-01	  -5.6515904363484060e-01	   3.4252908350933997e-01	  -4.6430435084288929e-02	   8.6776122021997426e-01	  -7.4724072989677626e-01	
   6.6953298042562481e-01	  -5.9719275261584337e-01	   7.1922691991946119e-01	  -1.5878630212831585e-01	  -3.7114003800788592e-01	   3.2244185984814877e-01	   7.5674864515211138e-01	  -4.5052744409021417e-01	  -5.7602454698908023e-01	   8.2790404536062245e-01	   4.9504209357465900e-01	   9.0775211889677382e-02	   1.1909062589357892e-01	   5.0415308193013902e-02	  -5.8323166009120220e-01	   0.0000000000000000e+00	  -2.5908591750317322e-01	  -5.5740387721665884e-03	   6.1699564096590320e-01	   1.5798164936060716e-01	   2.4716258597568838e-01	   3.9545239345916677e-01	   5.2318558592129061e-01	   3.3353062759804142e-01	   1.6295476837613793e-01	   6.5457261795351329e-01	  -1.4015610343043983e-01	   5.2052237926592249e-01	   6.7218691276326870e-01	  -4.1091510859020763e-01	   1.0479989580597208e-01	   5.8096516544619514e-01	   1.8745391675437476e-01	   2.4982463513590780e-01	   5.8265029007887985e-02	  -5.4942626806394161e-02	   5.1758693587986315e-01	  -4.2311874395467830e-01	  -4.4047379252437918e-01	  -7.3364057764176871e-02	   5.7094195573797057e-01	  -1.2211599579908989e-02	  -4.2413763849787109e-02	  -3.4635088738403305e-03	  -1.8082248677491158e-01	  -8.2192447357635146e-02	  -2.1000166243893281e-01	   9.6232054185731691e-02	  -3.4542669982542923e-01	   1.7789900457363797e-01	  -2.9501130200080589e-01	   3.8719195542796631e-01	  -3.4691671120373879e-01	   3.6776086115454099e-01	  -7.7855726193993036e-01	   7.0834049527873810e-01	   5.0535098692489555e-01	  -4.6237288811358435e-01	   3.1082509012485063e-03	  -4.0528123908175229e-01	   2.3051782956690117e-01	  -3.6971360931208963e-01	  -3.7559956696737823e-01	  -3.4230299349424440e-02	  -2.4152982530943384e-01	   3.4281676544846026e-02	  -1.4622319724695179e-01	   1.6856820332758021e-02	  -2.6126938183528977e-03	  -2.3138753201709384e-04	  -3.8132064394325071e-01	   7.4414459288133838e-01	   3.4698802884140639e-01	   4.2396495652855104e-01	  -3.8453405878456393e-01	   7.4696214039247089e-01	  -3.5305592302455735e-01	   6.2310991715940767e-01	   3.6871709460951485e-01	  -5.3023605464398582e-01	  -1.9357358043646516e-01	   9.6374989142333167e-02	  -5.9714438621104948e-01	   1.4264779900491009e-01	  -8.3380945758585900e-01	   4.3184471953302472e-01	   1.1060539863669106e-02	   3.6430700171142993e-01	  -8.0278331951099635e-01	   8.4524537216894335e-01	
   2.5182596261593326e-01	   1.8618157094386431e-01	  -1.7600440977798204e-01	  -1.4604723092601671e-01	   3.1541209147100369e-01	  -9.8258116630738315e-02	  -1.1925343704097241e-01	   1.1671119704354332e-02	   2.8452040408939705e-01	  -1.9451330143630530e-01	   2.4412679708028046e-01	  -1.3667286565133652e-01	   4.1165261336294567e-01	  -1.0679305059451824e-01	   4.5212256300377074e-01	  -2.5908591750317322e-01	   0.0000000000000000e+00	  -8.7725763942126417e-02	   1.3912195290962104e-01	   1.9803297412255788e-01	  -2.0233027214699922e-02	  -4.8830514655648749e-02	  -2.1035774053055142e-01	  -2.1333604185882618e-01	  -2.0402720018660433e-01	  -3.7787940516320451e-01	   1.4785915450124992e-01	   7.4196921404027227e-02	   2.2435015131667652e-01	  -9.1697965509887541e-02	   3.4465403505813105e-02	  -1.7424645243245637e-01	   6.3329411049438039e-02	   2.4346569058617658e-02	   6.1829876432409250e-04	  -1.2802132651172743e-01	  -1.2007730579546972e-02	  -2.4582465590076030e-01	   5.3029390512314156e-01	  -3.4261951387974249e-01	   2.3573785789134417e-02	  -4.3588741394056635e-02	   4.9484945462942520e-02	  -1.1632706790258390e-01	   1.0083589921649229e-01	  -8.8486926396539933e-02	   1.3462705329156469e-01	  -1.4900300126385166e-01	   2.0538867317932993e-01	  -1.1241152350001792e-01	   2.8411719075490882e-01	  -2.3382531671448642e-01	   2.7877246501490216e-01	  -2.6958136279536660e-01	   3.3604420916692834e-01	  -2.5579125065989300e-01	   4.0733662959575284e-01	   1.5716137030766250e-01	   3.1738543275564923e-01	   4.1220276942005321e-02	   3.6990515444526018e-01	  -1.5935521757874649e-01	   6.9403240999646121e-01	  -2.0498641221018554e-01	   3.7996300422787271e-01	  -3.2382240656895023e-01	   1.6470647909892000e-01	  -4.5396041095481302e-02	   2.9583500702581073e-01	   1.6713466642272071e-01	   1.9771021070265110e-01	  -3.0288675699882772e-01	   3.7251771413993523e-01	  -3.3472952402024347e-01	   3.7751966409584947e-01	  -2.7758057318833063e-01	   2.1394138398794932e-01	  -1.9116945185956494e-01	   3.9957532957117348e-01	   2.2656302834554845e-02	   6.1375877703447190e-01	  -1.0412742015314462e-01	   2.5290379284315639e-01	   1.0699284236469804e-01	   4.6015807005897091e-01	  -3.8248598094119896e-01	   2.9029684958510199e-01	   1.8693984639131139e-01	   2.8748037960275757e-01	  -2.8166360241190519e-01	
